"","Gender","Race","Year","pct","CrimeType","Arrested","Frisked","Searched","Weapon","HandCuff","PepperSpray","Firearm","Other","CEW","Instruction","Stopped"
"1","Male","Black",2006,1,"Assault",5,4,2,0,1,0,0,2,0,0,5
"2","Male","Hispanic",2006,1,"Assault",1,1,0,0,0,0,0,1,0,0,1
"3","Male","Asian",2007,1,"Assault",2,1,2,0,0,0,0,0,0,0,2
"4","Male","Black",2007,1,"Assault",8,8,7,0,4,0,2,5,0,0,8
"5","Male","Hispanic",2007,1,"Assault",3,2,2,0,0,0,0,0,0,0,3
"6","Female","White",2007,1,"Assault",1,1,0,0,1,0,0,0,0,0,1
"7","Male","White",2007,1,"Assault",1,1,0,0,0,0,0,0,0,0,1
"8","Female","Black",2008,1,"Assault",2,2,2,0,0,0,0,0,0,0,2
"9","Male","Black",2008,1,"Assault",6,6,4,0,1,0,0,2,0,0,6
"10","Female","Hispanic",2008,1,"Assault",1,1,1,0,1,0,0,0,0,0,1
"11","Unknown","Other",2008,1,"Assault",1,0,1,0,0,0,0,1,0,0,1
"12","Male","White",2008,1,"Assault",1,0,1,0,1,0,0,0,0,0,1
"13","Male","Hispanic",2009,1,"Assault",5,5,4,0,5,0,4,4,0,0,5
"14","Female","Other",2009,1,"Assault",1,1,0,0,0,0,0,1,0,0,1
"15","Male","Other",2009,1,"Assault",1,1,1,0,1,0,1,1,0,0,1
"16","Male","White",2009,1,"Assault",2,2,2,0,2,0,2,2,0,0,2
"17","Female","Asian",2010,1,"Assault",1,1,1,0,1,0,0,1,0,0,1
"18","Male","Asian",2010,1,"Assault",1,1,1,0,0,0,0,0,0,0,1
"19","Male","Black",2010,1,"Assault",2,2,1,0,1,0,0,1,0,0,2
"20","Male","Hispanic",2010,1,"Assault",2,2,2,0,1,0,0,1,0,0,2
"21","Male","Native",2010,1,"Assault",1,1,1,0,0,0,0,0,0,0,1
"22","Female","White",2010,1,"Assault",1,0,1,0,1,0,0,0,0,0,1
"23","Male","White",2010,1,"Assault",3,3,2,0,1,0,0,1,0,0,3
"24","Female","Hispanic",2005,5,"Assault",1,1,1,0,0,0,0,0,0,0,1
"25","Female","Asian",2006,5,"Assault",5,5,0,0,0,0,0,5,0,0,5
"26","Male","Asian",2006,5,"Assault",6,6,4,0,4,0,0,3,0,0,6
"27","Unknown","Asian",2006,5,"Assault",1,1,0,0,0,0,0,1,0,0,1
"28","Male","Black",2006,5,"Assault",6,4,2,0,3,0,0,4,0,0,6
"29","Male","Hispanic",2006,5,"Assault",6,6,5,0,3,0,0,4,0,0,6
"30","Male","Other",2006,5,"Assault",2,2,1,0,2,0,0,0,0,0,2
"31","Unknown","Other",2006,5,"Assault",1,0,0,0,0,0,0,0,0,0,1
"32","Female","White",2006,5,"Assault",1,0,0,0,0,0,0,0,0,0,1
"33","Male","White",2006,5,"Assault",5,3,2,0,3,0,0,3,0,0,5
"34","Male","Asian",2007,5,"Assault",7,5,7,0,6,0,0,2,0,0,7
"35","Male","Black",2007,5,"Assault",3,2,3,0,2,0,0,2,0,0,3
"36","Male","Hispanic",2007,5,"Assault",9,8,6,0,6,0,0,3,0,0,9
"37","Male","Native",2007,5,"Assault",3,2,0,0,0,0,0,3,0,0,3
"38","Male","White",2007,5,"Assault",2,2,2,0,2,0,0,0,0,0,2
"39","Male","Asian",2008,5,"Assault",3,3,3,0,2,0,0,3,0,0,3
"40","Male","Black",2008,5,"Assault",10,7,3,0,2,0,0,1,0,0,10
"41","Female","Hispanic",2008,5,"Assault",1,1,1,0,1,0,0,1,0,0,1
"42","Male","Hispanic",2008,5,"Assault",4,4,2,0,1,0,0,2,0,0,4
"43","Male","Other",2008,5,"Assault",3,1,1,0,1,0,0,1,0,0,3
"44","Male","White",2008,5,"Assault",1,1,0,0,0,0,0,0,0,0,1
"45","Male","Asian",2009,5,"Assault",5,2,2,0,2,0,0,2,0,0,5
"46","Male","Black",2009,5,"Assault",6,3,1,0,2,0,0,0,0,0,6
"47","Male","Hispanic",2009,5,"Assault",7,4,3,0,3,0,0,4,0,0,7
"48","Unknown","Other",2009,5,"Assault",1,0,0,0,0,0,0,0,0,0,1
"49","Male","Asian",2010,5,"Assault",1,1,0,0,0,0,0,1,0,0,1
"50","Male","Black",2010,5,"Assault",2,1,0,0,0,0,0,0,0,0,2
"51","Male","Hispanic",2010,5,"Assault",7,7,3,0,2,0,0,1,0,0,7
"52","Male","Other",2010,5,"Assault",1,1,0,0,1,0,0,1,0,0,1
"53","Female","Black",2006,6,"Assault",5,4,4,0,4,0,0,0,0,0,5
"54","Male","Black",2006,6,"Assault",7,7,7,0,4,0,0,2,0,0,7
"55","Female","Hispanic",2006,6,"Assault",1,1,1,0,0,0,0,0,0,0,1
"56","Male","Hispanic",2006,6,"Assault",4,4,4,0,3,0,0,2,0,0,4
"57","Male","Other",2006,6,"Assault",1,1,1,0,0,0,0,0,0,0,1
"58","Male","White",2006,6,"Assault",3,3,2,0,3,0,0,0,0,0,3
"59","Male","Asian",2007,6,"Assault",2,1,1,0,0,0,0,0,0,0,2
"60","Male","Black",2007,6,"Assault",5,5,5,0,4,0,0,3,0,0,5
"61","Female","Hispanic",2007,6,"Assault",1,1,1,0,0,0,0,0,0,0,1
"62","Male","Hispanic",2007,6,"Assault",2,2,2,0,1,0,0,1,0,0,2
"63","Female","White",2007,6,"Assault",1,1,1,0,1,0,0,0,0,0,1
"64","Male","White",2007,6,"Assault",15,14,12,0,6,0,0,9,0,0,15
"65","Male","Asian",2008,6,"Assault",1,0,0,0,0,0,0,0,0,0,1
"66","Male","Black",2008,6,"Assault",12,10,10,0,5,0,1,4,0,0,12
"67","Female","Hispanic",2008,6,"Assault",1,1,1,0,1,0,0,1,0,0,1
"68","Male","Hispanic",2008,6,"Assault",6,5,4,0,3,0,0,2,0,0,6
"69","Female","White",2008,6,"Assault",2,2,2,0,2,0,0,0,0,0,2
"70","Male","White",2008,6,"Assault",8,7,7,0,5,0,0,4,0,0,8
"71","Male","Asian",2009,6,"Assault",1,1,1,0,1,0,0,1,0,0,1
"72","Female","Black",2009,6,"Assault",1,0,0,0,0,0,0,0,0,0,1
"73","Male","Black",2009,6,"Assault",8,7,5,0,3,0,0,4,0,0,8
"74","Female","Hispanic",2009,6,"Assault",2,2,2,0,2,0,0,2,0,0,2
"75","Male","Hispanic",2009,6,"Assault",3,3,3,0,3,0,0,3,0,0,3
"76","Male","Other",2009,6,"Assault",1,1,1,0,0,0,0,0,0,0,1
"77","Male","White",2009,6,"Assault",5,4,4,0,4,0,0,3,0,0,5
"78","Male","Black",2010,6,"Assault",4,3,2,0,0,0,1,2,0,0,4
"79","Female","Hispanic",2010,6,"Assault",1,1,1,0,1,0,0,0,0,0,1
"80","Male","Hispanic",2010,6,"Assault",3,3,1,0,1,0,1,2,0,0,3
"81","Unknown","Hispanic",2010,6,"Assault",1,1,1,0,1,0,0,0,0,0,1
"82","Female","White",2010,6,"Assault",1,1,1,0,1,0,0,0,0,0,1
"83","Male","White",2010,6,"Assault",7,3,2,0,3,0,0,2,0,0,7
"84","Male","Hispanic",2005,7,"Assault",1,1,1,0,0,0,0,0,0,0,1
"85","Female","Black",2006,7,"Assault",1,1,1,0,1,0,0,1,0,0,1
"86","Male","Black",2006,7,"Assault",8,8,8,0,3,0,0,4,0,0,8
"87","Male","Hispanic",2006,7,"Assault",10,10,9,1,2,0,1,4,0,0,10
"88","Male","White",2006,7,"Assault",3,3,1,0,3,0,0,2,0,0,3
"89","Male","Black",2007,7,"Assault",10,7,3,0,3,0,1,4,0,0,10
"90","Male","Hispanic",2007,7,"Assault",6,5,3,0,2,0,0,2,0,0,6
"91","Male","Other",2007,7,"Assault",2,1,2,0,1,0,0,1,0,0,2
"92","Female","White",2007,7,"Assault",1,1,1,0,0,0,0,0,0,0,1
"93","Male","White",2007,7,"Assault",6,3,2,0,2,0,0,0,0,0,6
"94","Female","Black",2008,7,"Assault",1,1,1,0,0,0,0,0,0,0,1
"95","Male","Black",2008,7,"Assault",9,7,1,0,5,0,0,7,0,0,9
"96","Female","Hispanic",2008,7,"Assault",1,1,1,0,0,0,0,0,0,0,1
"97","Male","Hispanic",2008,7,"Assault",6,5,4,0,2,0,0,1,0,0,6
"98","Male","Other",2008,7,"Assault",1,0,0,0,0,0,0,0,0,0,1
"99","Female","White",2008,7,"Assault",1,1,1,0,0,0,0,0,0,0,1
"100","Male","White",2008,7,"Assault",4,3,1,0,2,0,1,2,0,0,4
"101","Female","Black",2009,7,"Assault",2,1,0,0,1,0,0,0,0,0,2
"102","Male","Black",2009,7,"Assault",6,3,3,0,1,0,1,3,0,0,6
"103","Female","Hispanic",2009,7,"Assault",2,2,1,0,1,0,0,0,0,0,2
"104","Male","Hispanic",2009,7,"Assault",7,7,2,0,3,0,0,1,0,0,7
"105","Male","Other",2009,7,"Assault",1,1,1,0,0,0,0,0,0,0,1
"106","Unknown","Other",2009,7,"Assault",1,1,0,0,0,0,0,1,0,0,1
"107","Male","White",2009,7,"Assault",3,2,1,0,2,2,0,2,0,0,3
"108","Male","Black",2010,7,"Assault",5,5,4,0,3,0,1,3,0,0,5
"109","Male","Hispanic",2010,7,"Assault",6,6,3,0,2,0,0,3,0,0,6
"110","Unknown","Other",2010,7,"Assault",1,1,1,0,0,0,0,1,0,0,1
"111","Male","White",2010,7,"Assault",4,3,3,0,3,0,0,3,0,0,4
"112","Male","Black",2005,9,"Assault",1,1,1,0,0,0,0,0,0,0,1
"113","Male","Hispanic",2005,9,"Assault",1,1,1,0,0,0,0,0,0,0,1
"114","Male","Black",2006,9,"Assault",11,10,9,0,5,1,0,3,0,0,11
"115","Female","Hispanic",2006,9,"Assault",2,2,2,0,2,0,0,0,0,0,2
"116","Male","Hispanic",2006,9,"Assault",18,14,10,0,5,1,0,3,0,0,18
"117","Male","White",2006,9,"Assault",9,8,6,0,3,2,0,3,0,0,9
"118","Female","Asian",2007,9,"Assault",1,1,1,0,1,0,0,0,0,0,1
"119","Male","Black",2007,9,"Assault",10,9,7,0,8,0,0,3,0,0,10
"120","Female","Hispanic",2007,9,"Assault",2,2,2,0,0,0,0,0,0,0,2
"121","Male","Hispanic",2007,9,"Assault",12,12,10,1,4,0,0,5,0,0,12
"122","Male","White",2007,9,"Assault",8,7,7,0,5,0,0,3,0,0,8
"123","Male","Asian",2008,9,"Assault",1,1,1,0,1,0,0,1,0,0,1
"124","Female","Black",2008,9,"Assault",2,2,1,0,1,0,0,1,0,0,2
"125","Male","Black",2008,9,"Assault",12,11,7,0,5,0,0,2,0,0,12
"126","Female","Hispanic",2008,9,"Assault",2,0,0,0,1,0,0,0,0,0,2
"127","Male","Hispanic",2008,9,"Assault",13,10,7,0,7,0,1,9,0,0,13
"128","Male","White",2008,9,"Assault",8,7,3,0,2,0,0,1,0,0,8
"129","Male","Black",2009,9,"Assault",9,7,4,0,5,0,0,1,0,0,9
"130","Female","Hispanic",2009,9,"Assault",2,2,1,0,2,0,0,2,0,0,2
"131","Male","Hispanic",2009,9,"Assault",17,15,12,0,9,0,0,9,0,0,17
"132","Unknown","Hispanic",2009,9,"Assault",1,1,1,0,1,0,0,0,0,0,1
"133","Unknown","Other",2009,9,"Assault",1,1,0,0,1,0,0,0,0,0,1
"134","Female","White",2009,9,"Assault",1,1,1,0,1,0,0,1,0,0,1
"135","Male","White",2009,9,"Assault",5,5,5,0,3,0,0,3,0,0,5
"136","Male","Black",2010,9,"Assault",13,10,7,0,5,0,1,7,0,0,13
"137","Female","Hispanic",2010,9,"Assault",2,2,0,0,1,0,0,0,0,0,2
"138","Male","Hispanic",2010,9,"Assault",6,5,5,0,5,0,0,0,0,0,6
"139","Female","Other",2010,9,"Assault",1,1,0,0,0,0,0,0,0,0,1
"140","Male","Other",2010,9,"Assault",3,3,1,0,3,0,0,2,0,0,3
"141","Female","White",2010,9,"Assault",1,1,1,0,1,0,0,0,0,0,1
"142","Male","White",2010,9,"Assault",3,2,2,0,2,0,0,1,0,0,3
"143","Male","Hispanic",2005,10,"Assault",2,2,2,0,2,0,0,0,0,0,2
"144","Male","Asian",2006,10,"Assault",1,1,1,0,1,0,0,1,0,0,1
"145","Female","Black",2006,10,"Assault",3,3,3,0,3,0,0,3,0,0,3
"146","Male","Black",2006,10,"Assault",2,1,0,0,0,0,0,0,0,0,2
"147","Male","Hispanic",2006,10,"Assault",13,12,10,0,3,0,0,2,0,0,13
"148","Male","Native",2006,10,"Assault",1,1,1,0,1,0,0,0,0,0,1
"149","Male","White",2006,10,"Assault",5,4,4,0,2,0,0,3,0,0,5
"150","Male","Black",2007,10,"Assault",5,4,3,0,2,0,2,1,0,0,5
"151","Male","Hispanic",2007,10,"Assault",9,9,5,0,2,0,0,2,0,0,9
"152","Female","White",2007,10,"Assault",1,1,1,0,1,0,0,0,0,0,1
"153","Male","White",2007,10,"Assault",2,2,1,0,2,0,0,0,0,0,2
"154","Male","Asian",2008,10,"Assault",1,1,1,0,1,0,0,0,0,0,1
"155","Female","Black",2008,10,"Assault",1,0,0,0,0,0,0,0,0,0,1
"156","Male","Black",2008,10,"Assault",4,2,1,0,2,0,0,1,0,0,4
"157","Male","Hispanic",2008,10,"Assault",4,4,2,0,3,0,0,1,0,0,4
"158","Male","White",2008,10,"Assault",12,11,4,0,5,0,0,1,0,0,12
"159","Female","Black",2009,10,"Assault",9,8,6,0,3,0,0,0,0,0,9
"160","Male","Black",2009,10,"Assault",9,9,5,0,5,0,0,3,0,0,9
"161","Female","Hispanic",2009,10,"Assault",1,1,0,0,1,0,0,1,0,0,1
"162","Male","Hispanic",2009,10,"Assault",6,5,2,0,1,0,0,5,0,0,6
"163","Female","White",2009,10,"Assault",1,1,0,0,1,0,0,1,0,0,1
"164","Male","White",2009,10,"Assault",9,5,2,0,4,0,0,4,0,0,9
"165","Female","Asian",2010,10,"Assault",1,1,1,0,0,0,0,0,0,0,1
"166","Male","Black",2010,10,"Assault",9,8,7,0,5,0,0,3,0,0,9
"167","Female","Hispanic",2010,10,"Assault",2,2,2,0,2,0,0,2,0,0,2
"168","Male","Hispanic",2010,10,"Assault",7,7,4,0,6,0,1,5,0,0,7
"169","Male","White",2010,10,"Assault",4,4,1,0,3,0,0,3,0,0,4
"170","Male","Asian",2006,13,"Assault",2,2,1,0,1,0,0,0,0,0,2
"171","Male","Black",2006,13,"Assault",13,9,10,0,5,1,0,4,0,0,13
"172","Unknown","Black",2006,13,"Assault",1,1,1,0,0,0,0,1,0,0,1
"173","Female","Hispanic",2006,13,"Assault",1,1,1,0,0,0,0,0,0,0,1
"174","Male","Hispanic",2006,13,"Assault",20,12,13,0,11,0,0,8,0,0,20
"175","Male","White",2006,13,"Assault",6,3,5,0,4,1,0,2,0,0,6
"176","Male","Asian",2007,13,"Assault",4,2,1,0,1,0,0,2,0,0,4
"177","Female","Black",2007,13,"Assault",1,0,0,0,1,0,0,0,0,0,1
"178","Male","Black",2007,13,"Assault",18,16,14,0,9,0,0,7,0,0,18
"179","Male","Hispanic",2007,13,"Assault",33,25,17,0,9,0,0,17,0,0,33
"180","Male","Native",2007,13,"Assault",1,1,1,0,1,0,0,1,0,0,1
"181","Male","Other",2007,13,"Assault",2,2,1,0,1,0,0,2,0,0,2
"182","Male","White",2007,13,"Assault",7,4,4,1,3,0,0,4,0,0,7
"183","Female","Asian",2008,13,"Assault",1,1,1,0,1,0,0,0,0,0,1
"184","Male","Asian",2008,13,"Assault",3,0,1,0,0,0,0,0,0,0,3
"185","Female","Black",2008,13,"Assault",2,1,1,0,1,0,0,1,0,0,2
"186","Male","Black",2008,13,"Assault",23,10,13,0,7,0,0,7,0,0,23
"187","Female","Hispanic",2008,13,"Assault",1,0,0,0,0,0,0,0,0,0,1
"188","Male","Hispanic",2008,13,"Assault",26,12,12,0,11,0,0,10,0,0,26
"189","Male","Other",2008,13,"Assault",2,1,0,0,0,0,0,0,0,0,2
"190","Male","White",2008,13,"Assault",8,4,4,0,3,0,0,4,0,0,8
"191","Male","Asian",2009,13,"Assault",2,1,1,0,0,0,0,0,0,0,2
"192","Female","Black",2009,13,"Assault",3,2,2,0,2,0,0,0,0,0,3
"193","Male","Black",2009,13,"Assault",22,7,7,0,8,0,0,10,0,0,22
"194","Female","Hispanic",2009,13,"Assault",2,2,1,0,1,0,0,0,0,0,2
"195","Male","Hispanic",2009,13,"Assault",22,12,9,0,8,0,0,7,0,0,22
"196","Male","Other",2009,13,"Assault",1,1,0,0,0,0,0,0,0,0,1
"197","Male","White",2009,13,"Assault",6,6,4,0,5,0,0,5,0,0,6
"198","Male","Asian",2010,13,"Assault",1,1,0,0,0,0,0,0,0,0,1
"199","Female","Black",2010,13,"Assault",6,6,4,0,2,0,0,5,0,0,6
"200","Male","Black",2010,13,"Assault",5,4,4,0,2,0,0,1,0,0,5
"201","Male","Hispanic",2010,13,"Assault",6,3,1,0,3,0,0,4,0,0,6
"202","Male","Black",2005,14,"Assault",1,1,1,0,0,0,0,0,0,0,1
"203","Female","Black",2006,14,"Assault",1,1,0,0,0,0,0,1,0,0,1
"204","Male","Black",2006,14,"Assault",26,19,22,0,16,0,3,9,0,0,26
"205","Male","Hispanic",2006,14,"Assault",38,16,25,0,21,0,0,14,0,0,38
"206","Male","Other",2006,14,"Assault",1,0,1,0,1,0,0,1,0,0,1
"207","Female","White",2006,14,"Assault",1,1,1,0,0,0,0,0,0,0,1
"208","Male","White",2006,14,"Assault",5,5,3,0,4,0,0,3,0,0,5
"209","Male","Asian",2007,14,"Assault",3,2,1,0,0,0,0,1,0,0,3
"210","Female","Black",2007,14,"Assault",2,2,2,0,0,0,0,0,0,0,2
"211","Male","Black",2007,14,"Assault",35,25,28,0,13,0,0,9,0,0,35
"212","Male","Hispanic",2007,14,"Assault",38,26,27,0,15,0,0,9,0,0,38
"213","Male","White",2007,14,"Assault",2,2,1,0,1,0,0,1,0,0,2
"214","Male","Asian",2008,14,"Assault",6,1,1,0,0,0,0,1,0,0,6
"215","Female","Black",2008,14,"Assault",1,0,0,0,0,0,0,0,0,0,1
"216","Male","Black",2008,14,"Assault",27,11,9,0,9,0,0,8,0,0,27
"217","Male","Hispanic",2008,14,"Assault",58,26,29,0,16,0,0,19,0,0,58
"218","Male","Native",2008,14,"Assault",1,1,0,0,0,0,0,0,0,0,1
"219","Male","Other",2008,14,"Assault",2,2,1,0,1,0,0,1,0,0,2
"220","Unknown","Other",2008,14,"Assault",1,0,0,0,0,0,0,0,0,0,1
"221","Male","White",2008,14,"Assault",8,5,2,0,3,0,0,3,0,0,8
"222","Male","Asian",2009,14,"Assault",5,3,3,0,3,0,0,3,0,0,5
"223","Female","Black",2009,14,"Assault",3,1,3,0,1,0,0,2,0,0,3
"224","Male","Black",2009,14,"Assault",26,13,14,0,10,0,0,11,0,0,26
"225","Male","Hispanic",2009,14,"Assault",52,28,22,0,19,0,0,19,0,0,52
"226","Male","Native",2009,14,"Assault",2,1,1,0,1,0,0,1,0,0,2
"227","Male","Other",2009,14,"Assault",2,2,0,0,2,0,0,2,0,0,2
"228","Unknown","Other",2009,14,"Assault",1,0,0,0,0,0,0,0,0,0,1
"229","Male","White",2009,14,"Assault",3,1,0,0,1,0,0,1,0,0,3
"230","Male","Asian",2010,14,"Assault",4,2,2,0,0,0,0,0,0,0,4
"231","Female","Black",2010,14,"Assault",1,1,0,0,1,0,0,0,0,0,1
"232","Male","Black",2010,14,"Assault",18,12,11,0,5,0,1,6,0,0,18
"233","Male","Hispanic",2010,14,"Assault",22,11,12,0,5,0,0,8,0,0,22
"234","Male","Native",2010,14,"Assault",1,1,0,0,0,0,0,1,0,0,1
"235","Male","White",2010,14,"Assault",4,4,2,0,1,0,0,2,0,0,4
"236","Male","Black",2006,17,"Assault",3,2,3,0,3,0,0,3,0,0,3
"237","Female","Hispanic",2006,17,"Assault",1,1,1,0,1,0,0,1,0,0,1
"238","Male","Hispanic",2006,17,"Assault",2,1,2,0,1,0,0,1,0,0,2
"239","Male","Other",2006,17,"Assault",1,1,1,0,0,0,0,0,0,0,1
"240","Male","White",2006,17,"Assault",2,2,2,0,2,0,0,2,0,0,2
"241","Male","Black",2007,17,"Assault",7,5,5,0,3,0,0,4,0,0,7
"242","Male","Hispanic",2007,17,"Assault",6,6,4,0,5,0,0,5,0,0,6
"243","Male","White",2007,17,"Assault",7,7,5,0,4,1,0,6,0,0,7
"244","Male","Asian",2008,17,"Assault",1,1,1,0,1,0,1,1,0,0,1
"245","Male","Black",2008,17,"Assault",5,4,4,0,4,0,0,4,0,0,5
"246","Male","Hispanic",2008,17,"Assault",9,6,6,0,5,0,0,3,0,0,9
"247","Male","Asian",2009,17,"Assault",2,0,0,0,0,0,0,0,0,0,2
"248","Male","Black",2009,17,"Assault",3,1,0,0,2,0,0,1,0,0,3
"249","Male","Hispanic",2009,17,"Assault",8,2,3,0,2,0,0,2,0,0,8
"250","Female","Black",2010,17,"Assault",1,1,0,0,0,0,0,1,0,0,1
"251","Female","Hispanic",2010,17,"Assault",1,1,0,0,0,0,0,0,0,0,1
"252","Male","Hispanic",2010,17,"Assault",1,0,0,0,0,0,0,0,0,0,1
"253","Male","Native",2010,17,"Assault",1,0,0,0,0,0,0,0,0,0,1
"254","Male","White",2010,17,"Assault",1,1,0,0,0,0,0,0,0,0,1
"255","Female","Asian",2006,18,"Assault",1,0,1,0,0,0,0,0,0,0,1
"256","Male","Asian",2006,18,"Assault",1,0,1,0,0,0,0,0,0,0,1
"257","Female","Black",2006,18,"Assault",2,2,1,0,2,0,0,2,0,0,2
"258","Male","Black",2006,18,"Assault",3,3,2,0,1,0,0,3,0,0,3
"259","Male","Hispanic",2006,18,"Assault",5,4,4,0,4,0,0,4,0,0,5
"260","Female","White",2006,18,"Assault",1,1,1,0,0,0,0,1,0,0,1
"261","Male","White",2006,18,"Assault",3,3,0,0,3,0,0,2,0,0,3
"262","Male","Black",2007,18,"Assault",4,3,3,0,1,0,0,2,0,0,4
"263","Female","Hispanic",2007,18,"Assault",1,1,0,0,1,0,0,1,0,0,1
"264","Male","Hispanic",2007,18,"Assault",1,1,1,0,1,0,0,0,0,0,1
"265","Female","Black",2008,18,"Assault",1,1,0,0,1,0,0,1,0,0,1
"266","Male","Black",2008,18,"Assault",4,4,2,0,2,0,0,4,0,0,4
"267","Male","Hispanic",2008,18,"Assault",4,2,2,0,1,0,0,3,0,0,4
"268","Male","Other",2008,18,"Assault",1,1,0,0,0,0,0,1,0,0,1
"269","Male","White",2008,18,"Assault",2,2,1,0,2,0,0,1,0,0,2
"270","Male","Asian",2009,18,"Assault",1,1,0,0,0,0,0,0,0,0,1
"271","Male","Black",2009,18,"Assault",7,7,6,0,3,0,0,2,0,0,7
"272","Female","Hispanic",2009,18,"Assault",1,0,1,0,1,0,0,1,0,0,1
"273","Male","Hispanic",2009,18,"Assault",8,2,8,0,7,0,0,8,0,0,8
"274","Male","White",2009,18,"Assault",4,3,2,0,1,0,1,2,0,0,4
"275","Male","Black",2010,18,"Assault",6,6,2,0,1,0,0,3,0,0,6
"276","Male","Hispanic",2010,18,"Assault",8,8,3,0,2,0,0,2,0,0,8
"277","Male","White",2010,18,"Assault",2,2,2,0,0,0,0,0,0,0,2
"278","Female","Asian",2006,19,"Assault",2,1,1,0,1,0,0,0,0,0,2
"279","Female","Black",2006,19,"Assault",1,1,1,0,1,0,0,0,0,0,1
"280","Male","Black",2006,19,"Assault",13,10,8,0,8,0,0,5,0,0,13
"281","Female","Hispanic",2006,19,"Assault",2,2,1,0,1,0,0,0,0,0,2
"282","Male","Hispanic",2006,19,"Assault",12,8,8,0,7,1,0,4,0,0,12
"283","Unknown","Hispanic",2006,19,"Assault",1,1,0,0,1,0,0,0,0,0,1
"284","Male","Other",2006,19,"Assault",1,1,0,0,0,0,0,0,0,0,1
"285","Female","White",2006,19,"Assault",1,0,0,0,0,0,0,0,0,0,1
"286","Male","White",2006,19,"Assault",19,16,12,0,11,0,1,7,0,0,19
"287","Female","Asian",2007,19,"Assault",2,2,1,0,2,0,0,1,0,0,2
"288","Male","Asian",2007,19,"Assault",1,1,1,0,1,0,0,1,0,0,1
"289","Female","Black",2007,19,"Assault",2,2,1,0,1,0,0,1,0,0,2
"290","Male","Black",2007,19,"Assault",22,20,17,0,9,0,0,13,0,0,22
"291","Unknown","Black",2007,19,"Assault",1,1,0,0,0,0,0,1,0,0,1
"292","Female","Hispanic",2007,19,"Assault",2,2,2,0,1,0,0,0,0,0,2
"293","Male","Hispanic",2007,19,"Assault",15,12,12,0,8,0,0,7,0,0,15
"294","Female","Other",2007,19,"Assault",1,1,0,0,0,0,0,0,0,0,1
"295","Male","Other",2007,19,"Assault",2,2,2,0,2,0,1,1,0,0,2
"296","Unknown","Other",2007,19,"Assault",2,2,1,0,1,0,0,1,0,0,2
"297","Female","White",2007,19,"Assault",2,2,2,0,1,0,0,1,0,0,2
"298","Male","White",2007,19,"Assault",19,16,12,0,3,0,0,6,0,0,19
"299","Male","Asian",2008,19,"Assault",3,2,1,0,1,0,0,0,0,0,3
"300","Female","Black",2008,19,"Assault",7,6,6,0,5,0,0,2,0,0,7
"301","Male","Black",2008,19,"Assault",13,10,8,0,9,0,0,8,0,0,13
"302","Female","Hispanic",2008,19,"Assault",1,1,1,0,1,0,0,1,0,0,1
"303","Male","Hispanic",2008,19,"Assault",21,15,13,0,11,0,3,12,0,0,21
"304","Male","Other",2008,19,"Assault",2,2,2,0,1,0,0,0,0,0,2
"305","Unknown","Other",2008,19,"Assault",2,2,1,0,1,0,0,0,0,0,2
"306","Female","White",2008,19,"Assault",3,1,1,0,1,0,0,0,0,0,3
"307","Male","White",2008,19,"Assault",32,23,17,0,15,0,0,12,0,0,32
"308","Male","Asian",2009,19,"Assault",1,0,0,0,0,0,0,0,0,0,1
"309","Female","Black",2009,19,"Assault",2,1,1,0,1,0,0,1,0,0,2
"310","Male","Black",2009,19,"Assault",4,2,2,0,3,0,0,1,0,0,4
"311","Male","Hispanic",2009,19,"Assault",12,5,4,0,5,0,0,3,0,0,12
"312","Unknown","Other",2009,19,"Assault",2,2,2,0,1,0,0,2,0,0,2
"313","Male","White",2009,19,"Assault",6,5,5,0,3,0,0,4,0,0,6
"314","Male","Asian",2010,19,"Assault",2,2,2,0,2,0,0,2,0,0,2
"315","Female","Black",2010,19,"Assault",4,2,1,0,3,0,0,3,0,0,4
"316","Male","Black",2010,19,"Assault",4,3,2,0,3,0,0,2,0,0,4
"317","Female","Hispanic",2010,19,"Assault",4,3,2,0,1,0,0,3,0,0,4
"318","Male","Hispanic",2010,19,"Assault",8,8,5,0,4,0,0,7,0,0,8
"319","Male","Other",2010,19,"Assault",1,1,1,0,0,0,0,0,0,0,1
"320","Unknown","Other",2010,19,"Assault",1,0,1,0,0,0,0,0,0,0,1
"321","Male","White",2010,19,"Assault",5,4,3,0,3,0,0,3,0,0,5
"322","Male","Asian",2006,20,"Assault",2,2,1,0,0,0,0,0,0,0,2
"323","Female","Black",2006,20,"Assault",1,1,1,0,1,0,0,1,0,0,1
"324","Male","Black",2006,20,"Assault",4,3,1,0,0,0,0,1,0,0,4
"325","Female","Hispanic",2006,20,"Assault",2,2,2,0,0,0,0,0,0,0,2
"326","Male","Hispanic",2006,20,"Assault",7,7,6,0,4,0,1,5,0,0,7
"327","Male","Other",2006,20,"Assault",1,1,1,0,0,0,0,0,0,0,1
"328","Male","White",2006,20,"Assault",8,8,7,0,6,0,0,7,0,0,8
"329","Female","Black",2007,20,"Assault",2,2,1,0,2,1,0,2,0,0,2
"330","Male","Black",2007,20,"Assault",14,9,8,0,6,1,1,3,0,0,14
"331","Unknown","Black",2007,20,"Assault",1,1,0,0,0,0,0,0,0,0,1
"332","Female","Hispanic",2007,20,"Assault",1,0,0,0,1,0,0,0,0,0,1
"333","Male","Hispanic",2007,20,"Assault",10,10,8,0,4,0,0,7,0,0,10
"334","Female","Other",2007,20,"Assault",1,1,1,0,0,0,0,0,0,0,1
"335","Male","Other",2007,20,"Assault",3,0,0,0,0,0,0,0,0,0,3
"336","Unknown","Other",2007,20,"Assault",1,1,1,0,1,0,0,0,0,0,1
"337","Female","White",2007,20,"Assault",2,1,1,0,0,0,0,0,0,0,2
"338","Male","White",2007,20,"Assault",14,11,10,0,11,0,0,5,0,0,14
"339","Female","Asian",2008,20,"Assault",2,1,1,0,0,0,0,0,0,0,2
"340","Male","Asian",2008,20,"Assault",4,1,2,0,1,0,0,0,0,0,4
"341","Female","Black",2008,20,"Assault",1,0,0,0,1,0,0,1,0,0,1
"342","Male","Black",2008,20,"Assault",18,13,9,0,7,0,0,6,0,0,18
"343","Male","Hispanic",2008,20,"Assault",8,6,5,0,6,0,0,3,0,0,8
"344","Male","Other",2008,20,"Assault",3,3,3,0,3,0,0,3,0,0,3
"345","Unknown","Other",2008,20,"Assault",1,0,0,0,0,0,0,0,0,0,1
"346","Female","White",2008,20,"Assault",2,1,1,0,1,0,0,1,0,0,2
"347","Male","White",2008,20,"Assault",11,9,5,0,4,0,0,6,0,0,11
"348","Male","Asian",2009,20,"Assault",2,2,1,0,0,0,0,1,0,0,2
"349","Female","Black",2009,20,"Assault",4,3,2,0,3,0,0,2,0,0,4
"350","Male","Black",2009,20,"Assault",22,22,18,0,16,0,1,18,0,0,22
"351","Male","Hispanic",2009,20,"Assault",13,11,11,0,9,0,1,9,0,0,13
"352","Male","White",2009,20,"Assault",4,4,3,0,3,0,0,3,0,0,4
"353","Male","Asian",2010,20,"Assault",1,1,1,0,0,0,0,0,0,0,1
"354","Female","Black",2010,20,"Assault",3,3,3,0,1,0,0,1,0,0,3
"355","Male","Black",2010,20,"Assault",19,17,12,0,10,0,0,8,0,0,19
"356","Female","Hispanic",2010,20,"Assault",1,1,1,0,1,0,0,1,0,0,1
"357","Male","Hispanic",2010,20,"Assault",16,12,8,0,12,0,1,10,0,0,16
"358","Female","White",2010,20,"Assault",1,1,0,0,1,0,0,0,0,0,1
"359","Male","White",2010,20,"Assault",3,2,2,0,2,0,0,3,0,0,3
"360","Male","Black",2006,22,"Assault",1,1,1,1,1,0,0,1,0,0,1
"361","Male","Hispanic",2007,22,"Assault",2,1,1,0,1,0,0,1,0,0,2
"362","Male","Black",2008,22,"Assault",1,1,1,0,1,0,1,1,0,0,1
"363","Male","White",2008,22,"Assault",1,1,1,0,1,0,0,1,0,0,1
"364","Male","Black",2009,22,"Assault",1,1,1,0,1,0,0,1,0,0,1
"365","Male","Hispanic",2010,22,"Assault",1,0,1,0,1,0,0,0,0,0,1
"366","Female","Black",2006,23,"Assault",2,2,1,0,2,0,0,2,0,0,2
"367","Male","Black",2006,23,"Assault",6,4,5,0,5,0,0,2,0,0,6
"368","Female","Hispanic",2006,23,"Assault",1,1,1,0,1,0,0,0,0,0,1
"369","Male","Hispanic",2006,23,"Assault",13,8,9,0,6,0,0,5,0,0,13
"370","Female","Black",2007,23,"Assault",4,3,2,0,0,0,0,1,0,0,4
"371","Male","Black",2007,23,"Assault",16,16,15,0,9,1,0,3,0,0,16
"372","Female","Hispanic",2007,23,"Assault",4,4,1,0,1,0,0,0,0,0,4
"373","Male","Hispanic",2007,23,"Assault",10,10,7,0,3,0,1,3,0,0,10
"374","Female","Other",2007,23,"Assault",1,1,1,0,0,0,0,1,0,0,1
"375","Male","White",2007,23,"Assault",2,2,2,0,1,0,1,2,0,0,2
"376","Female","Black",2008,23,"Assault",4,1,3,0,1,0,0,1,0,0,4
"377","Male","Black",2008,23,"Assault",17,14,11,0,6,0,0,7,0,0,17
"378","Female","Hispanic",2008,23,"Assault",3,1,2,0,1,0,0,2,0,0,3
"379","Male","Hispanic",2008,23,"Assault",19,15,8,0,3,0,1,3,0,0,19
"380","Unknown","Hispanic",2008,23,"Assault",2,2,2,0,0,0,0,1,0,0,2
"381","Male","Other",2008,23,"Assault",1,0,1,0,0,0,0,0,0,0,1
"382","Male","White",2008,23,"Assault",1,1,1,0,0,0,0,0,0,0,1
"383","Male","Asian",2009,23,"Assault",1,1,0,0,0,0,0,0,0,0,1
"384","Female","Black",2009,23,"Assault",4,4,3,0,1,0,0,1,0,0,4
"385","Male","Black",2009,23,"Assault",17,17,12,0,6,0,2,8,0,0,17
"386","Female","Hispanic",2009,23,"Assault",6,5,4,0,2,0,0,0,0,0,6
"387","Male","Hispanic",2009,23,"Assault",32,31,23,0,12,1,1,12,0,0,32
"388","Unknown","Other",2009,23,"Assault",1,1,1,0,0,0,0,0,0,0,1
"389","Female","White",2009,23,"Assault",1,1,0,0,0,0,0,0,0,0,1
"390","Female","Black",2010,23,"Assault",3,2,1,0,1,0,0,1,0,0,3
"391","Male","Black",2010,23,"Assault",15,13,11,0,1,0,0,3,0,0,15
"392","Female","Hispanic",2010,23,"Assault",2,2,1,0,1,0,0,0,0,0,2
"393","Male","Hispanic",2010,23,"Assault",11,9,6,0,0,0,0,0,0,0,11
"394","Male","Native",2010,23,"Assault",1,0,1,0,1,0,0,0,0,0,1
"395","Female","White",2010,23,"Assault",1,1,1,0,0,0,0,0,0,0,1
"396","Male","White",2010,23,"Assault",1,1,1,0,1,0,0,1,0,0,1
"397","Male","Black",2006,24,"Assault",2,2,2,0,2,0,0,0,0,0,2
"398","Female","Hispanic",2006,24,"Assault",3,3,0,0,0,0,0,0,0,0,3
"399","Male","Hispanic",2006,24,"Assault",5,5,1,0,0,0,0,1,0,0,5
"400","Female","Native",2006,24,"Assault",1,1,0,0,0,0,0,0,0,0,1
"401","Male","Other",2006,24,"Assault",1,1,1,0,0,0,0,0,0,0,1
"402","Male","Asian",2007,24,"Assault",1,1,1,0,1,0,0,0,0,0,1
"403","Female","Black",2007,24,"Assault",3,3,3,0,0,0,0,0,0,0,3
"404","Male","Black",2007,24,"Assault",3,2,2,0,0,0,0,0,0,0,3
"405","Male","Hispanic",2007,24,"Assault",12,12,2,0,0,0,0,1,0,0,12
"406","Male","Native",2007,24,"Assault",2,2,0,0,0,0,0,0,0,0,2
"407","Male","Other",2007,24,"Assault",1,1,1,0,0,0,0,0,0,0,1
"408","Male","White",2007,24,"Assault",1,1,0,0,1,0,0,0,0,0,1
"409","Female","Black",2008,24,"Assault",3,3,1,0,0,0,0,0,0,0,3
"410","Male","Black",2008,24,"Assault",5,5,3,0,2,0,0,3,0,0,5
"411","Male","Hispanic",2008,24,"Assault",7,6,4,0,2,0,0,2,0,0,7
"412","Unknown","Other",2008,24,"Assault",1,1,0,0,0,0,0,0,0,0,1
"413","Female","Black",2009,24,"Assault",8,8,6,0,0,0,0,0,0,0,8
"414","Male","Black",2009,24,"Assault",8,7,5,0,1,0,0,2,0,0,8
"415","Female","Hispanic",2009,24,"Assault",1,1,0,0,0,0,0,1,0,0,1
"416","Male","Hispanic",2009,24,"Assault",9,8,6,0,2,0,0,1,0,0,9
"417","Male","White",2009,24,"Assault",1,1,1,0,1,0,0,1,0,0,1
"418","Female","Black",2010,24,"Assault",2,1,1,0,0,0,0,1,0,0,2
"419","Male","Black",2010,24,"Assault",14,9,7,0,5,0,0,4,0,0,14
"420","Male","Hispanic",2010,24,"Assault",5,5,4,1,0,0,0,1,0,0,5
"421","Female","Other",2010,24,"Assault",1,1,1,0,0,0,0,0,0,0,1
"422","Male","Other",2010,24,"Assault",1,1,0,0,0,0,0,0,0,0,1
"423","Male","White",2010,24,"Assault",1,1,1,0,1,0,0,1,0,0,1
"424","Male","Hispanic",2005,25,"Assault",2,2,2,0,1,0,0,0,0,0,2
"425","Female","Black",2006,25,"Assault",3,1,0,0,0,0,0,0,0,0,3
"426","Male","Black",2006,25,"Assault",16,15,13,0,9,0,0,5,0,0,16
"427","Male","Hispanic",2006,25,"Assault",6,6,5,0,4,0,0,4,0,0,6
"428","Male","White",2006,25,"Assault",1,1,1,0,0,0,0,0,0,0,1
"429","Female","Black",2007,25,"Assault",7,6,6,0,5,0,0,1,0,0,7
"430","Male","Black",2007,25,"Assault",16,15,15,0,7,1,0,6,0,0,16
"431","Female","Hispanic",2007,25,"Assault",3,3,2,0,1,0,0,0,0,0,3
"432","Male","Hispanic",2007,25,"Assault",19,17,12,0,7,0,0,7,0,0,19
"433","Female","Black",2008,25,"Assault",3,3,3,0,2,0,0,2,0,0,3
"434","Male","Black",2008,25,"Assault",12,11,10,0,9,0,0,8,0,0,12
"435","Female","Hispanic",2008,25,"Assault",1,1,1,0,1,0,0,0,0,0,1
"436","Male","Hispanic",2008,25,"Assault",21,19,16,0,8,0,0,5,0,0,21
"437","Female","Black",2009,25,"Assault",5,4,4,0,2,0,0,2,0,0,5
"438","Male","Black",2009,25,"Assault",11,10,9,0,7,0,1,8,0,0,11
"439","Female","Hispanic",2009,25,"Assault",8,7,4,0,5,0,0,2,0,0,8
"440","Male","Hispanic",2009,25,"Assault",6,6,5,0,4,0,0,0,0,0,6
"441","Unknown","Other",2009,25,"Assault",1,1,0,0,1,0,0,0,0,0,1
"442","Female","Black",2010,25,"Assault",4,4,4,0,3,0,0,3,0,0,4
"443","Male","Black",2010,25,"Assault",8,7,5,0,3,0,1,1,0,0,8
"444","Female","Hispanic",2010,25,"Assault",1,0,1,0,0,0,0,0,0,0,1
"445","Male","Hispanic",2010,25,"Assault",9,7,6,0,2,0,0,1,0,0,9
"446","Male","Other",2010,25,"Assault",1,1,1,0,1,0,0,0,0,0,1
"447","Male","White",2010,25,"Assault",1,1,0,0,0,0,0,0,0,0,1
"448","Male","Black",2006,26,"Assault",4,4,4,0,2,0,0,2,0,0,4
"449","Male","Hispanic",2006,26,"Assault",1,1,1,0,1,0,0,0,0,0,1
"450","Male","Black",2007,26,"Assault",6,6,5,0,3,1,0,3,0,0,6
"451","Male","Hispanic",2007,26,"Assault",3,1,3,0,1,0,0,1,0,0,3
"452","Female","Black",2008,26,"Assault",2,2,2,0,1,0,0,0,0,0,2
"453","Male","Black",2008,26,"Assault",12,11,10,0,3,0,1,4,0,0,12
"454","Male","Hispanic",2008,26,"Assault",3,3,2,0,1,0,0,0,0,0,3
"455","Male","White",2008,26,"Assault",1,1,1,0,1,0,0,1,0,0,1
"456","Female","Black",2009,26,"Assault",1,1,1,0,0,0,0,0,0,0,1
"457","Male","Black",2009,26,"Assault",11,11,7,0,5,0,0,3,0,0,11
"458","Female","Hispanic",2009,26,"Assault",1,1,0,0,0,0,0,0,0,0,1
"459","Male","Hispanic",2009,26,"Assault",10,10,8,0,4,0,4,2,0,0,10
"460","Female","Black",2010,26,"Assault",2,2,2,0,1,0,0,0,0,0,2
"461","Male","Black",2010,26,"Assault",12,12,8,0,2,0,1,1,0,0,12
"462","Female","Hispanic",2010,26,"Assault",1,1,1,0,1,0,0,0,0,0,1
"463","Male","Hispanic",2010,26,"Assault",7,7,4,0,5,0,0,5,0,0,7
"464","Male","White",2010,26,"Assault",1,1,1,0,0,0,0,0,0,0,1
"465","Female","Black",2006,28,"Assault",1,1,0,0,0,0,0,1,0,0,1
"466","Male","Black",2006,28,"Assault",9,9,7,0,3,1,1,6,0,0,9
"467","Unknown","Black",2006,28,"Assault",1,1,1,0,0,0,0,0,0,0,1
"468","Male","Other",2006,28,"Assault",1,1,0,0,0,0,0,0,0,0,1
"469","Male","White",2006,28,"Assault",1,1,1,0,0,0,0,0,0,0,1
"470","Male","Black",2007,28,"Assault",6,6,6,0,2,0,0,3,0,0,6
"471","Male","Hispanic",2007,28,"Assault",1,1,1,0,0,0,0,0,0,0,1
"472","Female","Black",2008,28,"Assault",1,1,0,0,0,0,0,0,0,0,1
"473","Male","Black",2008,28,"Assault",16,13,8,0,6,0,1,7,0,0,16
"474","Male","Hispanic",2008,28,"Assault",2,2,0,0,0,0,0,1,0,0,2
"475","Male","Black",2009,28,"Assault",8,7,5,0,6,0,2,5,0,0,8
"476","Male","Other",2009,28,"Assault",1,1,1,0,1,0,0,1,0,0,1
"477","Female","Black",2010,28,"Assault",1,1,1,0,0,0,0,1,0,0,1
"478","Male","Black",2010,28,"Assault",12,9,8,0,4,0,0,5,0,0,12
"479","Female","Hispanic",2010,28,"Assault",2,2,2,0,0,0,0,0,0,0,2
"480","Male","Other",2010,28,"Assault",1,1,1,0,1,0,0,1,0,0,1
"481","Male","White",2010,28,"Assault",1,1,1,0,0,0,0,1,0,0,1
"482","Male","Black",2005,30,"Assault",2,2,1,0,2,0,0,1,0,0,2
"483","Male","Hispanic",2005,30,"Assault",3,3,3,0,0,0,0,3,0,0,3
"484","Unknown","Other",2005,30,"Assault",1,1,0,0,1,0,0,1,0,0,1
"485","Male","Black",2006,30,"Assault",1,1,1,0,0,0,0,0,0,0,1
"486","Male","Hispanic",2006,30,"Assault",1,1,1,0,0,0,0,0,0,0,1
"487","Unknown","Other",2006,30,"Assault",1,1,0,0,0,0,0,0,0,0,1
"488","Male","Black",2007,30,"Assault",3,3,2,0,3,0,0,1,0,0,3
"489","Male","Hispanic",2007,30,"Assault",7,7,5,1,3,0,1,3,0,0,7
"490","Male","Other",2007,30,"Assault",1,1,0,0,0,0,0,1,0,0,1
"491","Unknown","Other",2007,30,"Assault",1,0,1,0,0,0,0,0,0,0,1
"492","Male","Black",2008,30,"Assault",8,7,5,0,4,1,0,3,0,0,8
"493","Male","Hispanic",2008,30,"Assault",2,1,1,0,1,0,0,1,0,0,2
"494","Male","Other",2008,30,"Assault",1,1,0,0,0,0,0,0,0,0,1
"495","Unknown","Other",2008,30,"Assault",2,2,2,0,2,0,0,0,0,0,2
"496","Male","White",2008,30,"Assault",1,1,0,0,0,0,0,0,0,0,1
"497","Female","Black",2009,30,"Assault",2,2,2,0,1,0,0,1,0,0,2
"498","Male","Black",2009,30,"Assault",13,13,8,1,8,1,0,5,0,0,13
"499","Male","Hispanic",2009,30,"Assault",13,11,8,0,3,0,0,5,0,0,13
"500","Female","White",2009,30,"Assault",1,1,1,0,0,0,0,0,0,0,1
"501","Female","Black",2010,30,"Assault",3,3,1,0,1,0,0,1,0,0,3
"502","Male","Black",2010,30,"Assault",4,4,3,0,3,0,0,2,0,0,4
"503","Male","Hispanic",2010,30,"Assault",4,4,4,0,1,0,0,1,0,0,4
"504","Male","White",2010,30,"Assault",1,1,1,0,0,0,0,1,0,0,1
"505","Female","Black",2006,32,"Assault",4,4,3,0,0,0,0,0,0,0,4
"506","Male","Black",2006,32,"Assault",19,19,17,0,13,0,3,13,0,0,19
"507","Male","Hispanic",2006,32,"Assault",2,2,2,0,0,0,0,1,0,0,2
"508","Female","Black",2007,32,"Assault",4,3,4,0,1,0,0,1,0,0,4
"509","Male","Black",2007,32,"Assault",20,18,14,0,11,1,0,12,0,0,20
"510","Male","Hispanic",2007,32,"Assault",2,2,1,0,2,0,0,2,0,0,2
"511","Female","Black",2008,32,"Assault",7,6,7,0,2,0,0,3,0,0,7
"512","Male","Black",2008,32,"Assault",26,25,18,1,9,1,2,15,0,0,26
"513","Male","Hispanic",2008,32,"Assault",3,3,3,0,1,1,0,1,0,0,3
"514","Female","White",2008,32,"Assault",1,1,1,0,1,0,0,0,0,0,1
"515","Female","Black",2009,32,"Assault",5,4,4,0,0,0,0,0,0,0,5
"516","Male","Black",2009,32,"Assault",23,23,18,0,7,0,0,4,0,0,23
"517","Unknown","Black",2009,32,"Assault",1,1,1,0,1,0,0,0,0,0,1
"518","Female","Hispanic",2009,32,"Assault",1,0,1,0,0,0,0,0,0,0,1
"519","Male","Hispanic",2009,32,"Assault",2,2,2,0,1,0,0,1,0,0,2
"520","Unknown","Other",2009,32,"Assault",2,2,2,0,1,0,0,0,0,0,2
"521","Male","Asian",2010,32,"Assault",1,1,1,0,1,0,0,1,0,0,1
"522","Female","Black",2010,32,"Assault",3,2,3,0,1,0,0,0,0,0,3
"523","Male","Black",2010,32,"Assault",17,14,13,0,14,0,0,9,0,0,17
"524","Male","Hispanic",2010,32,"Assault",5,5,3,0,3,0,0,1,0,0,5
"525","Male","White",2010,32,"Assault",1,1,1,0,0,0,0,1,0,0,1
"526","Male","Hispanic",2006,33,"Assault",1,1,1,0,0,0,0,1,0,0,1
"527","Male","Black",2007,33,"Assault",1,1,1,0,0,0,0,0,0,0,1
"528","Male","Hispanic",2007,33,"Assault",6,5,5,0,3,0,0,3,0,0,6
"529","Male","Other",2007,33,"Assault",1,1,0,0,0,0,0,0,0,0,1
"530","Male","White",2007,33,"Assault",2,1,1,0,0,0,0,1,0,0,2
"531","Male","Hispanic",2008,33,"Assault",16,15,8,0,2,0,0,4,0,0,16
"532","Female","Black",2009,33,"Assault",1,1,0,0,0,0,0,0,0,0,1
"533","Male","Black",2009,33,"Assault",8,8,8,0,3,0,0,1,0,0,8
"534","Female","Hispanic",2009,33,"Assault",1,1,1,0,0,0,0,0,0,0,1
"535","Male","Hispanic",2009,33,"Assault",14,13,10,0,6,0,0,6,0,0,14
"536","Unknown","Other",2009,33,"Assault",1,1,1,0,0,0,0,0,0,0,1
"537","Male","White",2009,33,"Assault",2,1,1,0,1,0,0,1,0,0,2
"538","Female","Black",2010,33,"Assault",1,1,0,0,0,0,0,0,0,0,1
"539","Male","Black",2010,33,"Assault",3,3,2,0,1,0,0,1,0,0,3
"540","Female","Hispanic",2010,33,"Assault",2,0,1,0,1,0,0,0,0,0,2
"541","Male","Hispanic",2010,33,"Assault",14,13,10,0,8,0,0,5,0,0,14
"542","Male","Hispanic",2006,34,"Assault",17,16,6,0,3,0,0,7,0,0,17
"543","Male","White",2006,34,"Assault",1,1,0,0,1,0,0,0,0,0,1
"544","Male","Black",2007,34,"Assault",3,3,1,0,1,0,0,1,0,0,3
"545","Male","Hispanic",2007,34,"Assault",9,9,5,0,5,0,1,2,0,0,9
"546","Male","Black",2008,34,"Assault",2,2,1,0,2,0,0,2,0,0,2
"547","Female","Hispanic",2008,34,"Assault",3,1,0,0,0,0,0,1,0,0,3
"548","Male","Hispanic",2008,34,"Assault",15,15,11,0,11,0,0,15,0,0,15
"549","Male","Other",2008,34,"Assault",1,1,0,0,0,0,0,1,0,0,1
"550","Male","White",2008,34,"Assault",1,1,1,0,0,0,0,1,0,0,1
"551","Male","Black",2009,34,"Assault",3,2,1,0,1,0,0,1,0,0,3
"552","Female","Hispanic",2009,34,"Assault",3,2,2,0,2,0,0,2,0,0,3
"553","Male","Hispanic",2009,34,"Assault",12,12,6,0,4,0,0,6,0,0,12
"554","Female","Hispanic",2010,34,"Assault",1,1,1,0,0,0,0,0,0,0,1
"555","Male","Hispanic",2010,34,"Assault",6,6,5,0,5,0,1,5,0,0,6
"556","Unknown","Hispanic",2010,34,"Assault",1,1,0,0,1,0,0,0,0,0,1
"557","Male","Other",2010,34,"Assault",1,1,1,0,0,0,0,1,0,0,1
"558","Female","Black",2006,40,"Assault",1,1,0,0,1,0,0,1,0,0,1
"559","Male","Black",2006,40,"Assault",5,5,4,0,3,0,0,2,0,0,5
"560","Male","Hispanic",2006,40,"Assault",11,10,6,0,5,0,0,4,0,0,11
"561","Unknown","Native",2006,40,"Assault",1,1,1,0,0,0,0,0,0,0,1
"562","Male","Other",2006,40,"Assault",2,2,1,0,0,0,0,0,0,0,2
"563","Unknown","Other",2006,40,"Assault",4,4,1,0,1,0,0,0,0,0,4
"564","Female","Black",2007,40,"Assault",5,1,3,0,1,0,0,2,0,0,5
"565","Male","Black",2007,40,"Assault",12,9,6,0,3,0,0,7,0,0,12
"566","Female","Hispanic",2007,40,"Assault",1,1,1,0,1,1,0,1,0,0,1
"567","Male","Hispanic",2007,40,"Assault",9,8,7,0,3,0,1,2,0,0,9
"568","Male","White",2007,40,"Assault",1,1,0,0,1,0,0,0,0,0,1
"569","Female","Black",2008,40,"Assault",3,3,3,0,3,0,0,0,0,0,3
"570","Male","Black",2008,40,"Assault",5,4,3,0,3,1,0,3,0,0,5
"571","Female","Hispanic",2008,40,"Assault",1,1,1,0,0,0,0,0,0,0,1
"572","Male","Hispanic",2008,40,"Assault",13,13,8,0,2,0,0,6,0,0,13
"573","Male","Other",2008,40,"Assault",3,1,0,0,0,0,0,2,0,0,3
"574","Unknown","Other",2008,40,"Assault",1,1,0,0,0,0,0,1,0,0,1
"575","Female","Black",2009,40,"Assault",1,1,1,0,1,0,0,1,0,0,1
"576","Male","Black",2009,40,"Assault",5,5,4,0,2,0,0,2,0,0,5
"577","Female","Hispanic",2009,40,"Assault",3,3,3,0,0,0,0,0,0,0,3
"578","Male","Hispanic",2009,40,"Assault",10,9,8,0,4,0,0,4,0,0,10
"579","Male","Other",2009,40,"Assault",1,1,0,0,0,0,0,0,0,0,1
"580","Male","Asian",2010,40,"Assault",1,1,1,0,0,0,0,0,0,0,1
"581","Female","Black",2010,40,"Assault",11,8,8,0,1,0,0,2,0,0,11
"582","Male","Black",2010,40,"Assault",10,8,8,0,2,0,0,4,0,0,10
"583","Unknown","Black",2010,40,"Assault",1,1,0,0,1,0,0,1,0,0,1
"584","Male","Hispanic",2010,40,"Assault",15,14,11,0,6,0,0,7,0,0,15
"585","Male","Black",2006,41,"Assault",2,1,1,0,1,0,0,1,0,0,2
"586","Male","Hispanic",2006,41,"Assault",2,2,2,0,0,0,0,0,0,0,2
"587","Unknown","Other",2006,41,"Assault",1,0,0,0,0,0,0,0,0,0,1
"588","Male","Hispanic",2007,41,"Assault",3,3,1,0,0,0,0,2,0,0,3
"589","Female","White",2007,41,"Assault",1,1,1,0,1,0,0,0,0,0,1
"590","Male","Black",2008,41,"Assault",3,3,3,0,2,0,0,2,0,0,3
"591","Female","Hispanic",2008,41,"Assault",5,1,1,0,0,0,0,2,0,0,5
"592","Male","Hispanic",2008,41,"Assault",7,3,5,0,4,0,1,6,0,0,7
"593","Male","Other",2008,41,"Assault",1,1,1,0,0,0,0,0,0,0,1
"594","Male","Black",2009,41,"Assault",6,6,2,0,2,0,0,4,0,0,6
"595","Male","Hispanic",2009,41,"Assault",8,7,4,0,6,0,0,2,0,0,8
"596","Male","Other",2009,41,"Assault",2,2,1,0,2,0,0,1,0,0,2
"597","Female","Black",2010,41,"Assault",5,3,1,0,1,0,0,0,0,0,5
"598","Male","Black",2010,41,"Assault",6,5,3,0,2,0,0,4,0,0,6
"599","Female","Hispanic",2010,41,"Assault",1,1,0,0,0,0,0,1,0,0,1
"600","Male","Hispanic",2010,41,"Assault",10,8,4,0,2,0,0,5,0,0,10
"601","Unknown","Hispanic",2010,41,"Assault",2,2,0,0,0,0,0,0,0,0,2
"602","Unknown","Other",2010,41,"Assault",2,2,0,0,1,0,0,2,0,0,2
"603","Male","Black",2005,42,"Assault",1,1,1,0,1,0,0,1,0,0,1
"604","Male","Black",2006,42,"Assault",9,8,7,0,4,1,0,6,0,0,9
"605","Female","Hispanic",2006,42,"Assault",5,5,3,0,2,0,0,4,0,0,5
"606","Male","Hispanic",2006,42,"Assault",6,5,6,0,2,0,0,4,0,0,6
"607","Male","Other",2006,42,"Assault",2,2,2,0,0,0,0,1,0,0,2
"608","Female","Black",2007,42,"Assault",1,1,0,0,1,0,0,1,0,0,1
"609","Male","Black",2007,42,"Assault",8,8,6,0,4,0,1,7,0,0,8
"610","Female","Hispanic",2007,42,"Assault",4,4,2,0,4,0,0,3,0,0,4
"611","Male","Hispanic",2007,42,"Assault",13,13,12,0,10,0,0,9,0,0,13
"612","Female","White",2007,42,"Assault",1,1,1,0,1,0,0,0,0,0,1
"613","Female","Black",2008,42,"Assault",7,5,5,0,5,0,0,1,0,0,7
"614","Male","Black",2008,42,"Assault",12,9,9,0,6,0,0,4,0,0,12
"615","Female","Hispanic",2008,42,"Assault",4,4,3,0,3,0,0,1,0,0,4
"616","Male","Hispanic",2008,42,"Assault",11,8,3,0,2,0,0,4,0,0,11
"617","Male","Other",2008,42,"Assault",2,2,2,0,0,0,0,1,0,0,2
"618","Female","Black",2009,42,"Assault",1,1,1,0,1,0,0,1,0,0,1
"619","Male","Black",2009,42,"Assault",9,9,6,0,3,0,0,3,0,0,9
"620","Female","Hispanic",2009,42,"Assault",2,1,1,0,1,0,0,1,0,0,2
"621","Male","Hispanic",2009,42,"Assault",7,6,7,0,1,0,0,4,0,0,7
"622","Male","Asian",2010,42,"Assault",1,1,0,0,0,0,0,0,0,0,1
"623","Female","Black",2010,42,"Assault",3,3,3,0,1,0,0,2,0,0,3
"624","Male","Black",2010,42,"Assault",13,12,5,0,2,0,0,5,0,0,13
"625","Male","Hispanic",2010,42,"Assault",4,4,4,0,3,0,0,2,0,0,4
"626","Male","Other",2010,42,"Assault",2,1,0,0,0,0,0,1,0,0,2
"627","Female","Black",2006,43,"Assault",1,1,0,0,0,0,0,0,0,0,1
"628","Male","Black",2006,43,"Assault",2,2,1,0,0,0,0,0,0,0,2
"629","Female","Hispanic",2006,43,"Assault",1,1,1,0,0,0,0,0,0,0,1
"630","Male","Hispanic",2006,43,"Assault",8,8,1,0,2,0,1,5,0,0,8
"631","Male","White",2006,43,"Assault",1,1,1,0,1,0,0,0,0,0,1
"632","Female","Black",2007,43,"Assault",2,2,1,0,2,0,0,2,0,0,2
"633","Male","Black",2007,43,"Assault",14,13,7,0,3,0,0,7,0,0,14
"634","Female","Hispanic",2007,43,"Assault",2,2,2,0,0,0,0,1,0,0,2
"635","Male","Hispanic",2007,43,"Assault",9,8,6,0,5,0,0,6,0,0,9
"636","Female","Black",2008,43,"Assault",2,2,1,0,0,0,0,0,0,0,2
"637","Male","Black",2008,43,"Assault",17,16,11,0,3,0,0,5,0,0,17
"638","Female","Hispanic",2008,43,"Assault",2,1,0,0,1,0,0,0,0,0,2
"639","Male","Hispanic",2008,43,"Assault",5,5,4,0,1,0,0,1,0,0,5
"640","Male","Asian",2009,43,"Assault",1,1,1,0,1,0,0,0,0,0,1
"641","Female","Black",2009,43,"Assault",7,7,6,0,4,0,0,2,0,0,7
"642","Male","Black",2009,43,"Assault",19,18,14,0,3,0,0,3,0,0,19
"643","Female","Hispanic",2009,43,"Assault",3,3,2,0,3,0,0,0,0,0,3
"644","Male","Hispanic",2009,43,"Assault",21,21,17,0,12,0,0,8,0,0,21
"645","Female","Other",2009,43,"Assault",2,2,1,0,2,0,0,1,0,0,2
"646","Male","Other",2009,43,"Assault",1,1,0,0,1,0,0,0,0,0,1
"647","Female","White",2009,43,"Assault",1,1,1,0,1,0,0,1,0,0,1
"648","Male","White",2009,43,"Assault",1,1,1,0,0,0,0,0,0,0,1
"649","Female","Black",2010,43,"Assault",8,8,6,0,5,0,0,0,0,0,8
"650","Male","Black",2010,43,"Assault",13,12,6,1,9,0,0,3,0,0,13
"651","Female","Hispanic",2010,43,"Assault",4,1,3,0,1,0,0,2,0,0,4
"652","Male","Hispanic",2010,43,"Assault",13,12,10,0,5,0,0,2,0,0,13
"653","Female","Other",2010,43,"Assault",1,1,1,0,0,0,0,0,0,0,1
"654","Unknown","Other",2010,43,"Assault",2,2,1,0,0,0,0,0,0,0,2
"655","Male","White",2010,43,"Assault",2,2,1,0,1,0,0,1,0,0,2
"656","Female","Black",2006,44,"Assault",1,0,0,0,0,0,0,0,0,0,1
"657","Male","Black",2006,44,"Assault",2,1,1,0,1,0,0,0,0,0,2
"658","Female","Hispanic",2006,44,"Assault",1,1,0,0,0,0,0,0,0,0,1
"659","Male","Hispanic",2006,44,"Assault",2,1,2,0,2,0,0,2,0,0,2
"660","Unknown","Other",2006,44,"Assault",1,1,1,0,1,0,0,0,0,0,1
"661","Female","Black",2007,44,"Assault",4,4,4,1,2,0,0,4,0,0,4
"662","Male","Black",2007,44,"Assault",6,6,6,2,3,0,0,6,0,0,6
"663","Female","Hispanic",2007,44,"Assault",1,1,1,0,1,0,0,1,0,0,1
"664","Male","Hispanic",2007,44,"Assault",8,8,5,3,5,0,0,5,0,0,8
"665","Male","White",2007,44,"Assault",1,1,1,0,1,0,0,1,0,0,1
"666","Female","Black",2008,44,"Assault",3,2,2,0,2,0,0,0,0,0,3
"667","Male","Black",2008,44,"Assault",6,5,6,0,4,0,0,3,0,0,6
"668","Male","Hispanic",2008,44,"Assault",6,6,5,0,1,0,0,3,0,0,6
"669","Male","Other",2008,44,"Assault",1,1,1,0,1,0,0,0,0,0,1
"670","Female","Black",2009,44,"Assault",1,1,0,0,1,0,0,0,0,0,1
"671","Male","Black",2009,44,"Assault",9,9,7,0,2,0,0,4,0,0,9
"672","Female","Hispanic",2009,44,"Assault",1,0,1,0,0,0,0,0,0,0,1
"673","Male","Hispanic",2009,44,"Assault",6,5,6,0,4,0,0,5,0,0,6
"674","Unknown","Hispanic",2009,44,"Assault",1,0,1,0,0,0,0,0,0,0,1
"675","Unknown","Other",2009,44,"Assault",1,1,0,0,1,0,0,1,0,0,1
"676","Female","Black",2010,44,"Assault",1,1,1,0,1,0,0,1,0,0,1
"677","Male","Black",2010,44,"Assault",9,8,4,0,5,0,0,9,0,0,9
"678","Male","Hispanic",2010,44,"Assault",8,8,7,0,4,0,0,4,0,0,8
"679","Male","Other",2010,44,"Assault",1,1,0,0,1,0,0,1,0,0,1
"680","Male","White",2010,44,"Assault",1,1,1,0,0,0,0,1,0,0,1
"681","Male","Black",2006,45,"Assault",9,9,9,0,8,0,0,6,0,0,9
"682","Male","Hispanic",2006,45,"Assault",4,3,3,0,3,0,0,2,0,0,4
"683","Female","Other",2006,45,"Assault",1,0,0,0,0,0,0,0,0,0,1
"684","Unknown","Other",2006,45,"Assault",1,1,1,0,1,0,0,1,0,0,1
"685","Female","White",2006,45,"Assault",1,1,1,0,0,0,0,0,0,0,1
"686","Male","White",2006,45,"Assault",4,4,4,0,1,0,0,1,0,0,4
"687","Male","Black",2007,45,"Assault",3,3,3,0,2,0,0,0,0,0,3
"688","Female","Hispanic",2007,45,"Assault",1,1,1,0,1,0,0,1,0,0,1
"689","Male","Hispanic",2007,45,"Assault",2,1,1,0,2,0,0,1,0,0,2
"690","Unknown","Other",2007,45,"Assault",1,1,0,0,0,0,0,0,0,0,1
"691","Male","Black",2008,45,"Assault",4,3,1,0,1,0,0,2,0,0,4
"692","Male","Hispanic",2008,45,"Assault",8,6,4,0,0,0,0,2,0,0,8
"693","Unknown","Other",2008,45,"Assault",1,1,1,0,1,0,0,1,0,0,1
"694","Male","Asian",2009,45,"Assault",1,1,1,0,1,0,0,1,0,0,1
"695","Female","Black",2009,45,"Assault",2,2,2,0,2,0,0,2,0,0,2
"696","Male","Black",2009,45,"Assault",7,7,4,0,2,0,0,3,0,0,7
"697","Male","Hispanic",2009,45,"Assault",6,5,5,0,3,0,1,3,0,0,6
"698","Unknown","Other",2009,45,"Assault",1,1,1,0,0,0,0,1,0,0,1
"699","Male","White",2009,45,"Assault",2,2,2,0,1,1,0,2,0,0,2
"700","Male","Black",2010,45,"Assault",9,9,8,0,5,0,0,7,0,0,9
"701","Male","Hispanic",2010,45,"Assault",5,5,4,0,4,2,0,4,0,0,5
"702","Male","White",2010,45,"Assault",3,3,2,0,2,0,0,1,0,0,3
"703","Male","Asian",2006,46,"Assault",1,1,1,0,0,0,0,0,0,0,1
"704","Female","Black",2006,46,"Assault",3,3,1,0,1,0,0,1,0,0,3
"705","Male","Black",2006,46,"Assault",21,21,15,0,6,0,0,8,0,0,21
"706","Female","Hispanic",2006,46,"Assault",3,3,2,0,3,0,0,0,0,0,3
"707","Male","Hispanic",2006,46,"Assault",22,20,11,0,10,0,0,10,0,0,22
"708","Male","Other",2006,46,"Assault",1,1,1,0,1,0,0,1,0,0,1
"709","Unknown","Other",2006,46,"Assault",1,0,0,0,0,0,0,0,0,0,1
"710","Male","White",2006,46,"Assault",1,1,1,0,0,0,1,0,0,0,1
"711","Female","Black",2007,46,"Assault",2,1,1,0,1,0,0,1,0,0,2
"712","Male","Black",2007,46,"Assault",11,11,9,0,9,0,1,8,0,0,11
"713","Female","Hispanic",2007,46,"Assault",3,3,3,0,2,0,0,3,0,0,3
"714","Male","Hispanic",2007,46,"Assault",16,16,11,0,13,0,0,8,0,0,16
"715","Female","Other",2007,46,"Assault",1,1,1,0,1,0,0,1,0,0,1
"716","Male","Other",2007,46,"Assault",2,2,2,0,2,0,0,2,0,0,2
"717","Female","Asian",2008,46,"Assault",1,1,1,0,0,0,0,0,0,0,1
"718","Male","Asian",2008,46,"Assault",1,1,1,0,0,0,0,0,0,0,1
"719","Male","Black",2008,46,"Assault",10,8,5,0,4,0,0,1,0,0,10
"720","Female","Hispanic",2008,46,"Assault",2,0,2,0,2,0,0,0,0,0,2
"721","Male","Hispanic",2008,46,"Assault",5,4,3,0,0,0,0,2,0,0,5
"722","Male","Other",2008,46,"Assault",1,1,0,0,0,0,0,0,0,0,1
"723","Male","Asian",2009,46,"Assault",1,1,1,0,0,0,0,0,0,0,1
"724","Female","Black",2009,46,"Assault",3,0,0,0,0,0,0,0,0,0,3
"725","Male","Black",2009,46,"Assault",6,6,4,0,3,0,1,2,0,0,6
"726","Female","Hispanic",2009,46,"Assault",1,1,0,0,0,0,0,0,0,0,1
"727","Male","Hispanic",2009,46,"Assault",8,7,7,0,5,0,0,5,0,0,8
"728","Male","Native",2009,46,"Assault",1,1,1,0,0,0,0,1,0,0,1
"729","Male","Other",2009,46,"Assault",2,2,1,0,0,0,0,0,0,0,2
"730","Female","Black",2010,46,"Assault",3,3,2,0,1,0,0,0,0,0,3
"731","Male","Black",2010,46,"Assault",7,7,4,0,2,0,0,3,0,0,7
"732","Female","Hispanic",2010,46,"Assault",3,2,2,0,3,0,0,3,0,0,3
"733","Male","Hispanic",2010,46,"Assault",9,9,4,0,3,0,0,5,0,0,9
"734","Male","Other",2010,46,"Assault",1,1,1,0,0,0,0,0,0,0,1
"735","Unknown","Other",2010,46,"Assault",5,1,1,0,1,0,0,1,0,0,5
"736","Female","Black",2006,47,"Assault",5,5,3,0,3,0,0,2,0,0,5
"737","Male","Black",2006,47,"Assault",10,9,7,0,6,0,2,6,0,0,10
"738","Female","Hispanic",2006,47,"Assault",1,1,1,0,0,0,0,0,0,0,1
"739","Male","Hispanic",2006,47,"Assault",1,1,1,0,0,0,0,0,0,0,1
"740","Male","Other",2006,47,"Assault",1,1,1,0,0,0,0,1,0,0,1
"741","Female","Black",2007,47,"Assault",6,5,5,0,5,0,0,3,0,0,6
"742","Male","Black",2007,47,"Assault",22,22,20,0,11,0,2,8,0,0,22
"743","Female","Hispanic",2007,47,"Assault",2,1,1,0,1,0,0,0,0,0,2
"744","Male","Hispanic",2007,47,"Assault",7,7,6,0,6,0,1,3,0,0,7
"745","Female","Other",2007,47,"Assault",1,1,1,0,1,0,0,1,0,0,1
"746","Male","Other",2007,47,"Assault",1,1,0,0,1,0,0,0,0,0,1
"747","Male","White",2007,47,"Assault",3,1,1,0,1,0,0,3,0,0,3
"748","Male","Asian",2008,47,"Assault",3,3,2,0,1,0,0,1,0,0,3
"749","Female","Black",2008,47,"Assault",4,4,2,0,1,0,0,3,0,0,4
"750","Male","Black",2008,47,"Assault",17,15,14,1,9,1,2,5,0,0,17
"751","Female","Hispanic",2008,47,"Assault",2,1,2,0,1,0,0,1,0,0,2
"752","Male","Hispanic",2008,47,"Assault",7,6,6,0,5,0,0,3,0,0,7
"753","Male","Native",2008,47,"Assault",1,0,1,0,1,0,0,0,0,0,1
"754","Female","Other",2008,47,"Assault",1,1,1,0,0,0,0,0,0,0,1
"755","Male","Other",2008,47,"Assault",2,2,2,0,0,0,0,0,0,0,2
"756","Unknown","Other",2008,47,"Assault",1,0,1,0,1,0,0,0,0,0,1
"757","Female","Black",2009,47,"Assault",12,7,4,0,4,0,0,2,0,0,12
"758","Male","Black",2009,47,"Assault",21,18,11,0,10,1,0,6,0,0,21
"759","Female","Hispanic",2009,47,"Assault",4,3,1,0,2,0,0,1,0,0,4
"760","Male","Hispanic",2009,47,"Assault",5,5,3,0,0,0,0,1,0,0,5
"761","Female","White",2009,47,"Assault",1,1,1,0,1,0,0,0,0,0,1
"762","Male","White",2009,47,"Assault",2,2,2,0,1,0,0,0,0,0,2
"763","Female","Black",2010,47,"Assault",4,2,4,0,1,0,0,2,0,0,4
"764","Male","Black",2010,47,"Assault",12,11,6,0,6,0,0,6,0,0,12
"765","Male","Hispanic",2010,47,"Assault",6,6,3,0,4,0,0,3,0,0,6
"766","Male","Native",2010,47,"Assault",1,1,1,0,0,0,0,0,0,0,1
"767","Unknown","Other",2010,47,"Assault",2,2,2,0,2,0,0,1,0,0,2
"768","Female","Black",2006,48,"Assault",2,1,0,0,1,0,0,1,0,0,2
"769","Male","Black",2006,48,"Assault",6,6,4,0,5,0,0,2,0,0,6
"770","Female","Hispanic",2006,48,"Assault",1,1,0,0,1,0,0,0,0,0,1
"771","Male","Hispanic",2006,48,"Assault",3,3,2,0,2,1,0,3,0,0,3
"772","Male","Black",2007,48,"Assault",9,9,1,0,0,0,7,6,0,0,9
"773","Male","Hispanic",2007,48,"Assault",3,3,3,0,3,0,0,3,0,0,3
"774","Male","Black",2008,48,"Assault",4,4,4,0,2,0,0,2,0,0,4
"775","Female","Hispanic",2008,48,"Assault",1,1,0,0,0,0,0,0,0,0,1
"776","Male","Hispanic",2008,48,"Assault",3,3,3,0,2,0,0,1,0,0,3
"777","Female","Black",2009,48,"Assault",1,1,1,0,1,0,0,1,0,0,1
"778","Male","Black",2009,48,"Assault",2,2,1,0,0,0,0,1,0,0,2
"779","Male","Hispanic",2009,48,"Assault",3,3,3,0,2,0,0,3,0,0,3
"780","Male","Black",2010,48,"Assault",3,3,1,0,0,0,0,0,0,0,3
"781","Female","Hispanic",2010,48,"Assault",3,0,0,0,0,0,0,1,0,0,3
"782","Male","Hispanic",2010,48,"Assault",9,9,3,0,4,0,0,8,0,0,9
"783","Male","Black",2006,49,"Assault",1,1,0,0,1,0,0,1,0,0,1
"784","Male","Hispanic",2006,49,"Assault",3,3,1,0,1,0,0,3,0,0,3
"785","Male","White",2006,49,"Assault",1,1,0,0,0,0,0,1,0,0,1
"786","Male","Black",2007,49,"Assault",8,8,7,0,2,0,0,6,0,0,8
"787","Male","Hispanic",2008,49,"Assault",3,3,2,0,1,0,0,2,0,0,3
"788","Male","Asian",2009,49,"Assault",1,1,0,0,1,0,0,1,0,0,1
"789","Male","Black",2009,49,"Assault",17,15,12,0,11,0,0,6,0,0,17
"790","Female","Hispanic",2009,49,"Assault",1,1,1,0,0,0,0,0,0,0,1
"791","Male","Hispanic",2009,49,"Assault",10,10,4,0,3,1,0,3,0,0,10
"792","Female","Asian",2010,49,"Assault",1,0,0,0,0,0,0,0,0,0,1
"793","Female","Black",2010,49,"Assault",1,1,0,0,0,0,0,0,0,0,1
"794","Male","Black",2010,49,"Assault",2,2,1,0,1,0,1,1,0,0,2
"795","Male","Hispanic",2010,49,"Assault",7,6,3,0,3,0,1,5,0,0,7
"796","Male","Native",2010,49,"Assault",2,1,0,0,0,0,0,1,0,0,2
"797","Male","White",2010,49,"Assault",1,1,1,0,0,0,0,0,0,0,1
"798","Male","Black",2007,50,"Assault",1,1,1,0,0,0,0,1,0,0,1
"799","Female","Hispanic",2007,50,"Assault",1,0,0,0,1,0,0,0,0,0,1
"800","Male","Hispanic",2007,50,"Assault",1,0,0,0,1,0,0,0,0,0,1
"801","Female","Black",2008,50,"Assault",1,1,0,0,0,0,0,0,0,0,1
"802","Male","Black",2008,50,"Assault",2,2,1,0,0,0,0,0,0,0,2
"803","Male","Hispanic",2008,50,"Assault",5,4,4,0,0,0,0,1,0,0,5
"804","Male","Other",2008,50,"Assault",1,0,1,0,0,0,0,0,0,0,1
"805","Female","White",2008,50,"Assault",1,0,0,0,0,0,0,0,0,0,1
"806","Male","White",2008,50,"Assault",4,4,3,0,1,0,0,2,0,0,4
"807","Male","Asian",2009,50,"Assault",2,2,1,0,0,0,0,0,0,0,2
"808","Female","Black",2009,50,"Assault",1,1,1,0,0,0,0,0,0,0,1
"809","Male","Black",2009,50,"Assault",8,8,5,0,2,0,0,2,0,0,8
"810","Female","Hispanic",2009,50,"Assault",2,2,1,0,0,0,0,0,0,0,2
"811","Male","Hispanic",2009,50,"Assault",7,7,2,0,3,0,0,4,0,0,7
"812","Female","White",2009,50,"Assault",3,2,2,0,1,0,0,0,0,0,3
"813","Male","White",2009,50,"Assault",6,3,3,0,2,0,0,1,0,0,6
"814","Female","Black",2010,50,"Assault",2,2,2,0,0,0,0,0,0,0,2
"815","Male","Black",2010,50,"Assault",2,2,1,0,0,0,0,0,0,0,2
"816","Female","Hispanic",2010,50,"Assault",3,3,2,0,1,0,0,1,0,0,3
"817","Male","Hispanic",2010,50,"Assault",7,7,7,0,1,0,0,1,0,0,7
"818","Male","White",2010,50,"Assault",4,4,4,0,2,0,0,2,0,0,4
"819","Male","Hispanic",2006,52,"Assault",2,2,1,0,1,0,0,1,0,0,2
"820","Male","Black",2007,52,"Assault",1,1,0,0,0,0,0,1,0,0,1
"821","Female","Hispanic",2007,52,"Assault",2,2,1,0,2,0,0,1,0,0,2
"822","Male","Hispanic",2007,52,"Assault",2,2,1,0,0,0,0,2,0,0,2
"823","Unknown","Other",2007,52,"Assault",1,1,1,0,1,0,0,1,0,0,1
"824","Female","Black",2008,52,"Assault",3,3,0,0,1,0,0,2,0,0,3
"825","Male","Black",2008,52,"Assault",4,4,1,0,2,0,1,3,0,0,4
"826","Female","Hispanic",2008,52,"Assault",1,0,0,0,1,0,0,0,0,0,1
"827","Male","Hispanic",2008,52,"Assault",11,9,6,0,5,0,0,5,0,0,11
"828","Male","Other",2008,52,"Assault",2,2,2,0,0,0,0,1,0,0,2
"829","Unknown","Other",2008,52,"Assault",1,0,0,0,0,0,0,1,0,0,1
"830","Male","Black",2009,52,"Assault",10,10,6,0,3,0,0,2,0,0,10
"831","Female","Hispanic",2009,52,"Assault",2,2,2,0,1,0,0,1,0,0,2
"832","Male","Hispanic",2009,52,"Assault",26,25,14,0,10,0,1,14,0,0,26
"833","Female","Other",2009,52,"Assault",1,1,1,0,0,0,0,0,0,0,1
"834","Male","Other",2009,52,"Assault",3,3,0,0,1,0,0,1,0,0,3
"835","Female","Black",2010,52,"Assault",1,1,0,0,1,0,0,1,0,0,1
"836","Male","Black",2010,52,"Assault",6,6,3,0,2,0,0,2,0,0,6
"837","Male","Hispanic",2010,52,"Assault",9,8,4,0,3,0,0,5,0,0,9
"838","Male","Other",2010,52,"Assault",2,2,2,0,0,0,0,2,0,0,2
"839","Female","White",2010,52,"Assault",1,1,0,0,0,0,0,1,0,0,1
"840","Male","White",2010,52,"Assault",2,2,0,0,0,0,0,2,0,0,2
"841","Male","Black",2005,60,"Assault",1,1,0,0,0,0,0,0,0,0,1
"842","Male","White",2005,60,"Assault",1,1,1,0,0,0,0,1,0,0,1
"843","Female","Black",2006,60,"Assault",1,1,0,0,1,0,0,0,0,0,1
"844","Male","Black",2006,60,"Assault",11,11,5,0,4,0,0,4,0,0,11
"845","Male","Hispanic",2006,60,"Assault",21,21,19,1,14,0,5,12,0,0,21
"846","Male","Other",2006,60,"Assault",2,2,1,0,0,0,0,0,0,0,2
"847","Female","White",2006,60,"Assault",1,1,0,0,0,0,0,1,0,0,1
"848","Male","White",2006,60,"Assault",2,2,0,0,2,0,0,0,0,0,2
"849","Female","Black",2007,60,"Assault",5,3,4,0,0,0,0,0,0,0,5
"850","Male","Black",2007,60,"Assault",4,4,3,0,1,0,0,2,0,0,4
"851","Female","Hispanic",2007,60,"Assault",1,1,1,0,1,0,0,1,0,0,1
"852","Male","Hispanic",2007,60,"Assault",12,11,7,0,6,0,0,4,0,0,12
"853","Female","White",2007,60,"Assault",1,0,1,0,1,0,0,0,0,0,1
"854","Male","White",2007,60,"Assault",6,5,5,0,4,0,0,5,0,0,6
"855","Female","Black",2008,60,"Assault",6,5,5,0,1,0,0,1,0,0,6
"856","Male","Black",2008,60,"Assault",9,8,8,0,3,0,0,5,0,0,9
"857","Female","Hispanic",2008,60,"Assault",1,1,1,0,1,0,0,1,0,0,1
"858","Male","Hispanic",2008,60,"Assault",6,6,3,0,2,0,0,0,0,0,6
"859","Male","Other",2008,60,"Assault",1,1,1,0,1,0,0,1,0,0,1
"860","Male","White",2008,60,"Assault",5,2,4,0,5,0,0,0,0,0,5
"861","Female","Black",2009,60,"Assault",5,5,1,4,4,0,4,4,0,0,5
"862","Male","Black",2009,60,"Assault",9,9,7,0,7,0,0,6,0,0,9
"863","Female","Hispanic",2009,60,"Assault",4,4,0,0,0,0,0,0,0,0,4
"864","Male","Hispanic",2009,60,"Assault",12,10,4,0,3,0,0,4,0,0,12
"865","Male","Other",2009,60,"Assault",3,3,2,0,3,0,0,2,0,0,3
"866","Unknown","Other",2009,60,"Assault",3,3,0,0,0,0,0,0,0,0,3
"867","Female","White",2009,60,"Assault",1,1,1,0,1,0,0,1,0,0,1
"868","Male","White",2009,60,"Assault",1,1,1,0,1,0,0,0,0,0,1
"869","Male","Asian",2010,60,"Assault",5,4,4,0,5,0,0,1,0,0,5
"870","Female","Black",2010,60,"Assault",8,4,8,0,3,0,0,4,0,0,8
"871","Male","Black",2010,60,"Assault",10,8,9,0,8,0,0,5,0,0,10
"872","Female","Hispanic",2010,60,"Assault",2,2,2,0,0,0,0,0,0,0,2
"873","Male","Hispanic",2010,60,"Assault",13,9,11,0,8,0,0,5,0,0,13
"874","Male","White",2010,60,"Assault",9,6,7,0,4,0,0,2,0,0,9
"875","Male","Asian",2006,61,"Assault",2,2,2,0,0,0,0,1,0,0,2
"876","Female","Black",2006,61,"Assault",1,1,1,0,0,0,0,0,0,0,1
"877","Male","Black",2006,61,"Assault",17,15,14,0,1,0,0,1,0,0,17
"878","Male","Hispanic",2006,61,"Assault",6,5,6,0,3,0,0,3,0,0,6
"879","Male","Other",2006,61,"Assault",4,4,4,0,3,0,0,3,0,0,4
"880","Female","White",2006,61,"Assault",5,3,3,0,1,0,0,0,0,0,5
"881","Male","White",2006,61,"Assault",9,9,8,0,2,0,0,2,0,0,9
"882","Female","Black",2007,61,"Assault",1,0,0,0,0,0,0,1,0,0,1
"883","Male","Black",2007,61,"Assault",13,9,8,0,7,0,0,2,0,0,13
"884","Female","Hispanic",2007,61,"Assault",1,1,0,0,0,0,0,1,0,0,1
"885","Male","Hispanic",2007,61,"Assault",5,5,4,0,3,0,0,1,0,0,5
"886","Female","White",2007,61,"Assault",1,0,1,0,1,0,0,0,0,0,1
"887","Male","White",2007,61,"Assault",8,8,8,0,3,0,0,5,0,0,8
"888","Male","Asian",2008,61,"Assault",1,1,1,0,0,0,0,0,0,0,1
"889","Female","Black",2008,61,"Assault",1,1,0,0,1,0,0,1,0,0,1
"890","Male","Black",2008,61,"Assault",9,9,4,0,1,0,0,4,0,0,9
"891","Male","Hispanic",2008,61,"Assault",2,2,1,0,1,0,0,1,0,0,2
"892","Male","Other",2008,61,"Assault",1,1,1,0,1,0,0,1,0,0,1
"893","Unknown","Other",2008,61,"Assault",1,1,1,0,0,0,0,0,0,0,1
"894","Male","White",2008,61,"Assault",6,6,3,0,2,0,0,3,0,0,6
"895","Female","Black",2009,61,"Assault",1,1,0,0,0,0,0,0,0,0,1
"896","Male","Black",2009,61,"Assault",8,8,8,0,4,0,0,1,0,0,8
"897","Male","Hispanic",2009,61,"Assault",2,2,0,0,1,0,0,1,0,0,2
"898","Female","White",2009,61,"Assault",1,0,0,0,0,0,0,0,0,0,1
"899","Male","White",2009,61,"Assault",3,3,3,0,2,0,0,0,0,0,3
"900","Female","Black",2010,61,"Assault",2,2,1,0,0,0,0,0,0,0,2
"901","Male","Black",2010,61,"Assault",9,2,8,0,0,0,0,0,0,0,9
"902","Male","Hispanic",2010,61,"Assault",1,1,1,0,0,0,0,0,0,0,1
"903","Male","Other",2010,61,"Assault",2,2,0,0,0,0,0,0,0,0,2
"904","Male","White",2010,61,"Assault",3,3,2,0,0,0,0,1,0,0,3
"905","Male","Hispanic",2005,62,"Assault",1,1,1,0,0,0,0,0,0,0,1
"906","Unknown","Hispanic",2005,62,"Assault",1,0,0,0,0,0,0,0,0,0,1
"907","Male","White",2005,62,"Assault",1,1,0,0,0,0,0,1,0,0,1
"908","Male","Asian",2006,62,"Assault",3,3,1,0,1,0,0,1,0,0,3
"909","Male","Black",2006,62,"Assault",1,1,1,0,1,0,1,1,0,0,1
"910","Female","Hispanic",2006,62,"Assault",1,1,1,0,0,0,0,0,0,0,1
"911","Male","Hispanic",2006,62,"Assault",5,5,4,0,1,0,0,1,0,0,5
"912","Unknown","Other",2006,62,"Assault",1,1,0,0,1,0,0,0,0,0,1
"913","Female","White",2006,62,"Assault",3,3,3,0,0,0,0,0,0,0,3
"914","Male","White",2006,62,"Assault",13,12,11,0,0,0,0,0,0,0,13
"915","Male","Black",2007,62,"Assault",1,1,1,0,1,0,0,0,0,0,1
"916","Male","Hispanic",2007,62,"Assault",9,8,6,0,2,0,0,5,0,0,9
"917","Male","White",2007,62,"Assault",7,5,3,0,1,0,0,1,0,0,7
"918","Female","Hispanic",2008,62,"Assault",1,1,1,0,0,0,0,0,0,0,1
"919","Male","Hispanic",2008,62,"Assault",1,1,1,0,0,0,0,0,0,0,1
"920","Female","White",2008,62,"Assault",1,1,1,0,0,0,0,0,0,0,1
"921","Male","White",2008,62,"Assault",6,2,2,0,1,0,0,1,0,0,6
"922","Male","Asian",2009,62,"Assault",1,1,0,0,0,0,0,0,0,0,1
"923","Male","Black",2009,62,"Assault",2,2,1,0,0,0,0,0,0,0,2
"924","Male","Hispanic",2009,62,"Assault",7,7,4,0,3,0,0,3,0,0,7
"925","Male","White",2009,62,"Assault",5,5,5,0,4,0,0,1,0,0,5
"926","Male","Asian",2010,62,"Assault",1,1,0,0,0,0,0,0,0,0,1
"927","Male","White",2010,62,"Assault",1,1,1,0,1,0,0,1,0,0,1
"928","Male","Black",2005,63,"Assault",1,1,1,0,0,0,0,1,0,0,1
"929","Male","Black",2006,63,"Assault",5,5,4,0,3,0,1,3,0,0,5
"930","Male","White",2006,63,"Assault",1,1,1,0,0,0,0,0,0,0,1
"931","Female","Black",2007,63,"Assault",1,0,0,0,0,0,0,0,0,0,1
"932","Male","Black",2007,63,"Assault",3,3,3,0,1,0,0,3,0,0,3
"933","Female","Black",2008,63,"Assault",1,1,1,0,0,0,0,0,0,0,1
"934","Male","Black",2008,63,"Assault",2,1,0,0,1,0,0,0,0,0,2
"935","Male","Black",2009,63,"Assault",5,5,4,0,5,0,0,3,0,0,5
"936","Male","White",2009,63,"Assault",3,3,1,0,0,0,0,0,0,0,3
"937","Male","White",2010,63,"Assault",2,2,1,0,0,0,0,0,0,0,2
"938","Male","Black",2005,66,"Assault",2,2,0,0,1,0,1,1,0,0,2
"939","Unknown","Black",2005,66,"Assault",1,1,1,0,0,0,0,0,0,0,1
"940","Male","Hispanic",2005,66,"Assault",2,2,2,0,0,0,1,0,0,0,2
"941","Male","White",2005,66,"Assault",6,4,3,0,1,0,0,2,0,0,6
"942","Male","Black",2006,66,"Assault",1,1,1,0,1,0,0,1,0,0,1
"943","Female","Hispanic",2006,66,"Assault",1,1,1,0,0,0,0,0,0,0,1
"944","Male","Hispanic",2006,66,"Assault",5,5,4,0,2,0,0,1,0,0,5
"945","Unknown","Other",2006,66,"Assault",1,1,0,0,0,0,0,0,0,0,1
"946","Male","White",2006,66,"Assault",3,1,0,0,1,0,1,1,0,0,3
"947","Male","Asian",2007,66,"Assault",12,12,5,0,2,0,0,8,0,0,12
"948","Female","Black",2007,66,"Assault",1,1,1,0,1,0,0,1,0,0,1
"949","Male","Black",2007,66,"Assault",5,5,3,0,3,0,0,4,0,0,5
"950","Female","Hispanic",2007,66,"Assault",3,2,2,0,1,0,0,1,0,0,3
"951","Male","Hispanic",2007,66,"Assault",39,36,27,1,15,0,1,20,0,0,39
"952","Female","White",2007,66,"Assault",3,1,1,0,1,0,0,1,0,0,3
"953","Male","White",2007,66,"Assault",18,17,9,0,4,0,0,7,0,0,18
"954","Female","Asian",2008,66,"Assault",6,6,4,0,4,0,0,3,0,0,6
"955","Male","Asian",2008,66,"Assault",23,19,15,0,6,0,0,10,0,0,23
"956","Unknown","Asian",2008,66,"Assault",1,1,0,0,0,0,0,0,0,0,1
"957","Female","Black",2008,66,"Assault",5,5,4,0,2,0,0,1,0,0,5
"958","Male","Black",2008,66,"Assault",17,12,11,0,4,0,0,4,0,0,17
"959","Female","Hispanic",2008,66,"Assault",13,10,7,0,4,0,0,6,0,0,13
"960","Male","Hispanic",2008,66,"Assault",90,77,55,0,49,0,1,56,0,0,90
"961","Male","Native",2008,66,"Assault",2,2,1,0,1,0,0,1,0,0,2
"962","Female","Other",2008,66,"Assault",2,2,2,0,2,0,0,2,0,0,2
"963","Male","Other",2008,66,"Assault",6,6,3,0,1,0,0,2,0,0,6
"964","Unknown","Other",2008,66,"Assault",5,4,4,0,2,0,0,1,0,0,5
"965","Female","White",2008,66,"Assault",4,2,3,0,2,0,0,3,0,0,4
"966","Male","White",2008,66,"Assault",39,33,26,0,20,0,0,24,0,0,39
"967","Female","Asian",2009,66,"Assault",6,6,6,0,3,0,0,5,0,0,6
"968","Male","Asian",2009,66,"Assault",38,34,29,0,11,0,0,15,0,0,38
"969","Female","Black",2009,66,"Assault",7,7,6,0,3,0,0,2,0,0,7
"970","Male","Black",2009,66,"Assault",15,14,9,0,8,0,0,5,0,0,15
"971","Female","Hispanic",2009,66,"Assault",15,9,10,0,5,0,0,4,0,0,15
"972","Male","Hispanic",2009,66,"Assault",96,83,78,0,32,0,2,41,0,0,96
"973","Female","Native",2009,66,"Assault",1,1,1,0,0,0,0,0,0,0,1
"974","Male","Native",2009,66,"Assault",7,7,5,0,4,0,0,4,0,0,7
"975","Female","Other",2009,66,"Assault",1,0,1,0,1,0,0,1,0,0,1
"976","Male","Other",2009,66,"Assault",2,2,2,0,0,0,0,0,0,0,2
"977","Unknown","Other",2009,66,"Assault",1,1,1,0,0,0,0,1,0,0,1
"978","Female","White",2009,66,"Assault",12,9,8,0,2,0,0,2,0,0,12
"979","Male","White",2009,66,"Assault",40,34,30,0,18,0,0,15,0,0,40
"980","Female","Asian",2010,66,"Assault",3,1,2,0,1,0,0,2,0,0,3
"981","Male","Asian",2010,66,"Assault",12,9,8,0,4,0,0,6,0,0,12
"982","Female","Black",2010,66,"Assault",6,4,2,0,0,0,0,1,0,0,6
"983","Male","Black",2010,66,"Assault",3,3,3,0,1,0,0,0,0,0,3
"984","Female","Hispanic",2010,66,"Assault",4,3,4,0,3,0,0,3,0,0,4
"985","Male","Hispanic",2010,66,"Assault",39,33,33,0,16,0,1,18,0,0,39
"986","Male","Other",2010,66,"Assault",6,6,0,0,1,0,0,6,0,0,6
"987","Female","White",2010,66,"Assault",2,1,1,0,2,0,0,2,0,0,2
"988","Male","White",2010,66,"Assault",11,9,10,0,5,0,0,3,0,0,11
"989","Unknown","White",2010,66,"Assault",1,1,1,0,0,0,0,0,0,0,1
"990","Female","Black",2006,67,"Assault",1,0,1,0,1,0,0,0,0,0,1
"991","Male","Black",2006,67,"Assault",7,7,1,0,5,0,0,2,0,0,7
"992","Female","Black",2007,67,"Assault",4,4,1,0,0,0,0,0,0,0,4
"993","Male","Black",2007,67,"Assault",16,16,12,0,6,0,0,7,0,0,16
"994","Male","White",2007,67,"Assault",1,0,1,0,1,0,0,0,0,0,1
"995","Female","Black",2008,67,"Assault",2,2,2,0,0,0,0,2,0,0,2
"996","Male","Black",2008,67,"Assault",23,21,13,0,10,2,0,12,0,0,23
"997","Male","Hispanic",2008,67,"Assault",1,1,1,0,0,0,0,0,0,0,1
"998","Female","Black",2009,67,"Assault",11,9,8,0,2,0,0,4,0,0,11
"999","Male","Black",2009,67,"Assault",49,46,36,0,18,0,0,15,0,0,49
"1000","Male","Other",2009,67,"Assault",1,1,0,0,0,0,0,0,0,0,1
"1001","Female","Black",2010,67,"Assault",1,1,1,0,0,0,0,0,0,0,1
"1002","Male","Black",2010,67,"Assault",20,19,15,0,10,0,0,8,0,0,20
"1003","Male","Asian",2005,68,"Assault",4,4,4,0,0,0,0,0,0,0,4
"1004","Male","Black",2005,68,"Assault",6,6,5,0,2,0,0,6,0,0,6
"1005","Male","Hispanic",2005,68,"Assault",1,1,1,0,0,0,0,0,0,0,1
"1006","Male","Other",2005,68,"Assault",2,0,0,0,0,0,0,0,0,0,2
"1007","Male","White",2005,68,"Assault",1,1,1,0,0,0,0,0,0,0,1
"1008","Unknown","White",2005,68,"Assault",1,0,0,0,0,0,0,0,0,0,1
"1009","Male","Black",2006,68,"Assault",1,1,1,0,1,0,0,0,0,0,1
"1010","Male","Hispanic",2006,68,"Assault",3,3,2,0,2,0,0,3,0,0,3
"1011","Male","Native",2006,68,"Assault",1,1,1,0,1,0,0,0,0,0,1
"1012","Female","White",2006,68,"Assault",1,0,0,0,0,0,0,0,0,0,1
"1013","Male","White",2006,68,"Assault",9,9,9,0,3,0,0,5,0,0,9
"1014","Male","Black",2007,68,"Assault",1,1,1,0,1,0,0,0,0,0,1
"1015","Female","Hispanic",2007,68,"Assault",1,1,1,0,1,0,0,0,0,0,1
"1016","Male","Hispanic",2007,68,"Assault",7,7,3,0,4,0,0,3,0,0,7
"1017","Female","White",2007,68,"Assault",3,3,3,0,2,0,0,2,0,0,3
"1018","Male","White",2007,68,"Assault",11,10,10,0,7,0,0,5,0,0,11
"1019","Female","Black",2008,68,"Assault",1,1,1,0,1,0,0,1,0,0,1
"1020","Male","Black",2008,68,"Assault",3,3,2,0,1,0,0,1,0,0,3
"1021","Female","Hispanic",2008,68,"Assault",1,1,1,0,0,0,0,0,0,0,1
"1022","Male","Hispanic",2008,68,"Assault",15,15,13,0,4,0,1,7,0,0,15
"1023","Male","White",2008,68,"Assault",10,10,8,0,4,0,0,5,0,0,10
"1024","Male","Asian",2009,68,"Assault",1,1,0,0,0,0,0,0,0,0,1
"1025","Female","Black",2009,68,"Assault",1,1,0,0,0,0,0,0,0,0,1
"1026","Female","Hispanic",2009,68,"Assault",1,0,0,0,0,0,0,0,0,0,1
"1027","Male","Hispanic",2009,68,"Assault",7,6,1,0,0,0,0,0,0,0,7
"1028","Unknown","Other",2009,68,"Assault",1,1,0,0,0,0,0,0,0,0,1
"1029","Male","White",2009,68,"Assault",15,15,7,0,1,0,0,1,0,0,15
"1030","Male","Hispanic",2010,68,"Assault",2,1,2,0,1,0,0,1,0,0,2
"1031","Female","White",2010,68,"Assault",1,0,0,0,0,0,0,0,0,0,1
"1032","Male","White",2010,68,"Assault",9,8,7,0,1,0,0,0,0,0,9
"1033","Male","Black",2006,69,"Assault",11,10,10,0,8,0,0,5,0,0,11
"1034","Male","Hispanic",2006,69,"Assault",1,1,1,0,0,0,1,0,0,0,1
"1035","Female","Other",2006,69,"Assault",1,1,1,0,0,0,0,0,0,0,1
"1036","Unknown","Other",2006,69,"Assault",1,1,1,0,1,0,0,1,0,0,1
"1037","Female","Black",2007,69,"Assault",2,2,0,0,1,0,0,2,0,0,2
"1038","Male","Black",2007,69,"Assault",9,7,5,0,7,0,0,5,0,0,9
"1039","Male","Hispanic",2007,69,"Assault",1,1,1,0,1,0,0,0,0,0,1
"1040","Female","Black",2008,69,"Assault",1,1,0,0,0,0,0,1,0,0,1
"1041","Male","Black",2008,69,"Assault",15,13,7,1,11,0,0,10,0,0,15
"1042","Female","Black",2009,69,"Assault",3,2,2,0,2,0,0,1,0,0,3
"1043","Male","Black",2009,69,"Assault",14,12,10,0,9,0,0,9,0,0,14
"1044","Male","Hispanic",2009,69,"Assault",1,1,1,0,1,0,0,0,0,0,1
"1045","Male","Black",2010,69,"Assault",5,3,2,0,1,0,0,1,0,0,5
"1046","Male","Asian",2006,70,"Assault",1,1,1,0,1,0,0,1,0,0,1
"1047","Female","Black",2006,70,"Assault",2,2,2,0,2,0,0,2,0,0,2
"1048","Male","Black",2006,70,"Assault",13,12,10,0,6,0,1,8,0,0,13
"1049","Male","Hispanic",2006,70,"Assault",11,11,10,0,6,0,0,7,0,0,11
"1050","Male","White",2006,70,"Assault",5,5,3,0,2,0,0,3,0,0,5
"1051","Female","Black",2007,70,"Assault",3,3,1,0,0,0,0,1,0,0,3
"1052","Male","Black",2007,70,"Assault",15,13,6,0,6,0,0,13,0,0,15
"1053","Male","Hispanic",2007,70,"Assault",4,4,3,0,2,0,0,3,0,0,4
"1054","Female","White",2007,70,"Assault",1,1,0,0,0,0,0,0,0,0,1
"1055","Male","White",2007,70,"Assault",2,1,2,0,2,0,0,1,0,0,2
"1056","Female","Black",2008,70,"Assault",3,2,1,0,1,0,0,1,0,0,3
"1057","Male","Black",2008,70,"Assault",18,17,9,1,7,0,0,14,0,0,18
"1058","Female","Hispanic",2008,70,"Assault",2,2,1,0,1,0,0,1,0,0,2
"1059","Male","Hispanic",2008,70,"Assault",14,13,9,1,5,0,0,12,0,0,14
"1060","Male","Native",2008,70,"Assault",1,1,1,0,1,0,0,0,0,0,1
"1061","Male","White",2008,70,"Assault",1,1,1,0,1,0,0,1,0,0,1
"1062","Female","Asian",2009,70,"Assault",1,1,0,0,1,0,0,1,0,0,1
"1063","Female","Black",2009,70,"Assault",4,4,2,0,2,0,0,2,0,0,4
"1064","Male","Black",2009,70,"Assault",20,20,10,0,9,1,0,8,0,0,20
"1065","Female","Hispanic",2009,70,"Assault",2,2,0,0,1,0,0,1,0,0,2
"1066","Male","Hispanic",2009,70,"Assault",11,11,6,0,1,0,0,7,0,0,11
"1067","Female","White",2009,70,"Assault",1,1,0,0,0,0,0,1,0,0,1
"1068","Male","White",2009,70,"Assault",2,2,0,0,2,1,0,1,0,0,2
"1069","Male","Asian",2010,70,"Assault",1,1,0,0,0,0,0,1,0,0,1
"1070","Female","Black",2010,70,"Assault",2,2,0,0,0,0,0,0,0,0,2
"1071","Male","Black",2010,70,"Assault",7,7,1,0,2,0,0,4,0,0,7
"1072","Male","Hispanic",2010,70,"Assault",4,4,1,0,1,0,0,2,0,0,4
"1073","Male","Native",2010,70,"Assault",1,1,1,0,0,0,0,0,0,0,1
"1074","Female","White",2010,70,"Assault",1,0,0,0,0,0,0,0,0,0,1
"1075","Male","White",2010,70,"Assault",2,2,1,0,0,0,0,0,0,0,2
"1076","Male","Black",2006,71,"Assault",2,2,2,0,1,0,1,2,0,0,2
"1077","Female","Black",2007,71,"Assault",1,1,0,0,1,0,0,0,0,0,1
"1078","Male","Black",2007,71,"Assault",3,3,2,0,2,0,0,0,0,0,3
"1079","Female","Black",2008,71,"Assault",3,3,2,0,2,0,0,1,0,0,3
"1080","Male","Black",2008,71,"Assault",18,14,7,0,3,0,0,4,0,0,18
"1081","Male","Hispanic",2008,71,"Assault",2,2,1,0,0,0,0,1,0,0,2
"1082","Male","Native",2008,71,"Assault",1,1,1,0,1,0,0,0,0,0,1
"1083","Female","Black",2009,71,"Assault",2,1,0,0,1,0,0,1,0,0,2
"1084","Male","Black",2009,71,"Assault",23,19,5,0,3,0,0,6,0,0,23
"1085","Male","White",2009,71,"Assault",1,1,0,0,0,0,0,0,0,0,1
"1086","Female","Black",2010,71,"Assault",2,1,1,0,0,0,0,1,0,0,2
"1087","Male","Black",2010,71,"Assault",10,7,4,0,1,0,0,1,0,0,10
"1088","Female","Black",2006,72,"Assault",1,0,0,0,0,0,0,0,0,0,1
"1089","Male","Black",2006,72,"Assault",5,2,1,0,2,0,0,1,0,0,5
"1090","Male","Hispanic",2006,72,"Assault",8,8,3,0,3,0,0,0,0,0,8
"1091","Male","White",2006,72,"Assault",1,1,1,0,1,0,0,1,0,0,1
"1092","Male","Asian",2007,72,"Assault",2,1,1,0,1,0,0,1,0,0,2
"1093","Male","Black",2007,72,"Assault",4,4,2,0,2,0,0,2,0,0,4
"1094","Female","Hispanic",2007,72,"Assault",1,1,1,0,1,0,0,0,0,0,1
"1095","Male","Hispanic",2007,72,"Assault",25,22,13,0,12,0,0,13,0,0,25
"1096","Unknown","Other",2007,72,"Assault",1,1,1,0,1,0,0,1,0,0,1
"1097","Female","White",2007,72,"Assault",1,1,1,0,1,0,0,0,0,0,1
"1098","Male","White",2007,72,"Assault",2,2,2,0,0,0,0,0,0,0,2
"1099","Male","Asian",2008,72,"Assault",3,3,2,0,1,0,0,2,0,0,3
"1100","Male","Black",2008,72,"Assault",3,3,1,0,0,0,0,2,0,0,3
"1101","Female","Hispanic",2008,72,"Assault",2,1,1,0,1,0,0,1,0,0,2
"1102","Male","Hispanic",2008,72,"Assault",14,13,6,0,7,0,0,1,0,0,14
"1103","Male","White",2008,72,"Assault",1,1,1,0,1,0,0,0,0,0,1
"1104","Female","Black",2009,72,"Assault",1,1,0,0,0,0,0,1,0,0,1
"1105","Male","Hispanic",2009,72,"Assault",29,28,26,0,17,0,3,23,0,0,29
"1106","Female","White",2009,72,"Assault",1,1,1,0,0,0,0,1,0,0,1
"1107","Male","White",2009,72,"Assault",1,1,0,0,0,0,0,0,0,0,1
"1108","Male","Asian",2010,72,"Assault",1,1,1,0,0,0,0,0,0,0,1
"1109","Male","Black",2010,72,"Assault",1,1,1,0,1,0,0,1,0,0,1
"1110","Male","Hispanic",2010,72,"Assault",16,13,8,0,11,0,1,12,0,0,16
"1111","Female","Black",2005,73,"Assault",4,4,2,0,0,0,0,1,0,0,4
"1112","Male","Black",2005,73,"Assault",14,12,11,0,5,0,0,1,0,0,14
"1113","Female","Hispanic",2005,73,"Assault",2,2,0,0,0,0,0,0,0,0,2
"1114","Male","Hispanic",2005,73,"Assault",5,4,3,0,0,0,0,1,0,0,5
"1115","Male","Black",2006,73,"Assault",9,9,6,0,2,0,0,4,0,0,9
"1116","Female","Black",2007,73,"Assault",5,3,2,0,1,0,0,0,0,0,5
"1117","Male","Black",2007,73,"Assault",11,7,4,0,3,0,0,5,0,0,11
"1118","Unknown","Black",2007,73,"Assault",1,1,0,0,0,0,0,1,0,0,1
"1119","Male","Hispanic",2007,73,"Assault",1,0,0,0,0,0,0,0,0,0,1
"1120","Female","Black",2008,73,"Assault",4,4,4,0,0,0,0,3,0,0,4
"1121","Male","Black",2008,73,"Assault",6,6,6,0,2,0,0,2,0,0,6
"1122","Male","Hispanic",2008,73,"Assault",5,5,3,0,2,0,0,2,0,0,5
"1123","Female","Other",2008,73,"Assault",1,1,0,0,1,0,0,1,0,0,1
"1124","Unknown","Other",2008,73,"Assault",2,2,1,0,1,0,0,2,0,0,2
"1125","Female","Black",2009,73,"Assault",1,1,1,0,0,0,0,0,0,0,1
"1126","Male","Black",2009,73,"Assault",21,18,12,0,5,0,0,10,0,0,21
"1127","Male","Hispanic",2009,73,"Assault",3,3,3,0,2,0,0,2,0,0,3
"1128","Female","Black",2010,73,"Assault",5,4,1,0,1,0,0,1,0,0,5
"1129","Male","Black",2010,73,"Assault",5,5,2,0,1,0,0,1,0,0,5
"1130","Unknown","Black",2010,73,"Assault",1,1,0,1,1,0,0,1,0,0,1
"1131","Male","Black",2005,75,"Assault",5,5,5,0,2,0,0,3,0,0,5
"1132","Female","Black",2006,75,"Assault",3,3,3,0,1,0,0,0,0,0,3
"1133","Male","Black",2006,75,"Assault",12,8,8,0,4,0,0,1,0,0,12
"1134","Male","Hispanic",2006,75,"Assault",9,8,7,0,4,0,0,2,0,0,9
"1135","Unknown","Other",2006,75,"Assault",3,3,3,0,1,0,0,0,0,0,3
"1136","Female","White",2006,75,"Assault",1,1,1,0,1,0,0,0,0,0,1
"1137","Male","White",2006,75,"Assault",1,1,1,0,1,0,0,1,0,0,1
"1138","Male","Asian",2007,75,"Assault",3,3,2,0,0,0,0,1,0,0,3
"1139","Female","Black",2007,75,"Assault",14,12,12,0,7,0,1,5,0,0,14
"1140","Male","Black",2007,75,"Assault",37,31,29,0,18,0,0,6,0,0,37
"1141","Female","Hispanic",2007,75,"Assault",3,1,1,0,2,1,0,0,0,0,3
"1142","Male","Hispanic",2007,75,"Assault",17,16,10,0,10,0,0,9,0,0,17
"1143","Unknown","Hispanic",2007,75,"Assault",1,1,1,0,1,0,0,1,0,0,1
"1144","Male","Other",2007,75,"Assault",2,2,1,0,1,0,0,1,0,0,2
"1145","Unknown","Other",2007,75,"Assault",2,1,1,0,1,0,0,1,0,0,2
"1146","Male","White",2007,75,"Assault",1,1,1,0,0,0,0,0,0,0,1
"1147","Male","Asian",2008,75,"Assault",3,2,3,0,0,0,0,0,0,0,3
"1148","Female","Black",2008,75,"Assault",6,5,5,0,4,0,0,2,0,0,6
"1149","Male","Black",2008,75,"Assault",30,26,21,0,12,1,0,11,0,0,30
"1150","Female","Hispanic",2008,75,"Assault",3,1,1,0,1,0,1,0,0,0,3
"1151","Male","Hispanic",2008,75,"Assault",25,23,16,0,12,0,3,9,0,0,25
"1152","Unknown","Other",2008,75,"Assault",2,1,0,0,0,0,0,1,0,0,2
"1153","Male","White",2008,75,"Assault",1,1,1,0,0,0,0,0,0,0,1
"1154","Female","Black",2009,75,"Assault",5,4,5,0,3,0,0,1,0,0,5
"1155","Male","Black",2009,75,"Assault",53,44,31,1,21,0,0,12,0,0,53
"1156","Female","Hispanic",2009,75,"Assault",3,3,2,0,1,0,0,2,0,0,3
"1157","Male","Hispanic",2009,75,"Assault",26,23,18,0,6,0,0,8,0,0,26
"1158","Unknown","Hispanic",2009,75,"Assault",1,0,1,0,0,0,0,0,0,0,1
"1159","Female","Other",2009,75,"Assault",1,0,0,0,0,0,0,0,0,0,1
"1160","Male","Other",2009,75,"Assault",1,1,0,0,0,0,0,0,0,0,1
"1161","Male","White",2009,75,"Assault",1,1,1,0,1,0,0,0,0,0,1
"1162","Female","Black",2010,75,"Assault",7,3,4,0,6,0,0,1,0,0,7
"1163","Male","Black",2010,75,"Assault",36,34,24,0,16,1,0,10,0,0,36
"1164","Female","Hispanic",2010,75,"Assault",1,1,0,0,1,0,0,0,0,0,1
"1165","Male","Hispanic",2010,75,"Assault",9,9,9,0,3,0,0,2,0,0,9
"1166","Male","White",2010,75,"Assault",2,2,1,0,1,0,0,0,0,0,2
"1167","Male","Black",2005,76,"Assault",1,1,1,0,1,0,0,1,0,0,1
"1168","Female","Other",2005,76,"Assault",1,1,0,0,0,0,0,0,0,0,1
"1169","Female","White",2005,76,"Assault",1,1,0,0,1,0,0,1,0,0,1
"1170","Male","Black",2006,76,"Assault",5,5,4,0,4,0,0,3,0,0,5
"1171","Female","Black",2007,76,"Assault",3,3,3,0,1,0,0,1,0,0,3
"1172","Male","Black",2007,76,"Assault",5,5,4,1,3,1,2,3,0,0,5
"1173","Female","Hispanic",2007,76,"Assault",1,1,0,0,1,0,0,1,0,0,1
"1174","Male","Hispanic",2007,76,"Assault",5,5,3,0,4,0,0,4,0,0,5
"1175","Male","Other",2007,76,"Assault",1,1,0,0,1,0,0,1,0,0,1
"1176","Male","White",2007,76,"Assault",1,1,0,0,1,0,0,1,0,0,1
"1177","Female","Black",2008,76,"Assault",1,1,1,0,1,0,0,0,0,0,1
"1178","Male","Black",2008,76,"Assault",2,2,2,0,1,0,0,1,0,0,2
"1179","Female","Hispanic",2008,76,"Assault",1,1,1,0,1,0,0,1,0,0,1
"1180","Male","Hispanic",2008,76,"Assault",1,1,1,0,1,0,1,0,0,0,1
"1181","Female","Black",2009,76,"Assault",3,3,3,0,2,0,0,2,0,0,3
"1182","Male","Black",2009,76,"Assault",5,5,4,0,3,0,0,3,0,0,5
"1183","Male","Hispanic",2009,76,"Assault",2,2,2,0,1,0,0,2,0,0,2
"1184","Male","White",2009,76,"Assault",1,1,1,0,1,0,0,1,0,0,1
"1185","Male","Black",2010,76,"Assault",4,3,3,0,2,0,0,2,0,0,4
"1186","Female","Black",2005,77,"Assault",2,1,0,0,1,0,0,0,0,0,2
"1187","Male","Black",2005,77,"Assault",9,8,6,0,4,0,0,4,0,0,9
"1188","Male","Hispanic",2005,77,"Assault",1,1,1,0,1,0,0,1,0,0,1
"1189","Female","Black",2006,77,"Assault",11,10,9,0,5,0,0,1,0,0,11
"1190","Male","Black",2006,77,"Assault",10,9,8,0,6,0,0,3,0,0,10
"1191","Unknown","Other",2006,77,"Assault",2,2,0,0,0,0,0,2,0,0,2
"1192","Male","White",2006,77,"Assault",1,0,0,0,0,0,0,0,0,0,1
"1193","Female","Black",2007,77,"Assault",2,1,1,0,1,0,0,0,0,0,2
"1194","Male","Black",2007,77,"Assault",5,5,3,0,2,0,0,2,0,0,5
"1195","Female","Black",2008,77,"Assault",1,0,1,0,0,0,0,0,0,0,1
"1196","Male","Black",2008,77,"Assault",9,6,5,0,1,0,0,4,0,0,9
"1197","Unknown","Black",2008,77,"Assault",1,1,1,0,0,0,0,1,0,0,1
"1198","Female","Black",2009,77,"Assault",3,3,2,0,2,0,0,2,0,0,3
"1199","Male","Black",2009,77,"Assault",13,11,9,0,4,0,0,5,0,0,13
"1200","Male","Hispanic",2009,77,"Assault",2,2,1,0,1,0,0,1,0,0,2
"1201","Unknown","Other",2009,77,"Assault",1,1,0,0,0,0,0,1,0,0,1
"1202","Male","Asian",2010,77,"Assault",1,1,0,0,0,0,0,0,0,0,1
"1203","Female","Black",2010,77,"Assault",2,1,0,0,0,0,0,0,0,0,2
"1204","Male","Black",2010,77,"Assault",12,10,2,0,0,0,0,0,0,0,12
"1205","Male","Hispanic",2010,77,"Assault",1,1,1,0,0,0,0,0,0,0,1
"1206","Female","Other",2010,77,"Assault",1,1,1,0,0,0,0,0,0,0,1
"1207","Male","Black",2005,78,"Assault",1,1,0,0,0,0,0,0,0,0,1
"1208","Male","Black",2006,78,"Assault",6,3,2,0,4,0,0,3,0,0,6
"1209","Male","Hispanic",2006,78,"Assault",4,3,1,0,3,0,0,2,0,0,4
"1210","Male","White",2006,78,"Assault",2,1,0,0,0,0,0,1,0,0,2
"1211","Female","Black",2007,78,"Assault",1,1,1,0,1,0,0,0,0,0,1
"1212","Male","Black",2007,78,"Assault",7,7,0,0,0,0,0,0,0,0,7
"1213","Male","Hispanic",2007,78,"Assault",3,2,0,0,0,0,0,0,0,0,3
"1214","Female","White",2007,78,"Assault",1,0,0,0,0,0,0,1,0,0,1
"1215","Male","White",2007,78,"Assault",3,2,2,0,2,0,0,1,0,0,3
"1216","Female","Black",2008,78,"Assault",2,0,0,0,0,0,0,0,0,0,2
"1217","Male","Black",2008,78,"Assault",5,1,2,0,0,0,0,0,0,0,5
"1218","Female","Other",2008,78,"Assault",1,0,0,0,0,0,0,0,0,0,1
"1219","Male","Other",2008,78,"Assault",3,0,0,0,0,0,0,0,0,0,3
"1220","Female","White",2008,78,"Assault",1,0,0,0,0,0,0,0,0,0,1
"1221","Male","White",2008,78,"Assault",1,1,1,0,0,0,0,0,0,0,1
"1222","Female","Black",2009,78,"Assault",3,3,0,0,0,0,0,0,0,0,3
"1223","Male","Black",2009,78,"Assault",2,1,1,0,0,0,0,1,0,0,2
"1224","Male","Hispanic",2009,78,"Assault",1,1,1,0,0,0,0,0,0,0,1
"1225","Male","White",2009,78,"Assault",2,2,1,0,0,0,0,0,0,0,2
"1226","Male","Hispanic",2010,78,"Assault",1,1,1,0,0,0,0,0,0,0,1
"1227","Male","Other",2010,78,"Assault",1,1,1,0,1,0,0,1,0,0,1
"1228","Male","White",2010,78,"Assault",1,1,0,0,0,0,0,0,0,0,1
"1229","Female","Black",2005,79,"Assault",1,1,1,0,0,0,0,0,0,0,1
"1230","Male","Black",2005,79,"Assault",3,3,3,0,2,0,1,2,0,0,3
"1231","Unknown","Black",2005,79,"Assault",1,1,0,0,1,0,0,1,0,0,1
"1232","Male","Hispanic",2005,79,"Assault",2,1,1,0,0,0,0,1,0,0,2
"1233","Unknown","Other",2005,79,"Assault",1,1,1,0,1,0,0,1,0,0,1
"1234","Female","Black",2006,79,"Assault",1,1,1,0,0,0,0,0,0,0,1
"1235","Male","Black",2006,79,"Assault",11,10,8,0,3,0,1,5,0,0,11
"1236","Male","Hispanic",2006,79,"Assault",1,1,1,0,0,0,0,0,0,0,1
"1237","Unknown","Other",2006,79,"Assault",1,1,1,0,0,0,0,0,0,0,1
"1238","Male","Asian",2007,79,"Assault",1,1,1,0,1,0,0,0,0,0,1
"1239","Female","Black",2007,79,"Assault",7,7,3,0,3,0,0,1,0,0,7
"1240","Male","Black",2007,79,"Assault",16,15,7,0,5,0,0,5,0,0,16
"1241","Male","Hispanic",2007,79,"Assault",9,7,5,0,2,0,0,4,0,0,9
"1242","Male","Other",2007,79,"Assault",1,1,0,0,0,0,0,0,0,0,1
"1243","Unknown","Other",2007,79,"Assault",2,2,0,0,2,0,0,2,0,0,2
"1244","Male","White",2007,79,"Assault",2,2,2,0,0,0,0,0,0,0,2
"1245","Female","Black",2008,79,"Assault",10,10,3,0,7,0,0,3,0,0,10
"1246","Male","Black",2008,79,"Assault",33,30,22,1,18,1,0,10,0,0,33
"1247","Female","Hispanic",2008,79,"Assault",2,2,2,0,2,0,0,2,0,0,2
"1248","Male","Hispanic",2008,79,"Assault",7,7,4,1,2,0,0,2,0,0,7
"1249","Male","Other",2008,79,"Assault",1,1,0,0,1,0,0,1,0,0,1
"1250","Female","White",2008,79,"Assault",2,2,2,0,2,0,0,0,0,0,2
"1251","Male","White",2008,79,"Assault",2,1,1,0,1,0,0,1,0,0,2
"1252","Male","Asian",2009,79,"Assault",1,1,0,0,0,0,0,0,0,0,1
"1253","Female","Black",2009,79,"Assault",8,4,2,0,3,0,0,3,0,0,8
"1254","Male","Black",2009,79,"Assault",38,34,24,0,15,1,0,13,0,0,38
"1255","Female","Hispanic",2009,79,"Assault",1,1,0,0,1,0,0,0,0,0,1
"1256","Male","Hispanic",2009,79,"Assault",23,23,7,0,9,0,0,17,0,0,23
"1257","Female","Black",2010,79,"Assault",3,1,3,0,2,0,0,2,0,0,3
"1258","Male","Black",2010,79,"Assault",12,12,7,0,5,1,0,2,0,0,12
"1259","Male","Hispanic",2010,79,"Assault",2,2,2,0,1,0,0,0,0,0,2
"1260","Male","Asian",2005,81,"Assault",1,1,1,0,1,0,0,0,0,0,1
"1261","Female","Black",2005,81,"Assault",2,2,2,0,0,0,0,0,0,0,2
"1262","Male","Black",2005,81,"Assault",5,5,3,0,0,0,0,0,0,0,5
"1263","Female","Black",2006,81,"Assault",1,0,1,0,1,0,0,0,0,0,1
"1264","Male","Black",2006,81,"Assault",4,4,3,0,1,0,0,0,0,0,4
"1265","Female","Hispanic",2006,81,"Assault",1,1,1,0,0,0,0,0,0,0,1
"1266","Male","Black",2007,81,"Assault",8,8,5,0,2,0,1,3,0,0,8
"1267","Male","Hispanic",2007,81,"Assault",1,1,1,0,0,0,0,0,0,0,1
"1268","Male","White",2007,81,"Assault",1,1,1,0,0,0,0,0,0,0,1
"1269","Female","Black",2008,81,"Assault",1,1,0,0,0,0,0,0,0,0,1
"1270","Male","Black",2008,81,"Assault",6,5,4,0,2,0,3,4,0,0,6
"1271","Male","Hispanic",2008,81,"Assault",3,3,3,0,0,0,0,2,0,0,3
"1272","Male","Black",2009,81,"Assault",15,13,5,0,4,0,0,4,0,0,15
"1273","Female","Hispanic",2009,81,"Assault",1,1,1,0,0,0,0,0,0,0,1
"1274","Female","Black",2010,81,"Assault",2,2,1,0,0,0,0,0,0,0,2
"1275","Male","Black",2010,81,"Assault",18,17,5,0,0,0,0,0,0,0,18
"1276","Male","Hispanic",2010,81,"Assault",3,3,0,0,0,0,0,0,0,0,3
"1277","Male","Black",2005,83,"Assault",1,1,1,0,0,0,1,1,0,0,1
"1278","Unknown","Black",2005,83,"Assault",1,1,1,0,1,0,0,1,0,0,1
"1279","Female","Hispanic",2005,83,"Assault",2,2,2,0,0,0,0,0,0,0,2
"1280","Male","Hispanic",2005,83,"Assault",2,1,1,0,0,0,0,1,0,0,2
"1281","Unknown","Other",2005,83,"Assault",1,1,1,0,0,0,0,0,0,0,1
"1282","Male","Black",2006,83,"Assault",2,2,1,0,2,0,0,1,0,0,2
"1283","Male","Hispanic",2006,83,"Assault",3,3,2,0,2,0,1,2,0,0,3
"1284","Male","Black",2007,83,"Assault",2,2,2,0,1,0,0,1,0,0,2
"1285","Male","Hispanic",2007,83,"Assault",5,5,3,1,2,0,1,3,0,0,5
"1286","Female","Black",2008,83,"Assault",2,1,1,0,2,0,0,0,0,0,2
"1287","Male","Black",2008,83,"Assault",6,3,2,0,4,0,0,1,0,0,6
"1288","Male","Hispanic",2008,83,"Assault",5,5,3,0,2,0,0,1,0,0,5
"1289","Male","Black",2009,83,"Assault",7,7,3,0,1,0,0,1,0,0,7
"1290","Female","Hispanic",2009,83,"Assault",1,1,0,0,0,0,0,0,0,0,1
"1291","Male","Hispanic",2009,83,"Assault",15,15,10,0,4,0,0,8,0,0,15
"1292","Male","Black",2010,83,"Assault",7,7,4,1,1,0,0,4,0,0,7
"1293","Female","Hispanic",2010,83,"Assault",3,3,1,0,1,0,0,0,0,0,3
"1294","Male","Hispanic",2010,83,"Assault",11,11,8,0,5,0,0,9,0,0,11
"1295","Male","White",2010,83,"Assault",1,1,1,0,0,0,0,0,0,0,1
"1296","Male","Black",2006,84,"Assault",6,4,2,0,4,0,0,4,0,0,6
"1297","Male","Hispanic",2006,84,"Assault",1,1,1,0,1,0,0,1,0,0,1
"1298","Female","White",2006,84,"Assault",1,1,1,0,1,0,0,1,0,0,1
"1299","Female","Black",2007,84,"Assault",1,1,0,0,1,0,0,1,0,0,1
"1300","Male","Black",2007,84,"Assault",16,16,13,0,7,0,0,6,0,0,16
"1301","Female","Hispanic",2007,84,"Assault",3,3,3,0,2,0,0,1,0,0,3
"1302","Male","Hispanic",2007,84,"Assault",8,8,8,0,2,0,0,6,0,0,8
"1303","Male","Asian",2008,84,"Assault",1,1,0,0,0,0,0,0,0,0,1
"1304","Male","Black",2008,84,"Assault",12,8,3,0,0,0,0,2,0,0,12
"1305","Female","Hispanic",2008,84,"Assault",2,0,0,0,0,0,0,0,0,0,2
"1306","Male","Hispanic",2008,84,"Assault",8,8,3,0,2,0,0,0,0,0,8
"1307","Female","White",2008,84,"Assault",2,1,0,0,2,0,0,1,0,0,2
"1308","Male","White",2008,84,"Assault",4,3,1,0,2,0,0,0,0,0,4
"1309","Female","Black",2009,84,"Assault",11,9,10,0,3,0,0,3,0,0,11
"1310","Male","Black",2009,84,"Assault",11,10,9,0,3,0,0,4,0,0,11
"1311","Female","Hispanic",2009,84,"Assault",1,1,1,0,0,0,0,0,0,0,1
"1312","Male","Hispanic",2009,84,"Assault",2,1,0,0,0,0,0,0,0,0,2
"1313","Male","Native",2009,84,"Assault",1,1,1,0,0,0,0,0,0,0,1
"1314","Male","Other",2009,84,"Assault",1,1,1,0,1,0,0,1,0,0,1
"1315","Male","White",2009,84,"Assault",1,1,1,0,1,0,0,1,0,0,1
"1316","Female","Black",2010,84,"Assault",6,5,3,0,1,0,0,0,0,0,6
"1317","Male","Black",2010,84,"Assault",8,8,5,0,4,0,0,0,0,0,8
"1318","Male","Hispanic",2010,84,"Assault",5,4,5,0,1,0,0,0,0,0,5
"1319","Male","Black",2005,88,"Assault",1,1,1,0,0,0,0,0,0,0,1
"1320","Female","Black",2006,88,"Assault",3,0,0,0,3,0,0,0,0,0,3
"1321","Male","Black",2006,88,"Assault",6,5,5,0,5,0,1,4,0,0,6
"1322","Female","Asian",2007,88,"Assault",1,0,1,0,0,0,0,0,0,0,1
"1323","Female","Black",2007,88,"Assault",5,3,4,0,1,0,0,1,0,0,5
"1324","Male","Black",2007,88,"Assault",16,12,14,0,2,0,1,4,0,0,16
"1325","Female","Hispanic",2007,88,"Assault",1,1,1,0,0,0,0,0,0,0,1
"1326","Male","Hispanic",2007,88,"Assault",1,1,1,0,0,0,0,0,0,0,1
"1327","Male","White",2007,88,"Assault",1,1,1,0,1,0,0,1,0,0,1
"1328","Female","Black",2008,88,"Assault",8,7,4,0,1,0,0,1,0,0,8
"1329","Male","Black",2008,88,"Assault",15,14,8,0,5,0,0,5,0,0,15
"1330","Male","Hispanic",2008,88,"Assault",4,4,1,0,0,0,0,0,0,0,4
"1331","Male","Native",2008,88,"Assault",2,2,0,0,0,0,0,0,0,0,2
"1332","Female","White",2008,88,"Assault",1,1,1,0,0,0,0,0,0,0,1
"1333","Female","Asian",2009,88,"Assault",1,1,1,0,1,0,0,1,0,0,1
"1334","Female","Black",2009,88,"Assault",8,3,3,0,4,0,0,1,0,0,8
"1335","Male","Black",2009,88,"Assault",17,15,10,0,12,0,0,7,0,0,17
"1336","Female","Hispanic",2009,88,"Assault",1,1,1,0,0,0,0,0,0,0,1
"1337","Male","Hispanic",2009,88,"Assault",3,3,0,0,0,0,0,0,0,0,3
"1338","Female","White",2009,88,"Assault",1,1,0,0,1,0,0,1,0,0,1
"1339","Male","White",2009,88,"Assault",2,2,2,0,2,0,0,1,0,0,2
"1340","Female","Asian",2010,88,"Assault",1,1,1,0,0,0,0,0,0,0,1
"1341","Female","Black",2010,88,"Assault",2,0,0,0,0,0,0,0,0,0,2
"1342","Male","Black",2010,88,"Assault",22,16,16,0,10,0,0,11,0,0,22
"1343","Male","Hispanic",2010,88,"Assault",5,5,5,0,2,0,1,2,0,0,5
"1344","Male","Hispanic",2005,90,"Assault",2,2,0,0,0,0,0,2,0,0,2
"1345","Male","Hispanic",2006,90,"Assault",5,5,4,0,1,0,0,2,0,0,5
"1346","Male","Black",2007,90,"Assault",8,7,5,0,3,0,1,5,0,0,8
"1347","Male","Hispanic",2007,90,"Assault",13,11,7,0,5,0,0,4,0,0,13
"1348","Female","White",2007,90,"Assault",1,1,1,0,0,0,0,0,0,0,1
"1349","Male","White",2007,90,"Assault",1,1,0,0,0,0,0,0,0,0,1
"1350","Male","Asian",2008,90,"Assault",1,1,1,0,0,0,0,0,0,0,1
"1351","Female","Black",2008,90,"Assault",1,1,1,0,0,0,0,0,0,0,1
"1352","Male","Black",2008,90,"Assault",4,4,4,0,0,0,0,0,0,0,4
"1353","Male","Hispanic",2008,90,"Assault",10,10,9,0,7,0,0,2,0,0,10
"1354","Male","Other",2008,90,"Assault",2,2,0,0,1,0,0,2,0,0,2
"1355","Male","White",2008,90,"Assault",2,2,2,0,2,0,0,1,0,0,2
"1356","Female","Black",2009,90,"Assault",3,3,3,0,2,0,0,2,0,0,3
"1357","Male","Black",2009,90,"Assault",10,10,7,0,1,0,0,3,0,0,10
"1358","Female","Hispanic",2009,90,"Assault",2,2,2,0,2,1,0,2,0,0,2
"1359","Male","Hispanic",2009,90,"Assault",20,18,12,1,13,0,0,11,0,0,20
"1360","Male","Other",2009,90,"Assault",1,1,1,0,0,0,0,0,0,0,1
"1361","Male","White",2009,90,"Assault",2,2,1,0,1,0,0,1,0,0,2
"1362","Male","Black",2010,90,"Assault",13,13,5,1,6,0,0,7,0,0,13
"1363","Female","Hispanic",2010,90,"Assault",3,1,0,0,0,0,0,1,0,0,3
"1364","Male","Hispanic",2010,90,"Assault",12,11,8,0,4,0,0,4,0,0,12
"1365","Male","Other",2010,90,"Assault",1,1,0,0,0,0,0,0,0,0,1
"1366","Male","White",2010,90,"Assault",1,1,0,0,1,0,0,1,0,0,1
"1367","Male","Black",2005,94,"Assault",1,1,1,0,0,0,0,1,0,0,1
"1368","Male","White",2005,94,"Assault",4,4,3,0,2,0,0,2,0,0,4
"1369","Female","White",2006,94,"Assault",1,1,0,0,0,0,0,0,0,0,1
"1370","Male","White",2006,94,"Assault",9,9,2,0,5,0,0,1,0,0,9
"1371","Male","Hispanic",2007,94,"Assault",2,1,2,0,1,0,0,0,0,0,2
"1372","Male","White",2007,94,"Assault",2,1,1,0,2,0,0,2,0,0,2
"1373","Male","Black",2008,94,"Assault",1,1,1,0,0,0,0,0,0,0,1
"1374","Male","Hispanic",2008,94,"Assault",1,1,1,0,0,0,0,0,0,0,1
"1375","Male","White",2008,94,"Assault",5,5,4,0,0,0,0,0,0,0,5
"1376","Female","Black",2009,94,"Assault",1,1,1,0,1,0,0,0,0,0,1
"1377","Male","Black",2009,94,"Assault",1,1,1,0,0,0,0,1,0,0,1
"1378","Female","Hispanic",2009,94,"Assault",3,2,2,0,2,0,0,1,0,0,3
"1379","Male","Hispanic",2009,94,"Assault",5,5,5,0,1,0,0,1,0,0,5
"1380","Male","White",2009,94,"Assault",3,3,2,0,1,0,0,1,0,0,3
"1381","Male","Black",2010,94,"Assault",9,9,5,0,0,0,0,1,0,0,9
"1382","Male","Hispanic",2010,94,"Assault",3,3,1,0,0,0,0,0,0,0,3
"1383","Female","Black",2006,100,"Assault",3,3,3,0,2,0,0,0,0,0,3
"1384","Male","Black",2006,100,"Assault",7,7,2,0,3,0,0,3,0,0,7
"1385","Female","Hispanic",2006,100,"Assault",2,2,2,0,1,0,0,0,0,0,2
"1386","Male","Hispanic",2006,100,"Assault",2,2,2,0,0,0,0,0,0,0,2
"1387","Male","White",2006,100,"Assault",3,3,2,0,0,0,0,0,0,0,3
"1388","Female","Black",2007,100,"Assault",3,2,3,0,3,0,0,2,0,0,3
"1389","Male","Black",2007,100,"Assault",7,7,6,0,4,0,1,5,0,0,7
"1390","Female","Hispanic",2007,100,"Assault",1,1,1,0,0,0,0,0,0,0,1
"1391","Male","Hispanic",2007,100,"Assault",7,6,4,0,3,0,0,3,0,0,7
"1392","Male","White",2007,100,"Assault",9,9,9,0,6,0,0,7,0,0,9
"1393","Female","Black",2008,100,"Assault",5,5,5,0,1,0,0,1,0,0,5
"1394","Male","Black",2008,100,"Assault",9,9,9,0,8,0,0,8,0,0,9
"1395","Male","Hispanic",2008,100,"Assault",1,1,0,0,0,0,0,1,0,0,1
"1396","Male","White",2008,100,"Assault",4,3,3,0,4,0,0,3,0,0,4
"1397","Female","Black",2009,100,"Assault",5,5,5,0,4,0,0,3,0,0,5
"1398","Male","Black",2009,100,"Assault",10,9,7,0,4,0,0,6,0,0,10
"1399","Male","Hispanic",2009,100,"Assault",6,6,5,0,2,0,0,3,0,0,6
"1400","Female","Other",2009,100,"Assault",2,0,0,0,0,0,0,0,0,0,2
"1401","Male","White",2009,100,"Assault",11,7,10,0,5,0,0,7,0,0,11
"1402","Female","Black",2010,100,"Assault",6,3,4,0,3,0,0,2,0,0,6
"1403","Male","Black",2010,100,"Assault",16,12,8,0,10,0,0,8,0,0,16
"1404","Male","Hispanic",2010,100,"Assault",4,4,3,0,4,0,0,2,0,0,4
"1405","Female","White",2010,100,"Assault",1,1,1,0,0,0,0,1,0,0,1
"1406","Male","White",2010,100,"Assault",7,6,3,0,3,0,0,2,0,0,7
"1407","Male","Hispanic",2005,101,"Assault",1,1,0,0,0,0,0,0,0,0,1
"1408","Female","Black",2006,101,"Assault",2,2,2,0,1,0,0,1,0,0,2
"1409","Male","Black",2006,101,"Assault",10,10,7,0,5,0,0,4,0,0,10
"1410","Female","Hispanic",2006,101,"Assault",1,1,1,0,0,0,0,0,0,0,1
"1411","Male","Hispanic",2006,101,"Assault",1,1,1,0,0,0,0,1,0,0,1
"1412","Female","Black",2007,101,"Assault",5,5,4,0,2,2,0,3,0,0,5
"1413","Male","Black",2007,101,"Assault",31,30,23,0,23,4,1,16,0,0,31
"1414","Male","Hispanic",2007,101,"Assault",3,3,1,0,1,0,0,0,0,0,3
"1415","Unknown","Other",2007,101,"Assault",1,1,1,0,1,0,0,1,0,0,1
"1416","Female","Black",2008,101,"Assault",2,2,2,0,2,0,0,2,0,0,2
"1417","Male","Black",2008,101,"Assault",18,17,9,0,9,0,0,3,0,0,18
"1418","Male","Hispanic",2008,101,"Assault",2,2,2,0,2,0,0,1,0,0,2
"1419","Male","White",2008,101,"Assault",2,2,2,0,0,0,0,0,0,0,2
"1420","Female","Black",2009,101,"Assault",1,1,0,0,0,0,0,0,0,0,1
"1421","Male","Black",2009,101,"Assault",31,30,14,0,12,0,0,5,0,0,31
"1422","Male","Hispanic",2009,101,"Assault",1,1,1,0,0,0,0,1,0,0,1
"1423","Male","Black",2010,101,"Assault",21,19,16,0,10,0,3,7,0,0,21
"1424","Male","Hispanic",2010,101,"Assault",2,2,2,0,2,0,0,1,0,0,2
"1425","Male","Other",2010,101,"Assault",1,1,0,0,0,0,0,1,0,0,1
"1426","Unknown","Other",2010,101,"Assault",1,1,0,0,0,0,0,1,0,0,1
"1427","Female","Asian",2006,102,"Assault",1,1,0,0,0,0,0,0,0,0,1
"1428","Male","Asian",2006,102,"Assault",20,20,12,0,13,0,2,15,0,0,20
"1429","Female","Black",2006,102,"Assault",4,3,3,0,3,0,0,3,0,0,4
"1430","Male","Black",2006,102,"Assault",16,16,15,0,9,0,1,6,0,0,16
"1431","Female","Hispanic",2006,102,"Assault",5,5,5,0,3,0,0,1,0,0,5
"1432","Male","Hispanic",2006,102,"Assault",33,31,29,0,23,0,0,16,0,0,33
"1433","Male","Native",2006,102,"Assault",4,4,0,0,1,0,0,0,0,0,4
"1434","Female","White",2006,102,"Assault",1,0,0,0,0,0,0,0,0,0,1
"1435","Male","White",2006,102,"Assault",13,10,11,0,6,0,0,4,0,0,13
"1436","Female","Asian",2007,102,"Assault",4,3,3,0,2,0,0,1,0,0,4
"1437","Male","Asian",2007,102,"Assault",21,20,16,0,12,0,0,12,0,0,21
"1438","Female","Black",2007,102,"Assault",4,4,3,0,3,0,0,2,0,0,4
"1439","Male","Black",2007,102,"Assault",12,12,8,0,4,0,0,5,0,0,12
"1440","Female","Hispanic",2007,102,"Assault",5,4,3,0,3,0,0,2,0,0,5
"1441","Male","Hispanic",2007,102,"Assault",37,35,30,0,19,0,0,19,0,0,37
"1442","Male","Native",2007,102,"Assault",5,0,0,0,0,0,0,0,0,0,5
"1443","Male","Other",2007,102,"Assault",1,1,1,0,1,0,0,0,0,0,1
"1444","Female","White",2007,102,"Assault",3,2,1,0,2,0,0,2,0,0,3
"1445","Male","White",2007,102,"Assault",7,7,2,0,5,0,0,4,0,0,7
"1446","Female","Asian",2008,102,"Assault",1,1,1,0,1,0,0,0,0,0,1
"1447","Male","Asian",2008,102,"Assault",29,27,24,0,11,0,0,10,0,0,29
"1448","Female","Black",2008,102,"Assault",5,5,5,0,2,0,0,1,0,0,5
"1449","Male","Black",2008,102,"Assault",17,17,12,0,4,0,0,3,0,0,17
"1450","Female","Hispanic",2008,102,"Assault",5,5,4,0,1,0,0,0,0,0,5
"1451","Male","Hispanic",2008,102,"Assault",55,52,43,0,28,0,0,27,0,0,55
"1452","Male","Native",2008,102,"Assault",1,1,1,0,0,0,0,1,0,0,1
"1453","Male","Other",2008,102,"Assault",1,1,1,0,0,0,0,0,0,0,1
"1454","Unknown","Other",2008,102,"Assault",3,3,2,0,0,0,0,1,0,0,3
"1455","Male","White",2008,102,"Assault",9,8,6,0,5,0,0,4,0,0,9
"1456","Male","Asian",2009,102,"Assault",41,41,39,0,27,0,0,25,0,0,41
"1457","Female","Black",2009,102,"Assault",2,2,0,0,1,0,0,0,0,0,2
"1458","Male","Black",2009,102,"Assault",15,15,14,0,5,0,0,5,0,0,15
"1459","Unknown","Black",2009,102,"Assault",1,0,1,0,1,0,0,0,0,0,1
"1460","Female","Hispanic",2009,102,"Assault",5,4,2,0,3,0,0,3,0,0,5
"1461","Male","Hispanic",2009,102,"Assault",71,69,64,0,41,0,3,46,0,0,71
"1462","Female","Other",2009,102,"Assault",1,1,1,0,0,0,0,0,0,0,1
"1463","Male","Other",2009,102,"Assault",6,6,3,0,2,0,1,2,0,0,6
"1464","Unknown","Other",2009,102,"Assault",1,1,1,0,1,0,0,1,0,0,1
"1465","Female","White",2009,102,"Assault",2,2,0,0,0,0,0,0,0,0,2
"1466","Male","White",2009,102,"Assault",7,6,6,0,3,0,0,3,0,0,7
"1467","Unknown","White",2009,102,"Assault",1,1,1,0,1,0,0,0,0,0,1
"1468","Female","Asian",2010,102,"Assault",3,2,3,0,3,0,0,2,0,0,3
"1469","Male","Asian",2010,102,"Assault",26,26,22,0,14,0,0,17,0,0,26
"1470","Unknown","Asian",2010,102,"Assault",1,1,1,0,1,0,0,0,0,0,1
"1471","Female","Black",2010,102,"Assault",2,1,1,0,0,0,0,0,0,0,2
"1472","Male","Black",2010,102,"Assault",12,12,12,0,6,0,0,9,0,0,12
"1473","Female","Hispanic",2010,102,"Assault",5,5,4,0,3,0,0,3,0,0,5
"1474","Male","Hispanic",2010,102,"Assault",15,13,13,0,6,0,0,8,0,0,15
"1475","Male","Other",2010,102,"Assault",3,3,3,0,2,0,0,3,0,0,3
"1476","Unknown","Other",2010,102,"Assault",1,1,1,0,0,0,0,0,0,0,1
"1477","Female","White",2010,102,"Assault",4,4,2,0,0,0,0,1,0,0,4
"1478","Male","White",2010,102,"Assault",4,3,3,0,3,0,0,2,0,0,4
"1479","Unknown","White",2010,102,"Assault",1,1,1,0,0,0,0,0,0,0,1
"1480","Male","Asian",2006,103,"Assault",2,2,1,0,2,0,0,2,0,0,2
"1481","Female","Black",2006,103,"Assault",1,1,1,0,1,0,0,1,0,0,1
"1482","Male","Black",2006,103,"Assault",26,24,15,0,10,0,2,15,0,0,26
"1483","Female","Hispanic",2006,103,"Assault",1,1,1,0,1,0,0,0,0,0,1
"1484","Male","Hispanic",2006,103,"Assault",11,10,8,0,5,0,0,9,0,0,11
"1485","Male","Native",2006,103,"Assault",1,1,1,0,1,0,0,0,0,0,1
"1486","Male","White",2006,103,"Assault",1,1,1,0,1,0,0,1,0,0,1
"1487","Male","Asian",2007,103,"Assault",4,4,4,0,3,0,0,3,0,0,4
"1488","Female","Black",2007,103,"Assault",4,4,4,0,3,0,0,3,0,0,4
"1489","Male","Black",2007,103,"Assault",14,12,7,0,7,0,0,9,0,0,14
"1490","Female","Hispanic",2007,103,"Assault",1,1,0,0,0,0,0,0,0,0,1
"1491","Male","Hispanic",2007,103,"Assault",8,7,7,0,4,0,0,6,0,0,8
"1492","Male","Native",2007,103,"Assault",3,3,2,0,2,0,0,3,0,0,3
"1493","Male","Asian",2008,103,"Assault",2,2,2,0,2,0,0,0,0,0,2
"1494","Female","Black",2008,103,"Assault",1,1,1,0,1,0,0,1,0,0,1
"1495","Male","Black",2008,103,"Assault",18,17,12,0,13,0,1,12,0,0,18
"1496","Female","Hispanic",2008,103,"Assault",1,0,0,0,0,0,0,0,0,0,1
"1497","Male","Hispanic",2008,103,"Assault",9,9,7,0,6,0,0,7,0,0,9
"1498","Male","White",2008,103,"Assault",1,1,0,0,0,0,0,0,0,0,1
"1499","Male","Asian",2009,103,"Assault",3,3,2,0,1,0,0,2,0,0,3
"1500","Female","Black",2009,103,"Assault",1,1,0,0,0,0,0,1,0,0,1
"1501","Male","Black",2009,103,"Assault",25,22,15,0,10,0,1,18,0,0,25
"1502","Female","Hispanic",2009,103,"Assault",8,7,3,0,3,0,0,2,0,0,8
"1503","Male","Hispanic",2009,103,"Assault",39,39,26,1,21,1,7,24,0,0,39
"1504","Male","Asian",2010,103,"Assault",5,5,4,0,3,0,0,2,0,0,5
"1505","Female","Black",2010,103,"Assault",6,6,5,0,4,0,0,3,0,0,6
"1506","Male","Black",2010,103,"Assault",36,34,25,0,17,0,1,24,0,0,36
"1507","Female","Hispanic",2010,103,"Assault",5,4,1,0,3,0,0,2,0,0,5
"1508","Male","Hispanic",2010,103,"Assault",17,15,11,0,11,0,0,10,0,0,17
"1509","Male","Native",2010,103,"Assault",2,2,1,0,1,0,0,1,0,0,2
"1510","Male","Other",2010,103,"Assault",6,5,6,0,2,0,0,1,0,0,6
"1511","Male","White",2010,103,"Assault",3,2,1,0,1,0,0,2,0,0,3
"1512","Male","Asian",2006,104,"Assault",1,1,0,0,0,0,0,0,0,0,1
"1513","Male","Hispanic",2006,104,"Assault",4,4,1,0,2,0,0,1,0,0,4
"1514","Unknown","Hispanic",2006,104,"Assault",1,1,0,0,1,0,0,0,0,0,1
"1515","Male","White",2006,104,"Assault",4,4,3,0,3,0,0,2,0,0,4
"1516","Male","Black",2007,104,"Assault",1,1,1,0,0,0,0,0,0,0,1
"1517","Female","Hispanic",2007,104,"Assault",1,0,0,0,0,0,0,0,0,0,1
"1518","Male","Hispanic",2007,104,"Assault",6,6,3,0,1,0,0,4,0,0,6
"1519","Male","White",2007,104,"Assault",2,2,0,0,0,0,0,1,0,0,2
"1520","Female","Hispanic",2008,104,"Assault",1,1,1,0,0,0,0,0,0,0,1
"1521","Male","Hispanic",2008,104,"Assault",8,8,5,0,3,0,2,3,0,0,8
"1522","Male","Other",2008,104,"Assault",1,1,0,0,0,0,0,0,0,0,1
"1523","Male","White",2008,104,"Assault",3,3,1,0,1,0,0,1,0,0,3
"1524","Male","Asian",2009,104,"Assault",1,1,1,0,1,0,0,0,0,0,1
"1525","Female","Black",2009,104,"Assault",1,1,0,0,0,0,0,0,0,0,1
"1526","Male","Black",2009,104,"Assault",2,2,2,0,0,0,0,0,0,0,2
"1527","Female","Hispanic",2009,104,"Assault",4,4,3,0,2,0,0,1,0,0,4
"1528","Male","Hispanic",2009,104,"Assault",28,26,25,0,7,0,0,6,0,0,28
"1529","Unknown","Hispanic",2009,104,"Assault",1,0,0,0,1,0,0,0,0,0,1
"1530","Female","White",2009,104,"Assault",5,5,4,0,3,0,0,0,0,0,5
"1531","Male","White",2009,104,"Assault",21,21,17,0,9,0,0,2,0,0,21
"1532","Male","Asian",2010,104,"Assault",1,1,1,0,0,0,0,0,0,0,1
"1533","Male","Black",2010,104,"Assault",2,2,2,0,0,0,0,0,0,0,2
"1534","Female","Hispanic",2010,104,"Assault",8,7,7,0,0,0,0,1,0,0,8
"1535","Male","Hispanic",2010,104,"Assault",15,14,9,0,2,0,0,6,0,0,15
"1536","Female","White",2010,104,"Assault",1,1,1,0,0,0,0,0,0,0,1
"1537","Male","White",2010,104,"Assault",5,5,5,0,0,0,0,1,0,0,5
"1538","Female","Black",2006,105,"Assault",1,1,0,0,1,0,0,0,0,0,1
"1539","Male","Black",2006,105,"Assault",10,9,5,0,5,0,1,4,0,0,10
"1540","Male","Other",2006,105,"Assault",1,1,1,0,0,0,0,1,0,0,1
"1541","Female","Black",2007,105,"Assault",2,2,1,0,0,0,0,2,0,0,2
"1542","Male","Black",2007,105,"Assault",9,9,6,0,7,0,0,7,0,0,9
"1543","Male","Hispanic",2007,105,"Assault",1,1,1,0,1,0,0,1,0,0,1
"1544","Male","Asian",2008,105,"Assault",3,3,3,0,2,0,0,2,0,0,3
"1545","Female","Black",2008,105,"Assault",9,9,9,0,7,0,0,6,0,0,9
"1546","Male","Black",2008,105,"Assault",35,32,26,1,9,0,1,10,0,0,35
"1547","Male","Hispanic",2008,105,"Assault",2,2,2,0,1,0,0,1,0,0,2
"1548","Male","Other",2008,105,"Assault",1,0,0,0,0,0,0,0,0,0,1
"1549","Unknown","Other",2008,105,"Assault",2,2,1,0,1,0,0,1,0,0,2
"1550","Female","White",2008,105,"Assault",1,1,1,0,0,0,0,0,0,0,1
"1551","Male","White",2008,105,"Assault",1,1,1,0,0,0,0,0,0,0,1
"1552","Female","Asian",2009,105,"Assault",1,0,0,0,0,0,0,0,0,0,1
"1553","Male","Asian",2009,105,"Assault",9,9,8,0,6,0,0,6,0,0,9
"1554","Female","Black",2009,105,"Assault",12,11,9,0,7,0,0,5,0,0,12
"1555","Male","Black",2009,105,"Assault",17,16,15,0,9,0,0,6,0,0,17
"1556","Male","Hispanic",2009,105,"Assault",2,2,1,0,1,0,0,2,0,0,2
"1557","Male","Native",2009,105,"Assault",1,1,1,0,1,0,0,1,0,0,1
"1558","Female","Other",2009,105,"Assault",1,1,1,0,0,0,0,0,0,0,1
"1559","Male","Other",2009,105,"Assault",1,1,0,0,0,0,0,0,0,0,1
"1560","Male","White",2009,105,"Assault",3,3,3,0,1,0,0,2,0,0,3
"1561","Female","Black",2010,105,"Assault",6,6,5,0,3,0,0,1,0,0,6
"1562","Male","Black",2010,105,"Assault",14,12,7,0,5,0,0,7,0,0,14
"1563","Male","Hispanic",2010,105,"Assault",1,1,0,0,0,0,0,0,0,0,1
"1564","Male","Other",2010,105,"Assault",3,2,1,0,2,0,0,1,0,0,3
"1565","Female","White",2010,105,"Assault",2,2,2,0,1,0,0,1,0,0,2
"1566","Male","Hispanic",2005,106,"Assault",1,1,1,0,0,0,0,1,0,0,1
"1567","Female","Asian",2006,106,"Assault",2,1,1,0,0,0,0,0,0,0,2
"1568","Male","Asian",2006,106,"Assault",9,8,9,0,2,0,1,5,0,0,9
"1569","Female","Black",2006,106,"Assault",2,1,1,0,2,0,0,1,0,0,2
"1570","Male","Black",2006,106,"Assault",8,6,7,0,5,0,0,0,0,0,8
"1571","Female","Hispanic",2006,106,"Assault",1,1,1,0,1,0,0,0,0,0,1
"1572","Male","Hispanic",2006,106,"Assault",8,6,5,0,3,0,0,5,0,0,8
"1573","Male","Native",2006,106,"Assault",1,1,0,0,1,0,0,1,0,0,1
"1574","Female","White",2006,106,"Assault",1,1,0,0,0,0,0,0,0,0,1
"1575","Male","White",2006,106,"Assault",3,2,2,0,0,0,0,2,0,0,3
"1576","Male","Asian",2007,106,"Assault",8,6,7,0,1,0,0,3,0,0,8
"1577","Female","Black",2007,106,"Assault",1,0,0,0,0,0,0,1,0,0,1
"1578","Male","Black",2007,106,"Assault",5,3,4,0,2,0,0,2,0,0,5
"1579","Male","Hispanic",2007,106,"Assault",2,2,2,0,1,0,0,1,0,0,2
"1580","Male","Other",2007,106,"Assault",1,1,1,0,1,0,0,0,0,0,1
"1581","Female","Asian",2008,106,"Assault",1,0,0,0,0,0,0,0,0,0,1
"1582","Male","Asian",2008,106,"Assault",9,9,9,0,2,0,0,2,0,0,9
"1583","Female","Black",2008,106,"Assault",1,1,1,0,1,0,0,0,0,0,1
"1584","Male","Black",2008,106,"Assault",6,4,5,0,3,0,0,1,0,0,6
"1585","Male","Hispanic",2008,106,"Assault",3,2,3,0,1,0,0,0,0,0,3
"1586","Male","White",2008,106,"Assault",1,1,1,0,0,0,0,0,0,0,1
"1587","Male","Asian",2009,106,"Assault",8,8,5,0,3,0,1,3,0,0,8
"1588","Male","Black",2009,106,"Assault",5,5,4,0,2,0,0,0,0,0,5
"1589","Male","Hispanic",2009,106,"Assault",4,4,4,0,1,0,0,0,0,0,4
"1590","Male","White",2009,106,"Assault",2,2,2,0,0,0,0,0,0,0,2
"1591","Male","Asian",2010,106,"Assault",5,5,3,0,0,0,0,1,0,0,5
"1592","Unknown","Asian",2010,106,"Assault",1,1,1,0,0,0,0,0,0,0,1
"1593","Male","Black",2010,106,"Assault",3,3,2,0,1,0,0,1,0,0,3
"1594","Male","Hispanic",2010,106,"Assault",4,4,0,0,2,0,0,2,0,0,4
"1595","Female","Black",2006,107,"Assault",1,1,1,0,0,0,0,0,0,0,1
"1596","Male","Black",2006,107,"Assault",4,1,3,0,0,0,0,1,0,0,4
"1597","Male","Native",2006,107,"Assault",1,1,1,0,1,0,0,1,0,0,1
"1598","Male","White",2006,107,"Assault",1,1,1,0,1,0,0,1,0,0,1
"1599","Female","Asian",2007,107,"Assault",2,2,2,0,0,0,0,0,0,0,2
"1600","Male","Asian",2007,107,"Assault",5,5,5,0,4,0,0,4,0,0,5
"1601","Female","Black",2007,107,"Assault",2,1,0,0,0,0,0,1,0,0,2
"1602","Male","Black",2007,107,"Assault",2,2,2,0,0,0,0,1,0,0,2
"1603","Male","Hispanic",2007,107,"Assault",7,5,5,0,4,0,0,4,0,0,7
"1604","Male","White",2007,107,"Assault",3,3,0,0,3,0,0,3,0,0,3
"1605","Female","Black",2008,107,"Assault",2,1,1,0,1,0,0,1,0,0,2
"1606","Male","Black",2008,107,"Assault",3,3,2,0,2,0,0,1,0,0,3
"1607","Male","Hispanic",2008,107,"Assault",4,4,4,0,2,0,0,3,0,0,4
"1608","Male","Other",2008,107,"Assault",1,1,1,0,0,0,0,1,0,0,1
"1609","Male","White",2008,107,"Assault",3,2,3,0,2,0,0,2,0,0,3
"1610","Male","Asian",2009,107,"Assault",1,1,1,0,0,0,0,0,0,0,1
"1611","Female","Black",2009,107,"Assault",1,1,1,0,0,0,0,1,0,0,1
"1612","Male","Black",2009,107,"Assault",8,6,6,0,3,0,0,3,0,0,8
"1613","Female","Hispanic",2009,107,"Assault",1,1,0,0,0,0,0,0,0,0,1
"1614","Male","Hispanic",2009,107,"Assault",9,9,9,0,3,0,1,6,0,0,9
"1615","Male","Native",2009,107,"Assault",3,3,2,0,1,0,0,1,0,0,3
"1616","Male","Other",2009,107,"Assault",1,1,1,0,1,0,0,1,0,0,1
"1617","Male","White",2009,107,"Assault",6,6,0,0,1,0,0,2,0,0,6
"1618","Male","Asian",2010,107,"Assault",3,3,2,0,2,0,0,2,0,0,3
"1619","Male","Black",2010,107,"Assault",6,6,3,0,6,0,1,6,0,0,6
"1620","Male","Hispanic",2010,107,"Assault",3,3,1,0,3,0,2,3,0,0,3
"1621","Male","Native",2010,107,"Assault",3,3,2,0,3,0,0,3,0,0,3
"1622","Unknown","Other",2010,107,"Assault",1,1,0,0,1,0,0,0,0,0,1
"1623","Male","White",2010,107,"Assault",1,1,1,0,1,0,0,1,0,0,1
"1624","Male","Asian",2006,108,"Assault",3,3,3,0,1,0,0,0,0,0,3
"1625","Male","Black",2006,108,"Assault",2,2,2,0,0,0,0,0,0,0,2
"1626","Female","Hispanic",2006,108,"Assault",1,1,1,0,1,0,0,1,0,0,1
"1627","Male","Hispanic",2006,108,"Assault",11,8,8,0,3,0,0,2,0,0,11
"1628","Male","Other",2006,108,"Assault",1,1,1,0,0,0,0,0,0,0,1
"1629","Male","White",2006,108,"Assault",3,2,2,0,0,0,0,0,0,0,3
"1630","Male","Asian",2007,108,"Assault",5,5,5,0,2,0,0,2,0,0,5
"1631","Male","Black",2007,108,"Assault",7,5,3,0,1,0,0,0,0,0,7
"1632","Female","Hispanic",2007,108,"Assault",3,2,2,0,1,0,0,0,0,0,3
"1633","Male","Hispanic",2007,108,"Assault",34,29,25,0,4,0,0,2,0,0,34
"1634","Male","White",2007,108,"Assault",4,4,4,0,0,0,0,0,0,0,4
"1635","Male","Asian",2008,108,"Assault",11,11,8,0,3,0,0,0,0,0,11
"1636","Female","Black",2008,108,"Assault",2,2,2,0,1,0,0,0,0,0,2
"1637","Male","Black",2008,108,"Assault",9,9,7,0,1,0,0,1,0,0,9
"1638","Female","Hispanic",2008,108,"Assault",3,2,2,0,0,0,0,0,0,0,3
"1639","Male","Hispanic",2008,108,"Assault",53,51,47,0,7,0,0,4,0,0,53
"1640","Female","White",2008,108,"Assault",2,1,2,0,0,0,0,0,0,0,2
"1641","Male","White",2008,108,"Assault",10,9,6,0,3,0,0,1,0,0,10
"1642","Male","Asian",2009,108,"Assault",5,5,4,0,1,0,0,0,0,0,5
"1643","Female","Black",2009,108,"Assault",2,2,0,0,0,0,0,0,0,0,2
"1644","Male","Black",2009,108,"Assault",10,8,1,0,0,0,0,0,0,0,10
"1645","Female","Hispanic",2009,108,"Assault",3,3,2,0,0,0,0,0,0,0,3
"1646","Male","Hispanic",2009,108,"Assault",39,30,13,0,14,0,0,7,0,0,39
"1647","Male","Other",2009,108,"Assault",3,1,0,0,1,0,0,1,0,0,3
"1648","Female","White",2009,108,"Assault",1,0,0,0,0,0,0,0,0,0,1
"1649","Male","White",2009,108,"Assault",10,8,8,0,2,0,0,1,0,0,10
"1650","Female","Asian",2010,108,"Assault",1,1,1,0,0,0,0,0,0,0,1
"1651","Male","Asian",2010,108,"Assault",10,9,6,0,2,0,0,1,0,0,10
"1652","Male","Black",2010,108,"Assault",6,4,4,0,2,0,0,1,0,0,6
"1653","Male","Hispanic",2010,108,"Assault",18,14,5,0,4,0,1,3,0,0,18
"1654","Unknown","Hispanic",2010,108,"Assault",1,1,1,0,0,0,0,0,0,0,1
"1655","Unknown","Other",2010,108,"Assault",1,0,0,0,0,0,0,0,0,0,1
"1656","Male","White",2010,108,"Assault",11,11,6,0,0,0,0,0,0,0,11
"1657","Female","Asian",2006,109,"Assault",1,1,1,0,1,0,0,0,0,0,1
"1658","Male","Asian",2006,109,"Assault",29,19,15,0,19,0,0,13,0,0,29
"1659","Female","Black",2006,109,"Assault",1,1,1,0,1,0,0,1,0,0,1
"1660","Male","Black",2006,109,"Assault",7,5,4,0,6,0,0,5,0,0,7
"1661","Female","Hispanic",2006,109,"Assault",2,2,2,0,2,0,0,0,0,0,2
"1662","Male","Hispanic",2006,109,"Assault",17,9,9,0,13,0,0,8,0,0,17
"1663","Female","White",2006,109,"Assault",1,1,1,0,1,0,0,1,0,0,1
"1664","Male","White",2006,109,"Assault",7,7,5,0,5,0,1,6,0,0,7
"1665","Female","Asian",2007,109,"Assault",4,3,3,0,2,0,0,4,0,0,4
"1666","Male","Asian",2007,109,"Assault",32,27,27,0,18,0,0,17,0,0,32
"1667","Female","Black",2007,109,"Assault",2,1,0,0,0,0,0,0,0,0,2
"1668","Male","Black",2007,109,"Assault",11,8,6,0,7,0,0,7,0,0,11
"1669","Female","Hispanic",2007,109,"Assault",1,0,0,0,0,0,0,1,0,0,1
"1670","Male","Hispanic",2007,109,"Assault",11,9,8,0,7,0,0,6,0,0,11
"1671","Male","Native",2007,109,"Assault",1,0,1,0,0,0,0,0,0,0,1
"1672","Male","Other",2007,109,"Assault",3,3,2,0,2,0,0,2,0,0,3
"1673","Unknown","Other",2007,109,"Assault",1,1,1,0,1,0,0,1,0,0,1
"1674","Female","White",2007,109,"Assault",1,1,0,0,0,0,0,0,0,0,1
"1675","Male","White",2007,109,"Assault",8,8,8,0,7,0,0,7,0,0,8
"1676","Female","Asian",2008,109,"Assault",2,2,1,0,2,0,0,2,0,0,2
"1677","Male","Asian",2008,109,"Assault",14,14,11,0,8,0,0,7,0,0,14
"1678","Unknown","Asian",2008,109,"Assault",1,1,1,0,1,0,0,1,0,0,1
"1679","Female","Black",2008,109,"Assault",7,3,2,0,3,0,0,1,0,0,7
"1680","Male","Black",2008,109,"Assault",4,4,4,0,3,0,0,1,0,0,4
"1681","Female","Hispanic",2008,109,"Assault",1,0,0,0,1,0,0,0,0,0,1
"1682","Male","Hispanic",2008,109,"Assault",13,13,11,0,9,0,0,8,0,0,13
"1683","Male","Other",2008,109,"Assault",3,3,2,0,2,0,0,3,0,0,3
"1684","Female","White",2008,109,"Assault",1,1,1,0,1,0,0,1,0,0,1
"1685","Male","White",2008,109,"Assault",6,5,6,0,5,0,0,4,0,0,6
"1686","Male","Asian",2009,109,"Assault",27,27,20,0,9,0,0,14,0,0,27
"1687","Male","Black",2009,109,"Assault",5,4,2,0,2,0,0,2,0,0,5
"1688","Female","Hispanic",2009,109,"Assault",1,1,1,0,1,0,0,1,0,0,1
"1689","Male","Hispanic",2009,109,"Assault",20,19,14,0,10,0,0,12,0,0,20
"1690","Female","Other",2009,109,"Assault",1,1,1,0,1,0,0,1,0,0,1
"1691","Male","Other",2009,109,"Assault",1,1,1,0,0,0,0,0,0,0,1
"1692","Male","White",2009,109,"Assault",8,7,5,0,3,0,0,4,0,0,8
"1693","Female","Asian",2010,109,"Assault",2,1,1,0,2,0,0,2,0,0,2
"1694","Male","Asian",2010,109,"Assault",14,14,9,0,8,0,0,6,0,0,14
"1695","Male","Black",2010,109,"Assault",2,2,1,0,1,0,0,1,0,0,2
"1696","Male","Hispanic",2010,109,"Assault",4,3,3,0,3,0,0,2,0,0,4
"1697","Female","White",2010,109,"Assault",2,2,1,0,2,0,0,1,0,0,2
"1698","Male","White",2010,109,"Assault",2,2,1,0,1,0,0,1,0,0,2
"1699","Male","Asian",2006,110,"Assault",2,2,2,0,0,0,0,0,0,0,2
"1700","Female","Black",2006,110,"Assault",1,0,0,0,0,0,0,1,0,0,1
"1701","Male","Black",2006,110,"Assault",3,2,2,0,1,0,0,2,0,0,3
"1702","Male","Hispanic",2006,110,"Assault",36,35,27,0,19,1,0,14,0,0,36
"1703","Male","Native",2006,110,"Assault",1,1,1,0,0,0,0,0,0,0,1
"1704","Unknown","Other",2006,110,"Assault",2,2,1,0,2,0,0,1,0,0,2
"1705","Male","White",2006,110,"Assault",2,2,1,0,2,0,0,1,0,0,2
"1706","Male","Asian",2007,110,"Assault",5,5,4,0,4,1,0,3,0,0,5
"1707","Male","Black",2007,110,"Assault",1,1,1,0,0,0,0,0,0,0,1
"1708","Female","Hispanic",2007,110,"Assault",6,6,3,0,2,0,0,0,0,0,6
"1709","Male","Hispanic",2007,110,"Assault",37,35,32,1,23,0,0,20,0,0,37
"1710","Male","Native",2007,110,"Assault",1,1,1,0,0,0,0,1,0,0,1
"1711","Unknown","Other",2007,110,"Assault",1,1,1,0,1,0,0,0,0,0,1
"1712","Male","White",2007,110,"Assault",1,1,1,0,1,0,0,0,0,0,1
"1713","Male","Asian",2008,110,"Assault",4,3,3,0,2,0,0,3,0,0,4
"1714","Male","Black",2008,110,"Assault",8,8,7,0,6,0,0,6,0,0,8
"1715","Female","Hispanic",2008,110,"Assault",2,2,2,0,2,0,0,2,0,0,2
"1716","Male","Hispanic",2008,110,"Assault",42,42,38,0,13,0,0,16,0,0,42
"1717","Male","Other",2008,110,"Assault",2,2,2,0,0,0,0,0,0,0,2
"1718","Unknown","Other",2008,110,"Assault",1,1,0,0,1,0,0,1,0,0,1
"1719","Male","White",2008,110,"Assault",3,3,3,0,0,0,0,0,0,0,3
"1720","Male","Asian",2009,110,"Assault",5,5,3,0,1,0,0,4,0,0,5
"1721","Male","Black",2009,110,"Assault",1,1,1,0,1,0,0,0,0,0,1
"1722","Female","Hispanic",2009,110,"Assault",6,5,3,0,4,0,0,4,0,0,6
"1723","Male","Hispanic",2009,110,"Assault",87,84,64,0,46,0,2,46,0,0,87
"1724","Unknown","Other",2009,110,"Assault",2,2,2,0,2,0,0,2,0,0,2
"1725","Female","White",2009,110,"Assault",1,1,1,0,1,0,0,1,0,0,1
"1726","Male","White",2009,110,"Assault",3,3,1,0,3,0,0,3,0,0,3
"1727","Male","Asian",2010,110,"Assault",4,4,4,0,4,0,0,3,0,0,4
"1728","Male","Black",2010,110,"Assault",2,2,1,0,1,0,0,1,0,0,2
"1729","Female","Hispanic",2010,110,"Assault",1,1,1,0,1,0,0,1,0,0,1
"1730","Male","Hispanic",2010,110,"Assault",62,60,32,0,30,0,0,41,0,0,62
"1731","Male","Other",2010,110,"Assault",1,1,1,0,1,0,0,1,0,0,1
"1732","Male","Hispanic",2006,111,"Assault",1,1,1,0,0,0,0,1,0,0,1
"1733","Male","White",2006,111,"Assault",2,1,1,0,0,0,0,0,0,0,2
"1734","Male","Asian",2007,111,"Assault",2,2,2,0,0,0,0,0,0,0,2
"1735","Male","Hispanic",2007,111,"Assault",1,1,0,0,0,0,0,0,0,0,1
"1736","Female","White",2007,111,"Assault",1,1,0,0,0,0,0,0,0,0,1
"1737","Male","White",2007,111,"Assault",2,2,0,0,0,0,0,1,0,0,2
"1738","Male","Asian",2008,111,"Assault",5,5,5,0,4,0,0,5,0,0,5
"1739","Female","Black",2008,111,"Assault",4,4,4,0,0,0,0,0,0,0,4
"1740","Male","Black",2008,111,"Assault",7,7,7,0,5,1,1,5,0,0,7
"1741","Male","Hispanic",2008,111,"Assault",2,2,2,0,2,0,0,1,0,0,2
"1742","Unknown","Other",2008,111,"Assault",1,1,1,0,0,0,0,0,0,0,1
"1743","Male","White",2008,111,"Assault",6,6,2,0,2,0,0,2,0,0,6
"1744","Male","Asian",2009,111,"Assault",5,5,4,0,4,0,0,4,0,0,5
"1745","Male","Black",2009,111,"Assault",2,2,2,0,2,0,0,2,0,0,2
"1746","Male","Hispanic",2009,111,"Assault",2,2,1,0,1,0,0,1,0,0,2
"1747","Male","Native",2009,111,"Assault",1,1,1,0,0,0,0,0,0,0,1
"1748","Male","White",2009,111,"Assault",6,6,5,0,2,0,0,2,0,0,6
"1749","Male","Asian",2010,111,"Assault",2,2,2,0,0,0,0,0,0,0,2
"1750","Male","Black",2010,111,"Assault",2,2,2,0,0,0,0,0,0,0,2
"1751","Male","Hispanic",2010,111,"Assault",5,5,2,0,0,0,0,0,0,0,5
"1752","Male","Other",2010,111,"Assault",1,0,0,0,0,0,0,0,0,0,1
"1753","Unknown","Other",2010,111,"Assault",1,1,0,0,0,0,0,0,0,0,1
"1754","Male","White",2010,111,"Assault",3,3,0,0,0,0,0,0,0,0,3
"1755","Male","Hispanic",2006,112,"Assault",5,4,4,0,0,0,0,5,0,0,5
"1756","Male","White",2006,112,"Assault",1,1,1,0,0,0,0,1,0,0,1
"1757","Male","Black",2007,112,"Assault",1,1,1,0,0,0,0,0,0,0,1
"1758","Male","Hispanic",2007,112,"Assault",1,1,1,0,0,0,0,0,0,0,1
"1759","Male","Other",2007,112,"Assault",1,1,1,0,0,0,0,0,0,0,1
"1760","Male","White",2007,112,"Assault",1,1,0,0,0,0,0,1,0,0,1
"1761","Male","Hispanic",2008,112,"Assault",3,2,2,0,0,0,0,2,0,0,3
"1762","Male","White",2008,112,"Assault",5,4,2,0,0,0,0,1,0,0,5
"1763","Male","Black",2009,112,"Assault",4,4,3,0,2,0,0,3,0,0,4
"1764","Female","Hispanic",2009,112,"Assault",1,0,0,0,1,0,0,1,0,0,1
"1765","Male","Hispanic",2009,112,"Assault",4,4,2,0,1,0,0,2,0,0,4
"1766","Male","White",2009,112,"Assault",5,5,4,0,0,0,0,2,0,0,5
"1767","Male","Hispanic",2010,112,"Assault",1,1,1,0,0,0,0,0,0,0,1
"1768","Unknown","Other",2010,112,"Assault",1,1,0,0,1,0,0,1,0,0,1
"1769","Male","White",2010,112,"Assault",1,1,1,0,0,1,0,0,0,0,1
"1770","Male","Black",2006,113,"Assault",6,6,6,0,4,0,0,5,0,0,6
"1771","Female","Black",2007,113,"Assault",1,1,1,0,0,0,0,1,0,0,1
"1772","Male","Black",2007,113,"Assault",11,10,8,0,3,0,0,4,0,0,11
"1773","Male","Hispanic",2007,113,"Assault",1,1,1,0,1,0,0,1,0,0,1
"1774","Male","Black",2008,113,"Assault",16,15,9,0,9,0,0,10,0,0,16
"1775","Female","Black",2009,113,"Assault",5,4,5,0,4,0,1,4,0,0,5
"1776","Male","Black",2009,113,"Assault",8,8,7,0,4,0,0,6,0,0,8
"1777","Unknown","Other",2009,113,"Assault",1,1,1,0,1,0,0,1,0,0,1
"1778","Female","Black",2010,113,"Assault",4,2,1,0,3,0,0,1,0,0,4
"1779","Male","Black",2010,113,"Assault",17,16,14,0,7,0,6,8,0,0,17
"1780","Male","Hispanic",2010,113,"Assault",1,1,1,0,0,0,0,1,0,0,1
"1781","Male","Other",2010,113,"Assault",1,1,1,0,0,0,0,0,0,0,1
"1782","Unknown","Other",2010,113,"Assault",1,1,1,0,0,0,1,1,0,0,1
"1783","Male","Black",2005,114,"Assault",1,0,0,0,0,0,0,0,0,0,1
"1784","Female","Asian",2006,114,"Assault",1,0,0,0,0,0,0,0,0,0,1
"1785","Male","Asian",2006,114,"Assault",3,1,0,0,1,0,0,0,0,0,3
"1786","Female","Black",2006,114,"Assault",10,2,4,0,0,0,1,1,0,0,10
"1787","Male","Black",2006,114,"Assault",30,10,12,0,4,0,1,3,0,0,30
"1788","Female","Hispanic",2006,114,"Assault",2,1,0,0,1,0,0,0,0,0,2
"1789","Male","Hispanic",2006,114,"Assault",41,35,33,0,13,0,1,12,0,0,41
"1790","Unknown","Hispanic",2006,114,"Assault",1,1,0,0,0,0,0,0,0,0,1
"1791","Female","Other",2006,114,"Assault",1,1,1,0,0,0,0,0,0,0,1
"1792","Male","Other",2006,114,"Assault",4,3,3,0,0,0,0,1,0,0,4
"1793","Unknown","Other",2006,114,"Assault",1,1,1,0,0,0,0,0,0,0,1
"1794","Female","White",2006,114,"Assault",1,0,0,0,0,0,0,0,0,0,1
"1795","Male","White",2006,114,"Assault",22,19,18,0,7,0,0,7,0,0,22
"1796","Male","Asian",2007,114,"Assault",3,3,3,0,0,0,0,1,0,0,3
"1797","Female","Black",2007,114,"Assault",12,11,9,0,5,0,0,7,0,0,12
"1798","Male","Black",2007,114,"Assault",24,23,18,0,13,0,0,4,0,0,24
"1799","Female","Hispanic",2007,114,"Assault",9,9,8,0,7,0,0,4,0,0,9
"1800","Male","Hispanic",2007,114,"Assault",37,33,29,0,20,0,0,20,0,0,37
"1801","Female","Native",2007,114,"Assault",1,1,0,0,1,0,0,0,0,0,1
"1802","Male","Native",2007,114,"Assault",2,2,2,0,0,0,0,0,0,0,2
"1803","Male","Other",2007,114,"Assault",10,10,8,0,2,0,0,5,0,0,10
"1804","Unknown","Other",2007,114,"Assault",10,10,8,0,5,0,0,3,0,0,10
"1805","Female","White",2007,114,"Assault",6,5,4,0,5,0,0,3,0,0,6
"1806","Male","White",2007,114,"Assault",32,32,27,0,16,0,1,14,0,0,32
"1807","Unknown","White",2007,114,"Assault",1,1,1,0,1,0,0,1,0,0,1
"1808","Male","Asian",2008,114,"Assault",4,4,2,0,1,0,0,2,0,0,4
"1809","Female","Black",2008,114,"Assault",5,2,2,0,1,0,0,1,0,0,5
"1810","Male","Black",2008,114,"Assault",15,12,10,0,2,1,0,7,0,0,15
"1811","Female","Hispanic",2008,114,"Assault",9,7,5,0,1,0,0,4,0,0,9
"1812","Male","Hispanic",2008,114,"Assault",41,38,28,0,14,0,2,26,0,0,41
"1813","Unknown","Hispanic",2008,114,"Assault",1,1,1,0,0,0,0,0,0,0,1
"1814","Male","Other",2008,114,"Assault",1,1,0,0,1,0,0,1,0,0,1
"1815","Unknown","Other",2008,114,"Assault",2,2,1,0,0,0,0,1,0,0,2
"1816","Female","White",2008,114,"Assault",3,2,1,0,1,0,0,0,0,0,3
"1817","Male","White",2008,114,"Assault",15,15,9,0,9,0,0,9,0,0,15
"1818","Unknown","White",2008,114,"Assault",1,1,1,0,0,0,0,1,0,0,1
"1819","Male","Asian",2009,114,"Assault",10,8,7,0,5,0,0,5,0,0,10
"1820","Unknown","Asian",2009,114,"Assault",1,1,1,0,1,0,0,1,0,0,1
"1821","Female","Black",2009,114,"Assault",3,3,1,0,0,0,0,0,0,0,3
"1822","Male","Black",2009,114,"Assault",13,11,10,0,3,0,0,3,0,0,13
"1823","Female","Hispanic",2009,114,"Assault",3,2,2,0,3,0,0,2,0,0,3
"1824","Male","Hispanic",2009,114,"Assault",30,29,21,0,17,0,1,22,0,0,30
"1825","Male","Native",2009,114,"Assault",2,1,1,0,1,0,0,0,0,0,2
"1826","Male","Other",2009,114,"Assault",1,1,1,0,0,0,0,0,0,0,1
"1827","Unknown","Other",2009,114,"Assault",4,4,4,0,3,0,0,4,0,0,4
"1828","Male","White",2009,114,"Assault",19,16,13,0,13,0,0,8,0,0,19
"1829","Male","Asian",2010,114,"Assault",1,1,1,0,0,0,0,1,0,0,1
"1830","Female","Black",2010,114,"Assault",5,4,3,0,1,0,0,1,0,0,5
"1831","Male","Black",2010,114,"Assault",1,0,1,0,1,0,0,0,0,0,1
"1832","Male","Hispanic",2010,114,"Assault",18,15,14,0,8,0,0,7,0,0,18
"1833","Male","Other",2010,114,"Assault",1,0,1,0,1,0,0,1,0,0,1
"1834","Unknown","Other",2010,114,"Assault",1,1,0,0,0,0,0,1,0,0,1
"1835","Female","White",2010,114,"Assault",1,1,0,0,0,0,0,0,0,0,1
"1836","Male","White",2010,114,"Assault",10,9,5,0,1,0,0,5,0,0,10
"1837","Male","Asian",2006,115,"Assault",5,5,5,0,5,0,0,5,0,0,5
"1838","Male","Black",2006,115,"Assault",2,2,0,0,1,0,0,2,0,0,2
"1839","Male","Hispanic",2006,115,"Assault",21,20,17,0,9,0,0,15,0,0,21
"1840","Female","White",2006,115,"Assault",1,0,1,0,0,0,0,1,0,0,1
"1841","Male","White",2006,115,"Assault",1,1,1,0,1,0,0,1,0,0,1
"1842","Female","Black",2007,115,"Assault",1,1,0,0,0,0,0,0,0,0,1
"1843","Male","Black",2007,115,"Assault",1,1,0,0,0,0,0,0,0,0,1
"1844","Female","Hispanic",2007,115,"Assault",1,1,1,0,1,0,0,1,0,0,1
"1845","Male","Hispanic",2007,115,"Assault",30,29,28,0,13,0,0,21,0,0,30
"1846","Male","Asian",2008,115,"Assault",1,1,1,0,1,0,0,0,0,0,1
"1847","Female","Hispanic",2008,115,"Assault",2,2,2,0,2,0,0,1,0,0,2
"1848","Male","Hispanic",2008,115,"Assault",30,30,25,0,12,0,0,24,0,0,30
"1849","Male","White",2008,115,"Assault",2,2,2,0,0,0,0,1,0,0,2
"1850","Male","Asian",2009,115,"Assault",2,2,1,0,0,0,0,0,0,0,2
"1851","Female","Black",2009,115,"Assault",1,1,0,0,0,0,0,1,0,0,1
"1852","Male","Black",2009,115,"Assault",5,5,4,0,3,0,0,3,0,0,5
"1853","Female","Hispanic",2009,115,"Assault",2,1,1,0,1,0,0,2,0,0,2
"1854","Male","Hispanic",2009,115,"Assault",59,55,39,0,37,0,4,48,0,0,59
"1855","Male","Other",2009,115,"Assault",1,1,0,0,0,0,0,0,0,0,1
"1856","Male","Asian",2010,115,"Assault",1,1,0,0,0,0,0,0,0,0,1
"1857","Female","Black",2010,115,"Assault",1,1,1,0,0,0,0,0,0,0,1
"1858","Male","Black",2010,115,"Assault",4,4,3,0,3,0,1,3,0,0,4
"1859","Female","Hispanic",2010,115,"Assault",3,3,3,0,1,0,0,3,0,0,3
"1860","Male","Hispanic",2010,115,"Assault",32,28,19,1,14,0,0,24,0,0,32
"1861","Male","Other",2010,115,"Assault",1,1,1,0,0,0,0,0,0,0,1
"1862","Female","Black",2006,120,"Assault",2,1,1,0,1,0,0,1,0,0,2
"1863","Male","Black",2006,120,"Assault",16,15,14,1,13,1,1,10,0,0,16
"1864","Female","Hispanic",2006,120,"Assault",6,4,5,0,6,0,0,3,0,0,6
"1865","Male","Hispanic",2006,120,"Assault",6,5,4,0,3,0,0,3,0,0,6
"1866","Unknown","Other",2006,120,"Assault",1,1,1,0,1,0,0,0,0,0,1
"1867","Female","White",2006,120,"Assault",3,1,1,0,2,0,0,0,0,0,3
"1868","Male","White",2006,120,"Assault",5,5,5,0,3,0,0,3,0,0,5
"1869","Female","Black",2007,120,"Assault",3,1,2,0,3,0,0,2,0,0,3
"1870","Male","Black",2007,120,"Assault",17,13,11,0,9,0,1,6,0,0,17
"1871","Unknown","Black",2007,120,"Assault",1,1,1,0,1,0,0,1,0,0,1
"1872","Female","Hispanic",2007,120,"Assault",4,3,4,0,4,0,0,0,0,0,4
"1873","Male","Hispanic",2007,120,"Assault",12,12,7,0,5,0,3,7,0,0,12
"1874","Male","Other",2007,120,"Assault",3,2,0,0,1,0,1,3,0,0,3
"1875","Female","White",2007,120,"Assault",1,1,1,0,1,0,0,1,0,0,1
"1876","Male","White",2007,120,"Assault",7,7,5,0,5,0,0,5,0,0,7
"1877","Female","Black",2008,120,"Assault",7,6,5,0,4,0,0,3,0,0,7
"1878","Male","Black",2008,120,"Assault",31,26,23,0,15,0,2,13,0,0,31
"1879","Female","Hispanic",2008,120,"Assault",2,1,1,0,1,0,0,1,0,0,2
"1880","Male","Hispanic",2008,120,"Assault",31,30,26,0,12,0,0,16,0,0,31
"1881","Female","White",2008,120,"Assault",3,3,1,0,2,0,0,2,0,0,3
"1882","Male","White",2008,120,"Assault",10,8,6,0,5,0,0,3,0,0,10
"1883","Male","Asian",2009,120,"Assault",1,1,1,0,0,0,0,0,0,0,1
"1884","Female","Black",2009,120,"Assault",14,13,6,0,1,0,0,3,0,0,14
"1885","Male","Black",2009,120,"Assault",36,35,22,1,9,0,1,9,0,0,36
"1886","Female","Hispanic",2009,120,"Assault",3,2,0,0,0,0,1,0,0,0,3
"1887","Male","Hispanic",2009,120,"Assault",24,18,13,0,8,0,2,8,0,0,24
"1888","Male","Other",2009,120,"Assault",1,1,0,0,0,0,0,0,0,0,1
"1889","Female","White",2009,120,"Assault",6,5,2,0,2,0,1,1,0,0,6
"1890","Male","White",2009,120,"Assault",5,5,0,0,0,0,0,1,0,0,5
"1891","Female","Black",2010,120,"Assault",6,5,5,0,3,0,0,2,0,0,6
"1892","Male","Black",2010,120,"Assault",12,11,9,0,6,0,0,4,0,0,12
"1893","Female","Hispanic",2010,120,"Assault",2,2,1,0,1,0,0,2,0,0,2
"1894","Male","Hispanic",2010,120,"Assault",13,9,7,1,6,0,0,5,0,0,13
"1895","Male","Native",2010,120,"Assault",1,1,0,0,1,0,0,1,0,0,1
"1896","Female","Other",2010,120,"Assault",3,3,3,0,0,0,0,0,0,0,3
"1897","Male","Other",2010,120,"Assault",1,1,0,0,1,0,0,1,0,0,1
"1898","Female","White",2010,120,"Assault",1,1,0,0,0,0,0,0,0,0,1
"1899","Male","White",2010,120,"Assault",2,2,2,0,0,0,0,1,0,0,2
"1900","Female","Black",2006,122,"Assault",1,1,1,0,0,0,0,0,0,0,1
"1901","Male","Black",2006,122,"Assault",7,7,3,0,5,0,0,6,0,0,7
"1902","Male","Hispanic",2006,122,"Assault",4,4,2,0,2,0,0,3,0,0,4
"1903","Male","Other",2006,122,"Assault",1,1,0,0,0,0,0,0,0,0,1
"1904","Female","White",2006,122,"Assault",1,0,0,0,0,0,0,1,0,0,1
"1905","Male","White",2006,122,"Assault",14,13,9,0,5,0,0,4,0,0,14
"1906","Male","Black",2007,122,"Assault",7,5,5,0,1,0,0,4,0,0,7
"1907","Female","Hispanic",2007,122,"Assault",2,2,0,0,0,0,0,0,0,0,2
"1908","Male","Hispanic",2007,122,"Assault",3,3,2,0,1,0,0,0,0,0,3
"1909","Unknown","Other",2007,122,"Assault",1,0,0,0,0,0,0,0,0,0,1
"1910","Female","White",2007,122,"Assault",3,2,0,0,1,0,0,1,0,0,3
"1911","Male","White",2007,122,"Assault",13,11,4,0,4,0,0,2,0,0,13
"1912","Female","Black",2008,122,"Assault",1,1,0,0,0,0,0,0,0,0,1
"1913","Male","Black",2008,122,"Assault",7,4,4,0,4,0,0,2,0,0,7
"1914","Female","Hispanic",2008,122,"Assault",1,1,1,0,1,0,0,1,0,0,1
"1915","Male","Hispanic",2008,122,"Assault",2,2,2,0,2,0,0,1,0,0,2
"1916","Male","White",2008,122,"Assault",9,9,8,0,6,0,0,2,0,0,9
"1917","Male","Asian",2009,122,"Assault",2,0,0,0,2,0,0,2,0,0,2
"1918","Male","Black",2009,122,"Assault",6,5,3,0,0,0,0,2,0,0,6
"1919","Female","Hispanic",2009,122,"Assault",1,1,0,0,0,0,0,0,0,0,1
"1920","Female","White",2009,122,"Assault",1,1,1,0,0,0,0,0,0,0,1
"1921","Male","White",2009,122,"Assault",4,3,3,0,0,0,0,0,0,0,4
"1922","Unknown","White",2009,122,"Assault",1,1,1,0,1,0,0,1,0,0,1
"1923","Female","Black",2010,122,"Assault",3,2,2,0,2,0,0,2,0,0,3
"1924","Male","Black",2010,122,"Assault",1,1,0,0,0,0,0,1,0,0,1
"1925","Male","Native",2010,122,"Assault",1,1,1,0,0,0,0,0,0,0,1
"1926","Unknown","Other",2010,122,"Assault",1,1,1,0,0,0,0,0,0,0,1
"1927","Male","White",2010,122,"Assault",5,3,3,0,3,0,0,3,0,0,5
"1928","Female","White",2006,123,"Assault",1,1,1,0,1,0,0,1,0,0,1
"1929","Male","White",2006,123,"Assault",2,1,1,0,0,0,0,1,0,0,2
"1930","Female","Black",2007,123,"Assault",1,0,0,0,0,0,0,0,0,0,1
"1931","Male","Black",2007,123,"Assault",1,1,0,0,0,0,0,0,0,0,1
"1932","Male","Hispanic",2007,123,"Assault",1,0,0,0,0,0,0,0,0,0,1
"1933","Male","Other",2007,123,"Assault",1,0,0,0,0,0,0,0,0,0,1
"1934","Female","White",2007,123,"Assault",1,1,1,0,1,0,0,1,0,0,1
"1935","Male","White",2007,123,"Assault",10,4,5,0,1,0,1,1,0,0,10
"1936","Male","Black",2008,123,"Assault",3,3,3,0,0,0,0,0,0,0,3
"1937","Male","Hispanic",2008,123,"Assault",1,1,1,0,1,0,0,1,0,0,1
"1938","Female","White",2008,123,"Assault",1,1,1,0,0,0,0,0,0,0,1
"1939","Male","White",2008,123,"Assault",3,2,1,0,0,0,0,0,0,0,3
"1940","Male","Hispanic",2009,123,"Assault",1,1,1,0,0,0,0,0,0,0,1
"1941","Male","White",2009,123,"Assault",1,1,1,0,0,0,0,0,0,0,1
"1942","Female","Hispanic",2010,123,"Assault",1,1,1,0,0,0,0,1,0,0,1
"1943","Male","Hispanic",2010,123,"Assault",1,1,1,0,0,0,0,1,0,0,1
"1944","Male","White",2010,123,"Assault",4,4,4,0,0,0,0,1,0,0,4
"1945","Male","Black",2006,1,"Other",7,3,7,0,2,0,0,3,0,0,7
"1946","Female","Hispanic",2006,1,"Other",1,0,1,0,0,0,0,0,0,0,1
"1947","Male","Hispanic",2006,1,"Other",3,2,2,0,1,0,0,1,0,0,3
"1948","Male","Asian",2007,1,"Other",2,1,2,0,0,0,0,1,0,0,2
"1949","Female","Black",2007,1,"Other",1,1,1,0,1,0,0,0,0,0,1
"1950","Male","Black",2007,1,"Other",11,10,8,0,3,0,0,0,0,0,11
"1951","Male","Hispanic",2007,1,"Other",5,5,5,0,1,0,0,0,0,0,5
"1952","Male","Native",2007,1,"Other",1,1,1,0,1,0,0,1,0,0,1
"1953","Male","Other",2007,1,"Other",1,1,1,0,0,0,0,0,0,0,1
"1954","Male","White",2007,1,"Other",3,3,3,0,0,0,0,0,0,0,3
"1955","Male","Asian",2008,1,"Other",2,2,1,0,0,0,0,2,0,0,2
"1956","Female","Black",2008,1,"Other",1,0,0,0,0,0,0,0,0,0,1
"1957","Male","Black",2008,1,"Other",36,36,19,0,6,0,0,2,0,0,36
"1958","Unknown","Black",2008,1,"Other",1,1,0,0,0,0,0,0,0,0,1
"1959","Male","Hispanic",2008,1,"Other",11,8,10,0,2,0,0,2,0,0,11
"1960","Male","White",2008,1,"Other",7,6,4,0,4,0,0,2,0,0,7
"1961","Female","Asian",2009,1,"Other",1,1,1,0,1,0,0,0,0,0,1
"1962","Male","Asian",2009,1,"Other",1,1,0,0,0,0,0,0,0,0,1
"1963","Female","Black",2009,1,"Other",3,1,1,0,1,0,0,1,0,0,3
"1964","Male","Black",2009,1,"Other",66,64,45,0,26,0,0,23,0,0,66
"1965","Male","Hispanic",2009,1,"Other",6,6,6,0,1,0,0,2,0,0,6
"1966","Male","White",2009,1,"Other",2,2,2,0,1,0,0,1,0,0,2
"1967","Female","Asian",2010,1,"Other",1,0,1,0,0,0,0,1,0,0,1
"1968","Male","Asian",2010,1,"Other",1,1,1,0,0,0,0,0,0,0,1
"1969","Female","Black",2010,1,"Other",1,1,1,0,0,0,0,0,0,0,1
"1970","Male","Black",2010,1,"Other",23,23,16,0,4,0,0,3,0,0,23
"1971","Male","Hispanic",2010,1,"Other",4,4,3,0,4,0,0,0,0,0,4
"1972","Male","Other",2010,1,"Other",1,1,0,0,0,0,0,0,0,0,1
"1973","Male","White",2010,1,"Other",4,3,3,0,3,0,0,3,0,0,4
"1974","Female","Hispanic",2005,5,"Other",1,1,1,0,0,0,0,0,0,0,1
"1975","Male","Asian",2006,5,"Other",3,1,2,0,1,0,0,1,0,0,3
"1976","Male","Black",2006,5,"Other",15,12,10,0,8,0,0,4,0,0,15
"1977","Male","Hispanic",2006,5,"Other",10,8,8,0,5,0,0,5,0,0,10
"1978","Male","Other",2006,5,"Other",1,0,1,0,1,0,0,1,0,0,1
"1979","Female","White",2006,5,"Other",1,0,0,0,0,0,0,1,0,0,1
"1980","Male","White",2006,5,"Other",4,3,3,0,0,0,0,1,0,0,4
"1981","Male","Asian",2007,5,"Other",8,6,6,0,6,0,0,1,0,0,8
"1982","Female","Black",2007,5,"Other",1,1,1,0,1,0,0,1,0,0,1
"1983","Male","Black",2007,5,"Other",8,8,6,0,4,0,1,4,0,0,8
"1984","Male","Hispanic",2007,5,"Other",10,8,7,0,7,0,1,4,0,0,10
"1985","Male","White",2007,5,"Other",6,5,6,0,2,0,0,5,0,0,6
"1986","Female","Asian",2008,5,"Other",11,9,1,0,0,0,0,7,0,0,11
"1987","Male","Asian",2008,5,"Other",5,5,1,0,1,0,0,1,0,0,5
"1988","Male","Black",2008,5,"Other",17,17,7,0,1,0,0,1,0,0,17
"1989","Male","Hispanic",2008,5,"Other",4,2,1,0,1,0,0,1,0,0,4
"1990","Male","Other",2008,5,"Other",3,1,1,0,1,0,0,1,0,0,3
"1991","Male","White",2008,5,"Other",8,8,5,0,6,0,0,3,0,0,8
"1992","Female","Asian",2009,5,"Other",3,3,2,0,0,0,0,0,0,0,3
"1993","Male","Asian",2009,5,"Other",2,2,1,0,1,0,0,1,0,0,2
"1994","Female","Black",2009,5,"Other",3,1,2,0,2,0,0,1,0,0,3
"1995","Male","Black",2009,5,"Other",13,12,10,0,7,0,0,6,0,0,13
"1996","Female","Hispanic",2009,5,"Other",1,1,1,0,1,0,0,1,0,0,1
"1997","Male","Hispanic",2009,5,"Other",7,6,6,0,2,0,0,2,0,0,7
"1998","Female","Other",2009,5,"Other",2,1,2,0,0,0,0,1,0,0,2
"1999","Male","Other",2009,5,"Other",4,4,2,0,2,0,0,1,0,0,4
"2000","Unknown","Other",2009,5,"Other",1,1,1,0,0,0,0,0,0,0,1
"2001","Female","White",2009,5,"Other",1,0,1,0,1,0,0,1,0,0,1
"2002","Male","White",2009,5,"Other",2,2,1,0,1,0,0,1,0,0,2
"2003","Female","Asian",2010,5,"Other",7,4,3,0,4,0,0,0,0,0,7
"2004","Male","Asian",2010,5,"Other",8,6,6,0,5,0,0,0,0,0,8
"2005","Female","Black",2010,5,"Other",1,1,1,0,1,0,0,1,0,0,1
"2006","Male","Black",2010,5,"Other",24,21,13,0,7,0,0,8,0,0,24
"2007","Male","Hispanic",2010,5,"Other",14,13,7,0,11,0,1,5,0,0,14
"2008","Male","Other",2010,5,"Other",3,1,1,0,3,0,0,0,0,0,3
"2009","Male","White",2010,5,"Other",2,2,0,0,1,0,0,2,0,0,2
"2010","Male","Asian",2006,6,"Other",2,2,2,0,2,0,0,2,0,0,2
"2011","Female","Black",2006,6,"Other",1,1,1,0,0,0,0,0,0,0,1
"2012","Male","Black",2006,6,"Other",10,9,9,0,7,0,0,4,0,0,10
"2013","Male","Hispanic",2006,6,"Other",4,2,2,0,0,0,0,0,0,0,4
"2014","Female","White",2006,6,"Other",1,1,1,0,0,0,0,1,0,0,1
"2015","Male","White",2006,6,"Other",16,12,10,0,9,0,0,4,0,0,16
"2016","Unknown","White",2006,6,"Other",1,1,1,0,1,0,0,0,0,0,1
"2017","Female","Black",2007,6,"Other",2,1,1,0,1,0,0,0,0,0,2
"2018","Male","Black",2007,6,"Other",34,20,26,0,19,0,0,6,0,0,34
"2019","Male","Hispanic",2007,6,"Other",5,4,3,0,0,0,0,0,0,0,5
"2020","Male","White",2007,6,"Other",12,11,11,0,10,0,0,6,0,0,12
"2021","Male","Asian",2008,6,"Other",4,3,4,0,4,0,0,3,0,0,4
"2022","Female","Black",2008,6,"Other",1,1,1,0,1,0,0,1,0,0,1
"2023","Male","Black",2008,6,"Other",13,12,8,0,3,0,0,2,0,0,13
"2024","Female","Hispanic",2008,6,"Other",1,1,0,0,0,0,0,0,0,0,1
"2025","Male","Hispanic",2008,6,"Other",7,7,4,0,3,0,0,2,0,0,7
"2026","Female","Other",2008,6,"Other",1,1,1,0,0,0,0,0,0,0,1
"2027","Male","Other",2008,6,"Other",1,1,0,0,1,0,0,0,0,0,1
"2028","Unknown","Other",2008,6,"Other",1,1,1,0,1,0,0,0,0,0,1
"2029","Female","White",2008,6,"Other",3,3,2,0,2,0,0,1,0,0,3
"2030","Male","White",2008,6,"Other",9,6,8,0,5,0,0,4,0,0,9
"2031","Male","Asian",2009,6,"Other",2,2,2,0,0,0,0,0,0,0,2
"2032","Female","Black",2009,6,"Other",5,1,4,0,3,0,0,1,0,0,5
"2033","Male","Black",2009,6,"Other",7,7,6,0,2,0,0,2,0,0,7
"2034","Male","Hispanic",2009,6,"Other",10,9,8,0,7,0,0,5,0,0,10
"2035","Female","White",2009,6,"Other",3,1,1,0,1,0,0,0,0,0,3
"2036","Male","White",2009,6,"Other",8,6,4,0,5,0,0,4,0,0,8
"2037","Male","Black",2010,6,"Other",12,12,10,0,3,0,0,1,0,0,12
"2038","Unknown","Black",2010,6,"Other",1,1,1,0,0,0,0,0,0,0,1
"2039","Male","Hispanic",2010,6,"Other",2,1,1,0,0,0,0,0,0,0,2
"2040","Male","White",2010,6,"Other",1,1,1,0,1,0,1,1,0,0,1
"2041","Male","Black",2005,7,"Other",1,0,1,0,0,0,0,0,0,0,1
"2042","Unknown","Black",2005,7,"Other",1,1,0,0,0,0,0,0,0,0,1
"2043","Male","White",2005,7,"Other",1,1,1,0,1,0,0,0,0,0,1
"2044","Female","Asian",2006,7,"Other",1,1,1,0,0,0,0,0,0,0,1
"2045","Male","Asian",2006,7,"Other",3,3,2,0,0,0,0,0,0,0,3
"2046","Female","Black",2006,7,"Other",1,1,1,0,0,0,0,0,0,0,1
"2047","Male","Black",2006,7,"Other",12,11,10,0,4,0,0,0,0,0,12
"2048","Female","Hispanic",2006,7,"Other",1,1,1,0,0,0,0,1,0,0,1
"2049","Male","Hispanic",2006,7,"Other",22,19,21,0,10,0,0,10,0,0,22
"2050","Male","Other",2006,7,"Other",1,1,1,0,0,0,0,0,0,0,1
"2051","Female","White",2006,7,"Other",1,1,1,0,0,0,0,0,0,0,1
"2052","Male","White",2006,7,"Other",12,9,10,0,5,0,0,3,0,0,12
"2053","Male","Asian",2007,7,"Other",3,2,2,0,2,0,0,0,0,0,3
"2054","Male","Black",2007,7,"Other",11,7,8,0,3,0,0,3,0,0,11
"2055","Female","Hispanic",2007,7,"Other",1,0,1,0,1,0,0,0,0,0,1
"2056","Male","Hispanic",2007,7,"Other",11,10,9,0,6,0,0,4,0,0,11
"2057","Female","White",2007,7,"Other",1,0,1,0,1,0,0,0,0,0,1
"2058","Male","White",2007,7,"Other",8,4,5,0,3,0,0,4,0,0,8
"2059","Male","Asian",2008,7,"Other",4,1,0,0,0,0,0,1,0,0,4
"2060","Female","Black",2008,7,"Other",1,0,0,0,0,0,0,0,0,0,1
"2061","Male","Black",2008,7,"Other",4,2,3,0,0,0,0,0,0,0,4
"2062","Male","Hispanic",2008,7,"Other",12,7,8,0,4,0,0,3,0,0,12
"2063","Male","White",2008,7,"Other",13,5,7,0,4,0,0,4,0,0,13
"2064","Female","Asian",2009,7,"Other",1,1,1,0,1,0,0,1,0,0,1
"2065","Male","Asian",2009,7,"Other",5,1,1,0,0,0,0,1,0,0,5
"2066","Female","Black",2009,7,"Other",1,0,0,0,0,0,0,0,0,0,1
"2067","Male","Black",2009,7,"Other",5,5,4,0,4,0,0,4,0,0,5
"2068","Male","Hispanic",2009,7,"Other",8,3,4,0,4,1,1,4,0,0,8
"2069","Male","Other",2009,7,"Other",3,2,2,0,1,0,0,2,0,0,3
"2070","Male","White",2009,7,"Other",2,1,1,0,0,0,0,1,0,0,2
"2071","Male","Asian",2010,7,"Other",2,2,1,0,1,0,0,1,0,0,2
"2072","Female","Black",2010,7,"Other",1,1,1,0,0,0,0,0,0,0,1
"2073","Male","Black",2010,7,"Other",8,6,6,0,3,0,0,4,0,0,8
"2074","Female","Hispanic",2010,7,"Other",1,1,1,0,0,0,1,0,0,0,1
"2075","Male","Hispanic",2010,7,"Other",5,4,2,0,2,0,0,1,0,0,5
"2076","Unknown","Other",2010,7,"Other",1,0,0,0,0,0,0,0,0,0,1
"2077","Male","White",2010,7,"Other",1,1,1,0,0,0,0,0,0,0,1
"2078","Female","Black",2006,9,"Other",1,0,0,0,0,0,0,0,0,0,1
"2079","Male","Black",2006,9,"Other",12,7,8,0,3,0,1,2,0,0,12
"2080","Male","Hispanic",2006,9,"Other",9,6,6,0,4,0,0,3,0,0,9
"2081","Male","White",2006,9,"Other",12,9,5,0,4,0,0,6,0,0,12
"2082","Male","Asian",2007,9,"Other",1,0,0,0,0,0,0,0,0,0,1
"2083","Male","Black",2007,9,"Other",13,11,10,0,5,0,0,0,0,0,13
"2084","Female","Hispanic",2007,9,"Other",1,1,0,0,1,0,0,1,0,0,1
"2085","Male","Hispanic",2007,9,"Other",10,10,7,0,2,0,0,6,0,0,10
"2086","Unknown","Other",2007,9,"Other",1,1,1,0,1,0,0,0,0,0,1
"2087","Female","White",2007,9,"Other",1,1,1,0,0,0,0,0,0,0,1
"2088","Male","White",2007,9,"Other",15,11,9,0,4,0,0,6,0,0,15
"2089","Male","Asian",2008,9,"Other",1,1,1,0,0,0,0,0,0,0,1
"2090","Female","Black",2008,9,"Other",2,2,2,0,1,0,0,0,0,0,2
"2091","Male","Black",2008,9,"Other",9,8,6,0,7,0,0,5,0,0,9
"2092","Male","Hispanic",2008,9,"Other",17,14,12,0,9,0,0,8,0,0,17
"2093","Male","Other",2008,9,"Other",1,1,1,0,1,0,0,1,0,0,1
"2094","Male","White",2008,9,"Other",11,11,10,0,5,0,0,3,0,0,11
"2095","Female","Asian",2009,9,"Other",1,0,0,0,0,0,0,0,0,0,1
"2096","Male","Asian",2009,9,"Other",3,1,2,0,1,0,0,1,0,0,3
"2097","Female","Black",2009,9,"Other",1,1,1,0,0,0,0,1,0,0,1
"2098","Male","Black",2009,9,"Other",10,9,9,0,4,0,0,4,0,0,10
"2099","Female","Hispanic",2009,9,"Other",3,3,3,0,3,0,0,2,0,0,3
"2100","Male","Hispanic",2009,9,"Other",18,15,14,0,9,0,0,4,0,0,18
"2101","Male","Other",2009,9,"Other",1,0,0,0,0,0,0,0,0,0,1
"2102","Unknown","Other",2009,9,"Other",1,1,1,0,1,0,0,1,0,0,1
"2103","Male","White",2009,9,"Other",20,15,15,0,7,0,0,5,0,0,20
"2104","Male","Black",2010,9,"Other",10,8,7,0,2,0,0,4,0,0,10
"2105","Male","Hispanic",2010,9,"Other",10,7,7,0,4,0,0,5,0,0,10
"2106","Male","Native",2010,9,"Other",1,0,1,0,0,0,0,0,0,0,1
"2107","Male","Other",2010,9,"Other",1,1,1,0,0,0,0,0,0,0,1
"2108","Unknown","Other",2010,9,"Other",1,1,1,0,0,0,0,0,0,0,1
"2109","Female","White",2010,9,"Other",1,0,1,0,1,0,0,0,0,0,1
"2110","Male","White",2010,9,"Other",17,14,14,0,6,0,0,4,0,0,17
"2111","Male","Black",2005,10,"Other",1,1,0,0,0,0,0,0,0,0,1
"2112","Female","White",2005,10,"Other",1,0,1,0,0,0,0,0,0,0,1
"2113","Male","Black",2006,10,"Other",8,4,4,0,1,0,0,1,0,0,8
"2114","Female","Hispanic",2006,10,"Other",1,1,1,0,1,0,0,1,0,0,1
"2115","Male","Hispanic",2006,10,"Other",4,2,2,0,2,0,0,1,0,0,4
"2116","Male","White",2006,10,"Other",1,1,1,0,0,0,0,0,0,0,1
"2117","Male","Black",2007,10,"Other",10,6,9,0,3,0,0,3,0,0,10
"2118","Male","Hispanic",2007,10,"Other",7,7,5,0,3,0,0,4,0,0,7
"2119","Female","White",2007,10,"Other",1,1,1,0,1,0,0,1,0,0,1
"2120","Male","White",2007,10,"Other",9,6,6,0,2,0,0,5,0,0,9
"2121","Female","Asian",2008,10,"Other",1,1,1,0,1,0,0,1,0,0,1
"2122","Female","Black",2008,10,"Other",1,1,1,0,0,0,0,0,0,0,1
"2123","Male","Black",2008,10,"Other",7,4,5,0,2,0,0,2,0,0,7
"2124","Female","Hispanic",2008,10,"Other",1,1,1,0,0,0,0,0,0,0,1
"2125","Male","Hispanic",2008,10,"Other",14,10,9,0,4,0,0,3,0,0,14
"2126","Male","Other",2008,10,"Other",2,2,2,0,1,0,0,2,0,0,2
"2127","Male","White",2008,10,"Other",10,6,7,0,4,0,0,4,0,0,10
"2128","Male","Asian",2009,10,"Other",1,0,0,0,1,0,0,0,0,0,1
"2129","Female","Black",2009,10,"Other",1,1,0,0,0,0,0,0,0,0,1
"2130","Male","Black",2009,10,"Other",18,15,15,0,7,0,0,8,0,0,18
"2131","Male","Hispanic",2009,10,"Other",4,3,1,0,4,0,0,1,0,0,4
"2132","Male","Native",2009,10,"Other",1,0,1,0,0,0,0,0,0,0,1
"2133","Male","Other",2009,10,"Other",1,1,1,0,1,0,0,1,0,0,1
"2134","Female","White",2009,10,"Other",2,2,2,0,1,0,0,0,0,0,2
"2135","Male","White",2009,10,"Other",7,7,7,0,1,0,0,0,0,0,7
"2136","Male","Asian",2010,10,"Other",4,4,2,0,1,0,0,2,0,0,4
"2137","Female","Black",2010,10,"Other",1,0,0,0,0,0,0,0,0,0,1
"2138","Male","Black",2010,10,"Other",7,6,3,0,4,0,0,3,0,0,7
"2139","Male","Hispanic",2010,10,"Other",9,8,6,0,5,0,0,1,0,0,9
"2140","Male","Other",2010,10,"Other",1,1,0,0,0,0,0,0,0,0,1
"2141","Female","White",2010,10,"Other",1,1,1,0,1,0,0,0,0,0,1
"2142","Male","White",2010,10,"Other",6,6,4,0,2,0,1,4,0,0,6
"2143","Female","Asian",2006,13,"Other",3,3,3,0,3,0,0,0,0,0,3
"2144","Male","Asian",2006,13,"Other",5,0,2,0,1,0,0,2,0,0,5
"2145","Female","Black",2006,13,"Other",1,1,1,0,0,0,0,0,0,0,1
"2146","Male","Black",2006,13,"Other",30,26,24,0,17,0,2,18,0,0,30
"2147","Female","Hispanic",2006,13,"Other",1,1,0,0,0,0,0,0,0,0,1
"2148","Male","Hispanic",2006,13,"Other",9,8,6,0,6,0,0,3,0,0,9
"2149","Male","Other",2006,13,"Other",1,1,1,0,0,0,0,1,0,0,1
"2150","Female","White",2006,13,"Other",4,2,1,0,3,0,0,1,0,0,4
"2151","Male","White",2006,13,"Other",4,2,3,0,3,0,0,2,0,0,4
"2152","Male","Asian",2007,13,"Other",2,1,2,0,0,0,0,0,0,0,2
"2153","Female","Black",2007,13,"Other",2,0,0,0,1,0,0,0,0,0,2
"2154","Male","Black",2007,13,"Other",28,22,18,0,11,0,0,8,0,0,28
"2155","Female","Hispanic",2007,13,"Other",2,0,0,0,0,0,0,0,0,0,2
"2156","Male","Hispanic",2007,13,"Other",10,9,8,0,6,0,0,5,0,0,10
"2157","Male","Other",2007,13,"Other",1,1,1,0,1,0,0,0,0,0,1
"2158","Unknown","Other",2007,13,"Other",1,1,0,0,0,0,0,0,0,0,1
"2159","Male","White",2007,13,"Other",11,10,7,0,4,0,0,6,0,0,11
"2160","Unknown","White",2007,13,"Other",1,1,1,0,1,0,0,1,0,0,1
"2161","Female","Black",2008,13,"Other",1,1,0,0,1,0,0,1,0,0,1
"2162","Male","Black",2008,13,"Other",24,19,12,0,4,0,0,6,0,0,24
"2163","Male","Hispanic",2008,13,"Other",14,12,11,0,8,0,0,8,0,0,14
"2164","Male","Other",2008,13,"Other",1,0,0,0,0,0,0,0,0,0,1
"2165","Unknown","Other",2008,13,"Other",1,0,0,0,0,0,0,0,0,0,1
"2166","Male","White",2008,13,"Other",8,7,4,0,1,0,0,4,0,0,8
"2167","Female","Asian",2009,13,"Other",2,0,0,0,2,0,0,0,0,0,2
"2168","Male","Asian",2009,13,"Other",2,2,2,0,1,0,0,0,0,0,2
"2169","Female","Black",2009,13,"Other",5,4,3,0,2,0,0,3,0,0,5
"2170","Male","Black",2009,13,"Other",20,13,8,0,9,0,0,9,0,0,20
"2171","Female","Hispanic",2009,13,"Other",2,0,0,0,0,0,0,1,0,0,2
"2172","Male","Hispanic",2009,13,"Other",12,9,10,0,7,0,0,7,0,0,12
"2173","Male","Other",2009,13,"Other",2,1,1,0,1,0,0,1,0,0,2
"2174","Male","White",2009,13,"Other",11,9,7,0,5,0,0,7,0,0,11
"2175","Female","Black",2010,13,"Other",4,3,0,0,1,0,1,3,0,0,4
"2176","Male","Black",2010,13,"Other",15,11,5,0,6,0,2,4,0,0,15
"2177","Male","Hispanic",2010,13,"Other",11,11,9,0,4,0,0,5,0,0,11
"2178","Male","Native",2010,13,"Other",1,1,0,0,0,0,0,0,0,0,1
"2179","Unknown","Other",2010,13,"Other",2,0,1,0,0,0,0,0,0,0,2
"2180","Female","White",2010,13,"Other",2,1,0,0,2,0,0,0,0,0,2
"2181","Male","White",2010,13,"Other",13,11,7,0,4,0,0,6,0,0,13
"2182","Male","Asian",2006,14,"Other",4,3,3,0,0,0,0,0,0,0,4
"2183","Female","Black",2006,14,"Other",5,4,4,0,1,0,0,0,0,0,5
"2184","Male","Black",2006,14,"Other",87,48,49,0,25,1,1,20,0,0,87
"2185","Male","Hispanic",2006,14,"Other",32,23,24,0,18,1,1,7,0,0,32
"2186","Female","Other",2006,14,"Other",1,1,1,0,0,0,0,0,0,0,1
"2187","Male","Other",2006,14,"Other",5,4,4,0,3,0,0,1,0,0,5
"2188","Unknown","Other",2006,14,"Other",2,2,2,0,2,0,0,0,0,0,2
"2189","Female","White",2006,14,"Other",2,2,2,0,2,0,0,0,0,0,2
"2190","Male","White",2006,14,"Other",16,11,8,0,8,0,0,2,0,0,16
"2191","Female","Asian",2007,14,"Other",1,0,1,0,0,0,0,1,0,0,1
"2192","Male","Asian",2007,14,"Other",5,3,4,0,2,0,0,3,0,0,5
"2193","Female","Black",2007,14,"Other",3,2,0,0,0,0,0,0,0,0,3
"2194","Male","Black",2007,14,"Other",62,45,44,0,18,0,0,21,0,0,62
"2195","Male","Hispanic",2007,14,"Other",28,20,15,0,8,0,0,10,0,0,28
"2196","Male","Other",2007,14,"Other",6,0,0,0,1,0,0,0,0,0,6
"2197","Unknown","Other",2007,14,"Other",1,0,0,0,0,0,0,0,0,0,1
"2198","Female","White",2007,14,"Other",1,0,1,0,0,0,0,0,0,0,1
"2199","Male","White",2007,14,"Other",10,7,7,0,2,0,0,3,0,0,10
"2200","Male","Asian",2008,14,"Other",4,3,3,0,1,0,0,1,0,0,4
"2201","Female","Black",2008,14,"Other",2,1,1,0,1,0,0,1,0,0,2
"2202","Male","Black",2008,14,"Other",43,37,35,0,15,0,0,14,0,0,43
"2203","Unknown","Black",2008,14,"Other",1,1,1,0,0,0,0,0,0,0,1
"2204","Female","Hispanic",2008,14,"Other",3,1,1,0,0,0,0,0,0,0,3
"2205","Male","Hispanic",2008,14,"Other",24,18,17,0,10,0,0,13,0,0,24
"2206","Unknown","Hispanic",2008,14,"Other",1,1,1,0,0,0,0,0,0,0,1
"2207","Female","White",2008,14,"Other",1,0,1,0,0,0,0,0,0,0,1
"2208","Male","White",2008,14,"Other",7,7,6,0,2,0,0,3,0,0,7
"2209","Male","Asian",2009,14,"Other",5,5,3,0,3,0,0,2,0,0,5
"2210","Female","Black",2009,14,"Other",6,3,0,0,2,0,0,0,0,0,6
"2211","Male","Black",2009,14,"Other",61,50,38,0,29,0,0,22,0,0,61
"2212","Female","Hispanic",2009,14,"Other",2,1,0,0,0,0,0,0,0,0,2
"2213","Male","Hispanic",2009,14,"Other",14,10,10,0,5,0,1,6,0,0,14
"2214","Male","Native",2009,14,"Other",1,1,1,0,1,0,0,1,0,0,1
"2215","Male","Other",2009,14,"Other",3,2,2,0,0,0,0,0,0,0,3
"2216","Female","White",2009,14,"Other",1,0,0,0,0,0,0,0,0,0,1
"2217","Male","White",2009,14,"Other",6,5,5,0,2,0,0,2,0,0,6
"2218","Male","Asian",2010,14,"Other",1,0,0,0,1,0,0,0,0,0,1
"2219","Female","Black",2010,14,"Other",1,0,0,0,0,0,0,0,0,0,1
"2220","Male","Black",2010,14,"Other",40,25,22,0,22,0,0,20,0,0,40
"2221","Female","Hispanic",2010,14,"Other",1,1,0,0,0,0,0,0,0,0,1
"2222","Male","Hispanic",2010,14,"Other",15,10,12,0,12,0,0,4,0,0,15
"2223","Female","Other",2010,14,"Other",1,0,0,0,0,0,0,0,0,0,1
"2224","Male","Other",2010,14,"Other",5,3,3,0,2,0,0,1,0,0,5
"2225","Unknown","Other",2010,14,"Other",1,0,0,0,0,0,0,0,0,0,1
"2226","Female","White",2010,14,"Other",2,1,0,0,0,0,0,0,0,0,2
"2227","Male","White",2010,14,"Other",11,9,8,0,2,0,1,5,0,0,11
"2228","Male","Black",2006,17,"Other",6,5,3,0,4,0,0,2,0,0,6
"2229","Male","Hispanic",2006,17,"Other",4,3,3,0,2,0,0,4,0,0,4
"2230","Male","White",2006,17,"Other",4,2,2,0,4,0,0,1,0,0,4
"2231","Male","Asian",2007,17,"Other",1,1,0,0,1,0,0,0,0,0,1
"2232","Male","Black",2007,17,"Other",3,2,2,0,1,0,0,2,0,0,3
"2233","Male","Hispanic",2007,17,"Other",3,2,2,0,1,0,0,3,0,0,3
"2234","Male","Other",2007,17,"Other",1,1,1,0,0,0,0,0,0,0,1
"2235","Male","White",2007,17,"Other",3,2,2,0,2,0,0,1,0,0,3
"2236","Male","Asian",2008,17,"Other",1,1,0,0,1,0,0,1,0,0,1
"2237","Male","Black",2008,17,"Other",8,7,6,0,4,0,0,5,0,0,8
"2238","Male","Hispanic",2008,17,"Other",5,4,2,0,3,0,0,4,0,0,5
"2239","Male","Other",2008,17,"Other",2,0,0,0,0,0,0,0,0,0,2
"2240","Male","White",2008,17,"Other",1,0,0,0,0,0,0,0,0,0,1
"2241","Female","Black",2009,17,"Other",2,0,0,0,0,0,0,0,0,0,2
"2242","Male","Black",2009,17,"Other",3,3,3,0,2,0,0,1,0,0,3
"2243","Male","Hispanic",2009,17,"Other",3,2,1,0,1,0,0,1,0,0,3
"2244","Female","White",2009,17,"Other",3,2,0,0,2,0,0,2,0,0,3
"2245","Male","White",2009,17,"Other",3,2,0,0,1,0,0,1,0,0,3
"2246","Male","Asian",2010,17,"Other",1,1,0,0,0,0,0,0,0,0,1
"2247","Male","Black",2010,17,"Other",1,1,1,0,0,0,0,0,0,0,1
"2248","Male","Hispanic",2010,17,"Other",1,1,0,0,0,0,0,1,0,0,1
"2249","Male","Asian",2006,18,"Other",2,2,0,0,1,0,1,2,0,0,2
"2250","Female","Black",2006,18,"Other",23,14,22,0,8,0,0,2,0,0,23
"2251","Male","Black",2006,18,"Other",10,3,8,0,4,1,0,2,0,0,10
"2252","Female","Hispanic",2006,18,"Other",7,4,6,0,4,0,0,1,0,0,7
"2253","Male","Hispanic",2006,18,"Other",8,7,7,0,1,0,0,1,0,0,8
"2254","Female","Other",2006,18,"Other",3,2,2,0,2,0,0,1,0,0,3
"2255","Male","Other",2006,18,"Other",1,0,1,0,0,0,0,0,0,0,1
"2256","Unknown","Other",2006,18,"Other",2,1,1,0,2,0,0,1,0,0,2
"2257","Female","White",2006,18,"Other",21,13,18,0,2,0,0,1,0,0,21
"2258","Male","White",2006,18,"Other",3,2,2,0,2,0,0,0,0,0,3
"2259","Male","Asian",2007,18,"Other",2,0,1,0,1,0,0,1,0,0,2
"2260","Female","Black",2007,18,"Other",9,7,8,0,0,0,0,0,0,0,9
"2261","Male","Black",2007,18,"Other",24,20,12,0,12,0,0,12,0,0,24
"2262","Female","Hispanic",2007,18,"Other",2,2,1,0,1,0,0,0,0,0,2
"2263","Male","Hispanic",2007,18,"Other",6,6,6,0,5,0,0,2,0,0,6
"2264","Female","Other",2007,18,"Other",1,1,1,0,0,0,0,0,0,0,1
"2265","Unknown","Other",2007,18,"Other",1,1,1,0,1,0,0,1,0,0,1
"2266","Female","White",2007,18,"Other",5,3,5,0,0,0,0,0,0,0,5
"2267","Male","White",2007,18,"Other",5,5,5,0,1,0,0,2,0,0,5
"2268","Male","Asian",2008,18,"Other",1,1,1,0,1,0,0,1,0,0,1
"2269","Female","Black",2008,18,"Other",5,1,4,0,3,0,0,4,0,0,5
"2270","Male","Black",2008,18,"Other",19,11,16,0,13,0,0,12,0,0,19
"2271","Male","Hispanic",2008,18,"Other",3,1,2,0,3,0,0,3,0,0,3
"2272","Female","White",2008,18,"Other",1,0,0,0,0,0,0,0,0,0,1
"2273","Male","White",2008,18,"Other",3,3,3,0,3,0,0,2,0,0,3
"2274","Male","Asian",2009,18,"Other",1,1,1,0,0,0,0,1,0,0,1
"2275","Female","Black",2009,18,"Other",1,1,0,0,1,0,1,1,0,0,1
"2276","Male","Black",2009,18,"Other",15,10,9,1,7,1,0,9,0,0,15
"2277","Female","Hispanic",2009,18,"Other",2,1,0,0,0,0,0,0,0,0,2
"2278","Male","Hispanic",2009,18,"Other",8,6,8,0,2,0,0,2,0,0,8
"2279","Male","Other",2009,18,"Other",3,3,3,0,2,0,0,2,0,0,3
"2280","Female","White",2009,18,"Other",1,1,0,0,0,0,1,1,0,0,1
"2281","Male","White",2009,18,"Other",5,4,3,0,5,0,0,2,0,0,5
"2282","Male","Asian",2010,18,"Other",1,0,0,0,0,0,0,0,0,0,1
"2283","Female","Black",2010,18,"Other",1,0,0,0,0,0,0,0,0,0,1
"2284","Male","Black",2010,18,"Other",14,8,11,0,7,0,0,6,0,0,14
"2285","Female","Hispanic",2010,18,"Other",5,4,4,0,1,0,0,2,0,0,5
"2286","Male","Hispanic",2010,18,"Other",7,5,5,0,2,0,0,4,0,0,7
"2287","Male","Other",2010,18,"Other",1,1,1,0,1,0,0,0,0,0,1
"2288","Male","White",2010,18,"Other",2,1,1,0,0,0,0,0,0,0,2
"2289","Male","Asian",2006,19,"Other",2,2,1,0,0,0,0,0,0,0,2
"2290","Male","Black",2006,19,"Other",15,7,7,0,7,0,0,9,0,0,15
"2291","Female","Hispanic",2006,19,"Other",1,1,1,0,1,0,0,0,0,0,1
"2292","Male","Hispanic",2006,19,"Other",24,21,19,0,12,0,0,9,0,0,24
"2293","Male","White",2006,19,"Other",13,10,6,0,5,0,0,5,0,0,13
"2294","Male","Asian",2007,19,"Other",4,4,4,0,1,0,0,1,0,0,4
"2295","Female","Black",2007,19,"Other",2,0,0,0,1,0,0,0,0,0,2
"2296","Male","Black",2007,19,"Other",22,17,17,0,7,0,0,10,0,0,22
"2297","Female","Hispanic",2007,19,"Other",1,1,1,0,1,0,0,1,0,0,1
"2298","Male","Hispanic",2007,19,"Other",23,20,19,0,9,0,0,9,0,0,23
"2299","Male","Native",2007,19,"Other",1,1,1,0,1,0,0,0,0,0,1
"2300","Male","Other",2007,19,"Other",4,3,3,0,1,0,0,1,0,0,4
"2301","Unknown","Other",2007,19,"Other",5,5,4,0,2,0,1,3,0,0,5
"2302","Female","White",2007,19,"Other",1,1,1,0,0,0,0,0,0,0,1
"2303","Male","White",2007,19,"Other",26,20,17,0,8,0,1,8,0,0,26
"2304","Male","Asian",2008,19,"Other",2,1,1,0,1,0,0,2,0,0,2
"2305","Female","Black",2008,19,"Other",1,0,0,0,0,0,0,0,0,0,1
"2306","Male","Black",2008,19,"Other",31,27,22,0,20,1,0,15,0,0,31
"2307","Male","Hispanic",2008,19,"Other",13,11,9,0,6,0,0,6,0,0,13
"2308","Male","Native",2008,19,"Other",1,1,1,0,0,0,0,0,0,0,1
"2309","Male","Other",2008,19,"Other",3,3,2,0,3,0,0,3,0,0,3
"2310","Unknown","Other",2008,19,"Other",1,1,0,0,1,0,0,0,0,0,1
"2311","Male","White",2008,19,"Other",11,11,6,0,2,0,0,2,0,0,11
"2312","Male","Asian",2009,19,"Other",2,2,2,0,1,0,0,1,0,0,2
"2313","Female","Black",2009,19,"Other",1,1,1,0,1,0,0,0,0,0,1
"2314","Male","Black",2009,19,"Other",22,18,12,0,9,0,0,13,0,0,22
"2315","Female","Hispanic",2009,19,"Other",1,0,0,0,1,0,0,0,0,0,1
"2316","Male","Hispanic",2009,19,"Other",6,5,6,0,5,0,0,5,0,0,6
"2317","Male","White",2009,19,"Other",9,8,7,0,6,0,0,5,0,0,9
"2318","Unknown","White",2009,19,"Other",1,1,1,0,0,0,0,0,0,0,1
"2319","Male","Asian",2010,19,"Other",1,0,0,0,0,0,0,0,0,0,1
"2320","Female","Black",2010,19,"Other",1,1,1,0,1,0,0,1,0,0,1
"2321","Male","Black",2010,19,"Other",2,1,1,0,0,0,0,0,0,0,2
"2322","Male","Hispanic",2010,19,"Other",4,4,3,0,4,0,0,4,0,0,4
"2323","Male","White",2010,19,"Other",9,7,7,0,7,0,0,6,0,0,9
"2324","Male","Black",2005,20,"Other",1,1,1,0,1,0,0,1,0,0,1
"2325","Female","Black",2006,20,"Other",1,0,1,0,1,0,0,0,0,0,1
"2326","Male","Black",2006,20,"Other",6,6,5,0,4,0,0,3,0,0,6
"2327","Male","Hispanic",2006,20,"Other",3,3,3,0,2,0,0,1,0,0,3
"2328","Male","Other",2006,20,"Other",1,1,1,0,1,0,0,0,0,0,1
"2329","Male","White",2006,20,"Other",5,4,5,0,4,0,2,4,0,0,5
"2330","Male","Asian",2007,20,"Other",2,2,2,0,1,0,0,2,0,0,2
"2331","Female","Black",2007,20,"Other",1,1,1,0,0,0,0,0,0,0,1
"2332","Male","Black",2007,20,"Other",11,9,8,0,6,0,1,6,0,0,11
"2333","Male","Hispanic",2007,20,"Other",7,5,5,0,2,0,0,4,0,0,7
"2334","Male","Other",2007,20,"Other",1,1,1,0,1,0,0,0,0,0,1
"2335","Female","White",2007,20,"Other",2,1,2,0,0,0,0,0,0,0,2
"2336","Male","White",2007,20,"Other",14,9,10,0,8,0,0,6,0,0,14
"2337","Unknown","White",2007,20,"Other",1,0,1,0,0,0,0,0,0,0,1
"2338","Male","Black",2008,20,"Other",13,11,10,0,6,0,0,5,0,0,13
"2339","Female","Hispanic",2008,20,"Other",2,1,0,0,2,0,0,0,0,0,2
"2340","Male","Hispanic",2008,20,"Other",4,4,3,0,2,0,0,3,0,0,4
"2341","Female","White",2008,20,"Other",2,2,0,0,2,0,0,1,0,0,2
"2342","Male","White",2008,20,"Other",6,4,6,0,1,0,0,0,0,0,6
"2343","Male","Asian",2009,20,"Other",3,3,3,0,2,0,0,2,0,0,3
"2344","Female","Black",2009,20,"Other",2,0,0,0,1,0,0,2,0,0,2
"2345","Male","Black",2009,20,"Other",9,7,8,0,4,0,0,2,0,0,9
"2346","Female","Hispanic",2009,20,"Other",1,0,0,0,0,0,0,0,0,0,1
"2347","Male","Hispanic",2009,20,"Other",17,13,11,0,8,0,1,10,0,0,17
"2348","Male","Other",2009,20,"Other",2,2,2,0,2,0,0,2,0,0,2
"2349","Female","White",2009,20,"Other",2,2,1,0,1,0,0,1,0,0,2
"2350","Male","White",2009,20,"Other",7,6,4,0,3,0,0,2,0,0,7
"2351","Male","Asian",2010,20,"Other",1,0,1,0,1,0,0,0,0,0,1
"2352","Female","Black",2010,20,"Other",1,1,1,0,0,0,0,1,0,0,1
"2353","Male","Black",2010,20,"Other",9,8,6,0,2,0,0,4,0,0,9
"2354","Female","Hispanic",2010,20,"Other",1,0,0,0,0,0,0,0,0,0,1
"2355","Male","Hispanic",2010,20,"Other",11,8,10,0,6,0,0,2,0,0,11
"2356","Male","White",2010,20,"Other",6,2,3,0,2,0,0,2,0,0,6
"2357","Male","Hispanic",2007,22,"Other",2,2,0,0,1,0,0,2,0,0,2
"2358","Male","Asian",2008,22,"Other",1,1,0,0,1,0,0,1,0,0,1
"2359","Male","White",2008,22,"Other",1,1,1,0,1,0,0,1,0,0,1
"2360","Female","Black",2009,22,"Other",2,2,1,0,0,0,0,2,0,0,2
"2361","Male","Black",2009,22,"Other",2,1,0,0,0,0,0,1,0,0,2
"2362","Female","Hispanic",2009,22,"Other",2,2,2,0,0,0,0,0,0,0,2
"2363","Male","Hispanic",2009,22,"Other",4,3,3,0,1,0,0,2,0,0,4
"2364","Female","White",2009,22,"Other",1,1,1,0,0,0,0,0,0,0,1
"2365","Male","Black",2010,22,"Other",1,1,0,0,1,0,0,0,0,0,1
"2366","Female","Black",2005,23,"Other",1,1,1,0,0,0,0,0,0,0,1
"2367","Male","Black",2005,23,"Other",1,1,1,0,0,0,0,0,0,0,1
"2368","Female","Black",2006,23,"Other",1,1,0,0,1,0,0,0,0,0,1
"2369","Male","Black",2006,23,"Other",13,13,9,0,6,0,0,4,0,0,13
"2370","Female","Hispanic",2006,23,"Other",1,0,0,0,0,0,0,0,0,0,1
"2371","Male","Hispanic",2006,23,"Other",11,8,8,0,6,0,0,3,0,0,11
"2372","Male","White",2006,23,"Other",2,2,2,0,1,0,0,1,0,0,2
"2373","Female","Black",2007,23,"Other",3,3,2,0,1,0,0,1,0,0,3
"2374","Male","Black",2007,23,"Other",29,23,18,0,7,0,1,7,0,0,29
"2375","Female","Hispanic",2007,23,"Other",1,0,0,0,1,0,0,0,0,0,1
"2376","Male","Hispanic",2007,23,"Other",15,12,12,0,3,0,0,2,0,0,15
"2377","Male","Other",2007,23,"Other",1,1,1,0,1,0,0,0,0,0,1
"2378","Unknown","Other",2007,23,"Other",1,1,0,0,0,0,0,0,0,0,1
"2379","Male","White",2007,23,"Other",1,1,0,0,0,0,0,1,0,0,1
"2380","Male","Asian",2008,23,"Other",1,1,1,0,0,0,0,0,0,0,1
"2381","Female","Black",2008,23,"Other",1,1,1,0,0,0,0,0,0,0,1
"2382","Male","Black",2008,23,"Other",16,11,9,0,3,0,0,1,0,0,16
"2383","Female","Hispanic",2008,23,"Other",3,3,1,0,1,0,0,2,0,0,3
"2384","Male","Hispanic",2008,23,"Other",27,21,18,0,11,0,0,9,0,0,27
"2385","Unknown","Other",2008,23,"Other",1,1,0,0,0,0,0,0,0,0,1
"2386","Female","Black",2009,23,"Other",4,4,1,0,0,0,0,0,0,0,4
"2387","Male","Black",2009,23,"Other",31,29,19,0,7,0,0,10,0,0,31
"2388","Female","Hispanic",2009,23,"Other",2,2,1,0,0,0,0,0,0,0,2
"2389","Male","Hispanic",2009,23,"Other",18,14,11,0,6,0,0,5,0,0,18
"2390","Female","Other",2009,23,"Other",1,1,1,0,0,0,0,0,0,0,1
"2391","Male","Other",2009,23,"Other",3,2,1,0,0,0,0,0,0,0,3
"2392","Male","White",2009,23,"Other",5,4,4,0,0,0,0,0,0,0,5
"2393","Female","Black",2010,23,"Other",3,1,1,0,1,0,0,2,0,0,3
"2394","Male","Black",2010,23,"Other",12,10,7,0,3,0,0,2,0,0,12
"2395","Female","Hispanic",2010,23,"Other",2,1,1,0,0,0,0,0,0,0,2
"2396","Male","Hispanic",2010,23,"Other",15,13,10,0,2,1,0,3,0,0,15
"2397","Male","Other",2010,23,"Other",1,1,1,0,0,0,0,1,0,0,1
"2398","Unknown","Other",2010,23,"Other",1,1,1,0,0,0,0,0,0,0,1
"2399","Male","White",2010,23,"Other",1,0,0,0,1,0,0,0,0,0,1
"2400","Female","Black",2006,24,"Other",1,0,0,0,0,0,0,0,0,0,1
"2401","Male","Black",2006,24,"Other",4,3,1,0,1,0,0,1,0,0,4
"2402","Male","Hispanic",2006,24,"Other",8,7,5,0,3,0,0,2,0,0,8
"2403","Male","Other",2006,24,"Other",1,1,1,0,0,0,0,1,0,0,1
"2404","Male","Black",2007,24,"Other",9,8,7,0,5,1,0,2,0,0,9
"2405","Male","Hispanic",2007,24,"Other",4,3,3,0,1,0,0,2,0,0,4
"2406","Male","White",2007,24,"Other",4,3,4,0,1,0,0,0,0,0,4
"2407","Female","Asian",2008,24,"Other",1,1,1,0,0,0,0,0,0,0,1
"2408","Female","Black",2008,24,"Other",1,1,1,0,0,0,0,0,0,0,1
"2409","Male","Black",2008,24,"Other",13,10,7,0,3,1,0,5,0,0,13
"2410","Male","Hispanic",2008,24,"Other",8,4,4,0,3,0,0,1,0,0,8
"2411","Male","Other",2008,24,"Other",2,0,0,0,0,0,0,0,0,0,2
"2412","Unknown","Other",2008,24,"Other",1,0,0,0,0,0,0,0,0,0,1
"2413","Male","White",2008,24,"Other",4,2,1,0,1,0,0,0,0,0,4
"2414","Male","Black",2009,24,"Other",9,7,6,0,3,0,0,3,0,0,9
"2415","Female","Hispanic",2009,24,"Other",2,2,2,0,1,0,0,1,0,0,2
"2416","Male","Hispanic",2009,24,"Other",5,2,3,0,2,1,0,1,0,0,5
"2417","Male","White",2009,24,"Other",1,1,1,0,0,0,0,0,0,0,1
"2418","Female","Black",2010,24,"Other",1,0,1,0,0,0,0,0,0,0,1
"2419","Male","Black",2010,24,"Other",6,4,4,0,1,0,0,0,0,0,6
"2420","Male","Hispanic",2010,24,"Other",10,8,5,0,2,0,0,2,0,0,10
"2421","Male","Other",2010,24,"Other",3,3,0,0,0,0,0,0,0,0,3
"2422","Male","White",2010,24,"Other",3,3,1,0,0,0,0,0,0,0,3
"2423","Male","Black",2005,25,"Other",1,1,1,0,0,0,0,0,0,0,1
"2424","Male","Hispanic",2005,25,"Other",1,1,0,0,0,0,0,0,0,0,1
"2425","Female","Black",2006,25,"Other",1,0,0,0,1,0,0,0,0,0,1
"2426","Male","Black",2006,25,"Other",38,28,23,0,19,0,1,19,0,0,38
"2427","Male","Hispanic",2006,25,"Other",19,15,11,0,7,0,0,6,0,0,19
"2428","Male","Other",2006,25,"Other",1,1,1,0,0,0,0,1,0,0,1
"2429","Female","Black",2007,25,"Other",3,2,1,0,1,0,0,1,0,0,3
"2430","Male","Black",2007,25,"Other",73,60,46,0,24,0,0,19,0,0,73
"2431","Unknown","Black",2007,25,"Other",1,1,0,0,0,0,0,0,0,0,1
"2432","Female","Hispanic",2007,25,"Other",4,4,4,0,0,0,0,0,0,0,4
"2433","Male","Hispanic",2007,25,"Other",30,23,19,0,11,0,0,10,0,0,30
"2434","Male","Other",2007,25,"Other",1,1,1,0,0,0,0,1,0,0,1
"2435","Unknown","Other",2007,25,"Other",1,1,1,0,1,0,0,1,0,0,1
"2436","Male","White",2007,25,"Other",5,5,3,0,1,0,0,3,0,0,5
"2437","Male","Asian",2008,25,"Other",2,0,1,0,0,0,0,1,0,0,2
"2438","Female","Black",2008,25,"Other",3,3,3,0,0,0,0,0,0,0,3
"2439","Male","Black",2008,25,"Other",70,43,45,0,25,0,1,20,0,0,70
"2440","Female","Hispanic",2008,25,"Other",8,7,6,0,4,0,0,3,0,0,8
"2441","Male","Hispanic",2008,25,"Other",51,33,25,0,13,0,0,15,0,0,51
"2442","Male","Other",2008,25,"Other",3,1,0,0,0,0,0,1,0,0,3
"2443","Unknown","Other",2008,25,"Other",2,2,2,0,2,0,0,1,0,0,2
"2444","Male","White",2008,25,"Other",2,2,1,0,2,0,0,2,0,0,2
"2445","Female","Black",2009,25,"Other",6,3,3,0,3,0,0,2,0,0,6
"2446","Male","Black",2009,25,"Other",64,39,37,0,17,0,0,27,0,0,64
"2447","Female","Hispanic",2009,25,"Other",4,3,2,0,0,0,0,1,0,0,4
"2448","Male","Hispanic",2009,25,"Other",31,15,11,0,11,0,0,8,0,0,31
"2449","Female","Other",2009,25,"Other",1,0,0,0,0,0,0,0,0,0,1
"2450","Male","Other",2009,25,"Other",7,1,0,0,0,0,0,1,0,0,7
"2451","Female","White",2009,25,"Other",2,2,1,0,0,0,0,0,0,0,2
"2452","Male","White",2009,25,"Other",4,2,1,0,1,0,0,3,0,0,4
"2453","Female","Black",2010,25,"Other",5,2,3,0,2,0,0,3,0,0,5
"2454","Male","Black",2010,25,"Other",40,24,18,0,17,0,0,8,0,0,40
"2455","Female","Hispanic",2010,25,"Other",1,0,0,0,1,0,0,0,0,0,1
"2456","Male","Hispanic",2010,25,"Other",29,16,12,0,10,0,0,4,0,0,29
"2457","Male","Other",2010,25,"Other",2,0,0,0,0,0,0,0,0,0,2
"2458","Unknown","Other",2010,25,"Other",2,2,2,0,1,0,0,1,0,0,2
"2459","Male","White",2010,25,"Other",5,3,1,0,0,0,0,2,0,0,5
"2460","Male","Black",2006,26,"Other",12,11,8,0,6,0,1,3,0,0,12
"2461","Male","Hispanic",2006,26,"Other",4,3,3,0,0,0,0,1,0,0,4
"2462","Female","Black",2007,26,"Other",1,0,0,0,1,0,0,0,0,0,1
"2463","Male","Black",2007,26,"Other",2,1,0,0,1,0,0,0,0,0,2
"2464","Male","Hispanic",2007,26,"Other",2,1,1,0,0,0,0,0,0,0,2
"2465","Female","Black",2008,26,"Other",1,1,1,0,1,0,0,1,0,0,1
"2466","Male","Black",2008,26,"Other",9,8,7,0,1,0,0,2,0,0,9
"2467","Male","Hispanic",2008,26,"Other",1,1,0,0,0,0,0,0,0,0,1
"2468","Female","Black",2009,26,"Other",1,1,1,0,1,0,0,1,0,0,1
"2469","Male","Black",2009,26,"Other",12,9,11,0,5,0,0,4,0,0,12
"2470","Female","Hispanic",2009,26,"Other",1,0,0,0,0,0,0,0,0,0,1
"2471","Male","Hispanic",2009,26,"Other",5,4,3,0,0,0,0,1,0,0,5
"2472","Male","White",2009,26,"Other",2,2,2,0,2,0,0,0,0,0,2
"2473","Male","Black",2010,26,"Other",7,6,5,0,2,0,0,3,0,0,7
"2474","Female","Hispanic",2010,26,"Other",1,0,1,0,0,0,0,0,0,0,1
"2475","Male","Hispanic",2010,26,"Other",6,6,2,0,1,0,0,0,0,0,6
"2476","Male","Black",2006,28,"Other",21,13,13,0,9,0,0,8,0,0,21
"2477","Male","Hispanic",2006,28,"Other",3,1,2,0,1,0,0,1,0,0,3
"2478","Female","White",2006,28,"Other",1,1,0,0,1,0,0,0,0,0,1
"2479","Male","White",2006,28,"Other",1,0,0,0,0,0,0,0,0,0,1
"2480","Female","Black",2007,28,"Other",1,1,0,0,0,0,0,0,0,0,1
"2481","Male","Black",2007,28,"Other",24,22,19,0,12,0,0,7,0,0,24
"2482","Male","Hispanic",2007,28,"Other",3,3,2,0,0,0,0,1,0,0,3
"2483","Female","Other",2007,28,"Other",1,1,1,0,1,0,0,0,0,0,1
"2484","Male","White",2007,28,"Other",1,1,1,0,0,0,0,0,0,0,1
"2485","Female","Asian",2008,28,"Other",1,1,1,0,0,0,0,0,0,0,1
"2486","Male","Asian",2008,28,"Other",1,1,1,0,1,0,0,0,0,0,1
"2487","Female","Black",2008,28,"Other",1,1,1,0,1,0,0,0,0,0,1
"2488","Male","Black",2008,28,"Other",24,19,15,1,8,0,0,10,0,0,24
"2489","Female","Hispanic",2008,28,"Other",1,1,1,0,0,0,0,0,0,0,1
"2490","Male","Hispanic",2008,28,"Other",4,1,1,0,2,0,0,1,0,0,4
"2491","Female","Black",2009,28,"Other",1,1,1,0,0,0,0,0,0,0,1
"2492","Male","Black",2009,28,"Other",20,16,14,0,9,0,1,5,0,0,20
"2493","Male","Hispanic",2009,28,"Other",2,0,0,0,1,0,0,0,0,0,2
"2494","Female","Asian",2010,28,"Other",1,1,0,0,0,0,0,0,0,0,1
"2495","Male","Asian",2010,28,"Other",1,1,1,0,0,0,0,0,0,0,1
"2496","Female","Black",2010,28,"Other",1,1,0,0,0,0,0,1,0,0,1
"2497","Male","Black",2010,28,"Other",11,10,8,0,4,0,0,4,0,0,11
"2498","Female","Hispanic",2010,28,"Other",1,1,1,0,0,0,0,0,0,0,1
"2499","Male","Hispanic",2010,28,"Other",2,1,1,0,0,0,0,1,0,0,2
"2500","Male","Black",2006,30,"Other",4,3,1,0,2,0,0,3,0,0,4
"2501","Male","Black",2007,30,"Other",6,4,2,0,0,0,0,1,0,0,6
"2502","Male","Hispanic",2007,30,"Other",1,0,1,0,0,0,0,0,0,0,1
"2503","Male","Black",2008,30,"Other",2,1,2,0,2,0,0,1,0,0,2
"2504","Male","Hispanic",2008,30,"Other",9,7,7,0,2,0,0,2,0,0,9
"2505","Male","Other",2008,30,"Other",2,1,1,0,0,0,0,0,0,0,2
"2506","Male","White",2008,30,"Other",2,1,2,0,2,0,1,0,0,0,2
"2507","Female","Black",2009,30,"Other",1,1,0,0,0,0,0,1,0,0,1
"2508","Male","Black",2009,30,"Other",11,11,9,0,3,0,0,3,0,0,11
"2509","Female","Hispanic",2009,30,"Other",1,1,1,0,1,0,0,1,0,0,1
"2510","Male","Hispanic",2009,30,"Other",8,6,4,0,4,0,0,2,0,0,8
"2511","Male","Other",2009,30,"Other",1,1,1,0,1,0,0,1,0,0,1
"2512","Female","Asian",2010,30,"Other",1,1,1,0,0,0,0,1,0,0,1
"2513","Female","Black",2010,30,"Other",1,0,0,0,0,0,0,0,0,0,1
"2514","Male","Black",2010,30,"Other",3,2,1,0,2,0,0,0,0,0,3
"2515","Male","Hispanic",2010,30,"Other",3,1,1,0,2,0,0,1,0,0,3
"2516","Unknown","Hispanic",2010,30,"Other",1,0,0,0,0,0,0,1,0,0,1
"2517","Male","Other",2010,30,"Other",1,1,0,0,0,0,0,0,0,0,1
"2518","Unknown","Other",2010,30,"Other",1,1,0,0,0,0,0,0,0,0,1
"2519","Male","White",2010,30,"Other",1,1,1,0,1,0,0,0,0,0,1
"2520","Female","Black",2006,32,"Other",1,1,1,0,0,0,0,0,0,0,1
"2521","Male","Black",2006,32,"Other",6,5,5,0,1,0,0,0,0,0,6
"2522","Male","Hispanic",2006,32,"Other",5,4,5,0,2,0,0,1,0,0,5
"2523","Female","Black",2007,32,"Other",4,3,1,0,2,0,0,1,0,0,4
"2524","Male","Black",2007,32,"Other",12,10,9,0,2,0,0,6,0,0,12
"2525","Male","Hispanic",2007,32,"Other",1,1,1,0,0,0,0,0,0,0,1
"2526","Female","Black",2008,32,"Other",4,3,1,0,2,0,0,1,0,0,4
"2527","Male","Black",2008,32,"Other",27,20,21,0,11,0,0,22,0,0,27
"2528","Male","Hispanic",2008,32,"Other",1,0,0,0,0,0,0,0,0,0,1
"2529","Unknown","Other",2008,32,"Other",1,1,1,0,0,0,0,0,0,0,1
"2530","Female","Black",2009,32,"Other",3,2,1,0,3,0,0,2,0,0,3
"2531","Male","Black",2009,32,"Other",16,13,9,0,5,0,0,9,0,0,16
"2532","Unknown","Black",2009,32,"Other",1,1,1,0,0,0,0,0,0,0,1
"2533","Female","Hispanic",2009,32,"Other",1,1,1,0,0,0,0,0,0,0,1
"2534","Male","Hispanic",2009,32,"Other",2,2,2,0,0,0,0,0,0,0,2
"2535","Female","Black",2010,32,"Other",3,3,3,0,1,0,0,0,0,0,3
"2536","Male","Black",2010,32,"Other",26,23,16,0,15,0,0,13,0,0,26
"2537","Female","Hispanic",2010,32,"Other",1,0,0,0,0,0,0,0,0,0,1
"2538","Male","Hispanic",2010,32,"Other",4,3,1,0,1,0,0,1,0,0,4
"2539","Male","Other",2010,32,"Other",1,1,0,0,1,0,0,1,0,0,1
"2540","Male","Black",2006,33,"Other",4,3,2,0,1,0,0,1,0,0,4
"2541","Male","Hispanic",2006,33,"Other",5,3,4,0,1,0,1,4,0,0,5
"2542","Male","White",2006,33,"Other",2,1,1,0,1,0,0,0,0,0,2
"2543","Male","Black",2007,33,"Other",5,1,4,0,3,0,0,3,0,0,5
"2544","Female","Hispanic",2007,33,"Other",1,0,0,0,0,0,0,0,0,0,1
"2545","Male","Hispanic",2007,33,"Other",5,4,5,0,2,0,0,3,0,0,5
"2546","Unknown","Other",2007,33,"Other",1,0,0,0,0,0,0,0,0,0,1
"2547","Female","White",2007,33,"Other",1,1,0,0,0,0,0,0,0,0,1
"2548","Male","Asian",2008,33,"Other",1,1,0,0,1,0,0,0,0,0,1
"2549","Male","Black",2008,33,"Other",8,5,3,0,1,0,0,0,0,0,8
"2550","Female","Hispanic",2008,33,"Other",1,0,0,0,0,0,0,1,0,0,1
"2551","Male","Hispanic",2008,33,"Other",23,19,15,0,0,0,0,2,0,0,23
"2552","Female","Asian",2009,33,"Other",1,1,1,0,0,0,0,0,0,0,1
"2553","Male","Asian",2009,33,"Other",2,2,2,0,0,0,0,0,0,0,2
"2554","Female","Black",2009,33,"Other",1,0,1,0,1,0,0,0,0,0,1
"2555","Male","Black",2009,33,"Other",4,3,1,0,0,0,0,0,0,0,4
"2556","Female","Hispanic",2009,33,"Other",1,0,1,0,1,0,0,0,0,0,1
"2557","Male","Hispanic",2009,33,"Other",27,23,17,0,5,0,0,7,0,0,27
"2558","Male","White",2009,33,"Other",1,0,1,0,1,0,0,1,0,0,1
"2559","Male","Black",2010,33,"Other",7,7,3,0,4,0,0,2,0,0,7
"2560","Female","Hispanic",2010,33,"Other",1,1,0,0,0,0,0,0,0,0,1
"2561","Male","Hispanic",2010,33,"Other",12,5,8,0,3,0,0,2,0,0,12
"2562","Male","White",2010,33,"Other",1,1,0,0,0,0,0,0,0,0,1
"2563","Male","Black",2006,34,"Other",2,1,1,0,0,0,0,0,0,0,2
"2564","Male","Hispanic",2006,34,"Other",9,6,3,0,3,0,0,3,0,0,9
"2565","Male","Other",2006,34,"Other",1,1,1,0,0,0,0,0,0,0,1
"2566","Male","White",2006,34,"Other",2,2,0,0,1,0,0,1,0,0,2
"2567","Male","Black",2007,34,"Other",2,0,1,0,1,0,0,0,0,0,2
"2568","Male","Hispanic",2007,34,"Other",11,7,7,0,5,0,0,8,0,0,11
"2569","Male","White",2007,34,"Other",1,1,0,0,0,0,0,0,0,0,1
"2570","Male","Black",2008,34,"Other",3,0,2,0,2,0,0,2,0,0,3
"2571","Male","Hispanic",2008,34,"Other",25,22,18,0,11,0,0,11,0,0,25
"2572","Unknown","Other",2008,34,"Other",1,1,0,0,0,0,0,0,0,0,1
"2573","Male","White",2008,34,"Other",1,1,0,0,0,0,0,1,0,0,1
"2574","Male","Asian",2009,34,"Other",1,1,0,0,0,0,0,1,0,0,1
"2575","Male","Black",2009,34,"Other",5,3,4,0,3,0,0,2,0,0,5
"2576","Female","Hispanic",2009,34,"Other",1,1,1,0,0,0,0,0,0,0,1
"2577","Male","Hispanic",2009,34,"Other",14,13,9,0,8,0,0,5,0,0,14
"2578","Female","Asian",2010,34,"Other",1,1,1,0,1,0,0,1,0,0,1
"2579","Male","Black",2010,34,"Other",1,1,1,0,1,0,0,1,0,0,1
"2580","Female","Hispanic",2010,34,"Other",1,0,1,0,1,0,0,1,0,0,1
"2581","Male","Hispanic",2010,34,"Other",15,12,9,0,6,0,0,6,0,0,15
"2582","Male","Asian",2005,40,"Other",1,1,1,0,1,0,0,1,0,0,1
"2583","Female","Asian",2006,40,"Other",1,1,1,0,1,0,0,1,0,0,1
"2584","Female","Black",2006,40,"Other",3,3,2,0,1,0,0,0,0,0,3
"2585","Male","Black",2006,40,"Other",7,4,4,0,1,0,0,1,0,0,7
"2586","Female","Hispanic",2006,40,"Other",1,0,0,0,0,0,0,1,0,0,1
"2587","Male","Hispanic",2006,40,"Other",12,10,8,0,4,0,0,6,0,0,12
"2588","Male","White",2006,40,"Other",1,1,1,0,1,0,0,0,0,0,1
"2589","Female","Asian",2007,40,"Other",1,1,1,0,1,0,0,1,0,0,1
"2590","Female","Black",2007,40,"Other",1,1,1,0,1,0,0,0,0,0,1
"2591","Male","Black",2007,40,"Other",12,12,9,0,6,0,0,5,0,0,12
"2592","Male","Hispanic",2007,40,"Other",15,12,8,0,6,0,0,10,0,0,15
"2593","Male","Other",2007,40,"Other",1,1,1,0,0,0,0,0,0,0,1
"2594","Unknown","Other",2007,40,"Other",1,1,0,0,0,0,0,0,0,0,1
"2595","Female","Asian",2008,40,"Other",1,1,1,0,1,0,0,1,0,0,1
"2596","Female","Black",2008,40,"Other",1,1,1,0,1,0,0,0,0,0,1
"2597","Male","Black",2008,40,"Other",9,8,6,0,4,0,0,4,0,0,9
"2598","Male","Hispanic",2008,40,"Other",11,10,8,0,8,0,0,6,0,0,11
"2599","Male","Other",2008,40,"Other",2,2,2,0,1,0,0,1,0,0,2
"2600","Male","Asian",2009,40,"Other",1,1,1,0,1,0,0,1,0,0,1
"2601","Female","Black",2009,40,"Other",2,2,2,0,0,0,0,0,0,0,2
"2602","Male","Black",2009,40,"Other",11,10,9,0,2,0,0,3,0,0,11
"2603","Female","Hispanic",2009,40,"Other",2,2,2,0,1,0,0,1,0,0,2
"2604","Male","Hispanic",2009,40,"Other",7,6,5,0,1,0,0,3,0,0,7
"2605","Male","Asian",2010,40,"Other",1,0,0,0,0,0,0,0,0,0,1
"2606","Female","Black",2010,40,"Other",3,2,3,0,0,0,0,1,0,0,3
"2607","Male","Black",2010,40,"Other",17,16,12,0,8,0,0,4,0,0,17
"2608","Male","Hispanic",2010,40,"Other",14,13,11,0,2,0,0,6,0,0,14
"2609","Female","Black",2006,41,"Other",6,5,3,0,3,0,0,3,0,0,6
"2610","Female","Hispanic",2006,41,"Other",5,4,3,0,4,0,0,4,0,0,5
"2611","Male","Hispanic",2006,41,"Other",3,1,1,0,1,0,0,0,0,0,3
"2612","Female","Black",2007,41,"Other",6,6,4,0,1,0,0,3,0,0,6
"2613","Male","Black",2007,41,"Other",4,4,2,0,1,0,0,2,0,0,4
"2614","Female","Hispanic",2007,41,"Other",6,5,3,0,2,0,0,2,0,0,6
"2615","Male","Hispanic",2007,41,"Other",4,4,4,0,2,0,0,2,0,0,4
"2616","Unknown","Other",2007,41,"Other",1,1,1,0,0,0,0,0,0,0,1
"2617","Female","White",2007,41,"Other",1,1,1,0,1,0,0,1,0,0,1
"2618","Female","Asian",2008,41,"Other",1,0,0,0,1,0,0,0,0,0,1
"2619","Female","Black",2008,41,"Other",3,2,2,0,2,0,0,2,0,0,3
"2620","Male","Black",2008,41,"Other",9,6,5,0,6,0,0,3,0,0,9
"2621","Female","Hispanic",2008,41,"Other",4,1,2,0,3,0,0,0,0,0,4
"2622","Male","Hispanic",2008,41,"Other",12,9,7,0,7,0,0,6,0,0,12
"2623","Female","Black",2009,41,"Other",5,2,3,0,4,0,0,3,0,0,5
"2624","Male","Black",2009,41,"Other",7,6,3,0,2,0,0,3,0,0,7
"2625","Female","Hispanic",2009,41,"Other",3,3,2,0,2,0,0,3,0,0,3
"2626","Male","Hispanic",2009,41,"Other",5,2,4,0,4,0,0,4,0,0,5
"2627","Female","Other",2009,41,"Other",1,0,1,0,1,0,0,0,0,0,1
"2628","Male","Other",2009,41,"Other",1,1,0,0,0,0,0,1,0,0,1
"2629","Unknown","Other",2009,41,"Other",4,3,3,0,2,0,0,3,0,0,4
"2630","Female","Asian",2010,41,"Other",1,1,0,0,0,0,0,0,0,0,1
"2631","Female","Black",2010,41,"Other",2,1,0,0,0,0,0,1,0,0,2
"2632","Male","Black",2010,41,"Other",5,3,3,0,2,0,0,4,0,0,5
"2633","Female","Hispanic",2010,41,"Other",2,1,2,0,2,0,0,2,0,0,2
"2634","Male","Hispanic",2010,41,"Other",10,7,2,0,3,0,0,4,0,0,10
"2635","Male","Black",2005,42,"Other",1,1,1,0,0,0,0,0,0,0,1
"2636","Female","Black",2006,42,"Other",1,1,0,0,1,0,0,0,0,0,1
"2637","Male","Black",2006,42,"Other",14,10,9,0,8,0,1,9,0,0,14
"2638","Female","Hispanic",2006,42,"Other",4,4,4,0,1,0,0,1,0,0,4
"2639","Male","Hispanic",2006,42,"Other",10,9,4,0,4,0,0,2,0,0,10
"2640","Unknown","Other",2006,42,"Other",3,3,2,0,1,0,0,1,0,0,3
"2641","Female","Black",2007,42,"Other",1,1,1,0,0,0,0,0,0,0,1
"2642","Male","Black",2007,42,"Other",13,13,10,0,9,1,0,7,0,0,13
"2643","Female","Hispanic",2007,42,"Other",1,1,1,0,1,0,0,1,0,0,1
"2644","Male","Hispanic",2007,42,"Other",12,9,7,0,4,0,0,4,0,0,12
"2645","Male","Other",2007,42,"Other",1,1,1,0,0,0,0,0,0,0,1
"2646","Unknown","Other",2007,42,"Other",2,2,1,0,0,0,0,0,0,0,2
"2647","Male","White",2007,42,"Other",2,2,1,0,1,0,0,1,0,0,2
"2648","Female","Black",2008,42,"Other",3,3,2,0,2,0,0,2,0,0,3
"2649","Male","Black",2008,42,"Other",17,12,11,0,8,0,0,2,0,0,17
"2650","Male","Hispanic",2008,42,"Other",10,7,8,0,6,0,0,3,0,0,10
"2651","Male","Other",2008,42,"Other",2,2,1,0,1,0,0,1,0,0,2
"2652","Male","White",2008,42,"Other",1,1,1,0,0,0,0,1,0,0,1
"2653","Male","Black",2009,42,"Other",14,12,10,0,4,0,0,4,0,0,14
"2654","Male","Hispanic",2009,42,"Other",11,11,10,0,5,0,0,3,0,0,11
"2655","Female","Other",2009,42,"Other",1,1,1,0,1,0,0,1,0,0,1
"2656","Female","Black",2010,42,"Other",7,7,6,0,4,0,0,2,0,0,7
"2657","Male","Black",2010,42,"Other",17,16,12,0,5,0,0,4,0,0,17
"2658","Female","Hispanic",2010,42,"Other",1,1,1,0,1,0,0,0,0,0,1
"2659","Male","Hispanic",2010,42,"Other",6,5,2,0,4,0,0,1,0,0,6
"2660","Male","Other",2010,42,"Other",1,1,0,0,1,0,0,0,0,0,1
"2661","Female","Asian",2006,43,"Other",1,1,1,0,1,0,0,1,0,0,1
"2662","Male","Asian",2006,43,"Other",3,3,3,0,2,0,0,2,0,0,3
"2663","Male","Black",2006,43,"Other",14,9,7,0,5,0,0,5,0,0,14
"2664","Female","Hispanic",2006,43,"Other",1,1,0,0,0,0,0,0,0,0,1
"2665","Male","Hispanic",2006,43,"Other",14,13,9,0,6,1,0,6,0,0,14
"2666","Male","White",2006,43,"Other",1,1,0,0,0,0,0,0,0,0,1
"2667","Female","Asian",2007,43,"Other",2,2,2,0,1,0,0,1,0,0,2
"2668","Male","Black",2007,43,"Other",8,8,7,0,1,0,0,1,0,0,8
"2669","Female","Hispanic",2007,43,"Other",1,1,1,0,0,0,0,0,0,0,1
"2670","Male","Hispanic",2007,43,"Other",12,11,10,0,3,0,0,3,0,0,12
"2671","Male","White",2007,43,"Other",1,1,0,0,0,0,0,0,0,0,1
"2672","Female","Asian",2008,43,"Other",3,3,2,0,3,0,0,1,0,0,3
"2673","Male","Asian",2008,43,"Other",2,0,0,0,0,0,0,1,0,0,2
"2674","Female","Black",2008,43,"Other",1,0,1,0,1,0,0,0,0,0,1
"2675","Male","Black",2008,43,"Other",14,12,12,0,6,0,0,3,0,0,14
"2676","Female","Hispanic",2008,43,"Other",4,3,3,0,3,0,0,1,0,0,4
"2677","Male","Hispanic",2008,43,"Other",23,14,12,0,10,0,0,8,0,0,23
"2678","Unknown","Other",2008,43,"Other",1,1,1,0,0,0,0,0,0,0,1
"2679","Female","Asian",2009,43,"Other",2,1,0,0,1,0,0,0,0,0,2
"2680","Male","Asian",2009,43,"Other",3,3,2,0,2,0,0,2,0,0,3
"2681","Female","Black",2009,43,"Other",3,3,3,0,1,0,0,1,0,0,3
"2682","Male","Black",2009,43,"Other",16,13,13,0,6,1,0,5,0,0,16
"2683","Female","Hispanic",2009,43,"Other",6,4,4,0,2,0,0,1,0,0,6
"2684","Male","Hispanic",2009,43,"Other",14,13,9,0,6,0,0,5,0,0,14
"2685","Female","White",2009,43,"Other",3,2,1,0,1,0,0,2,0,0,3
"2686","Male","White",2009,43,"Other",1,1,0,0,0,0,0,0,0,0,1
"2687","Female","Asian",2010,43,"Other",2,0,1,0,0,0,0,0,0,0,2
"2688","Female","Black",2010,43,"Other",4,1,1,0,1,0,0,1,0,0,4
"2689","Male","Black",2010,43,"Other",11,10,9,0,5,0,0,4,0,0,11
"2690","Female","Hispanic",2010,43,"Other",3,3,2,0,2,0,0,1,0,0,3
"2691","Male","Hispanic",2010,43,"Other",14,13,12,0,6,0,0,4,0,0,14
"2692","Unknown","Other",2010,43,"Other",1,1,1,0,1,0,0,1,0,0,1
"2693","Female","Black",2006,44,"Other",2,2,2,0,1,0,0,0,0,0,2
"2694","Male","Black",2006,44,"Other",22,15,14,1,7,2,0,6,0,0,22
"2695","Male","Hispanic",2006,44,"Other",5,2,2,0,0,0,0,1,0,0,5
"2696","Unknown","Other",2006,44,"Other",1,0,0,0,0,0,0,0,0,0,1
"2697","Female","Asian",2007,44,"Other",1,1,1,0,0,0,0,0,0,0,1
"2698","Male","Black",2007,44,"Other",14,10,9,0,6,0,0,2,0,0,14
"2699","Male","Hispanic",2007,44,"Other",19,16,18,0,8,0,0,4,0,0,19
"2700","Male","Other",2007,44,"Other",2,1,1,0,1,0,0,0,0,0,2
"2701","Unknown","Other",2007,44,"Other",4,3,2,0,2,0,0,0,0,0,4
"2702","Male","White",2007,44,"Other",1,1,1,0,1,0,0,1,0,0,1
"2703","Female","Black",2008,44,"Other",2,1,2,0,2,0,0,1,0,0,2
"2704","Male","Black",2008,44,"Other",10,7,7,0,7,0,0,3,0,0,10
"2705","Male","Hispanic",2008,44,"Other",7,6,5,0,2,0,0,3,0,0,7
"2706","Unknown","Hispanic",2008,44,"Other",1,1,1,0,1,0,0,1,0,0,1
"2707","Unknown","Other",2008,44,"Other",1,1,1,0,0,0,0,0,0,0,1
"2708","Male","Asian",2009,44,"Other",1,1,1,0,1,0,0,0,0,0,1
"2709","Male","Black",2009,44,"Other",23,16,18,0,5,0,0,9,0,0,23
"2710","Female","Hispanic",2009,44,"Other",3,3,3,0,0,0,0,1,0,0,3
"2711","Male","Hispanic",2009,44,"Other",10,9,8,0,5,0,0,6,0,0,10
"2712","Unknown","Hispanic",2009,44,"Other",1,0,1,0,1,0,0,0,0,0,1
"2713","Male","Native",2009,44,"Other",1,1,1,0,0,0,0,0,0,0,1
"2714","Male","Other",2009,44,"Other",1,1,1,0,1,0,0,0,0,0,1
"2715","Unknown","Other",2009,44,"Other",2,1,2,0,1,0,0,1,0,0,2
"2716","Male","White",2009,44,"Other",1,0,1,0,1,0,0,0,0,0,1
"2717","Male","Asian",2010,44,"Other",1,1,0,0,0,0,0,0,0,0,1
"2718","Female","Black",2010,44,"Other",3,1,0,0,0,0,0,0,0,0,3
"2719","Male","Black",2010,44,"Other",13,11,10,0,5,0,0,9,0,0,13
"2720","Female","Hispanic",2010,44,"Other",1,1,0,0,1,0,0,1,0,0,1
"2721","Male","Hispanic",2010,44,"Other",14,12,10,0,7,0,0,9,0,0,14
"2722","Unknown","Other",2010,44,"Other",1,1,1,0,1,0,0,1,0,0,1
"2723","Male","White",2010,44,"Other",1,1,1,0,0,0,0,1,0,0,1
"2724","Male","Asian",2006,45,"Other",2,2,0,0,2,0,0,2,0,0,2
"2725","Male","Black",2006,45,"Other",5,5,4,0,4,0,1,4,0,0,5
"2726","Female","Hispanic",2006,45,"Other",1,1,1,0,1,0,0,0,0,0,1
"2727","Male","Hispanic",2006,45,"Other",7,6,5,0,3,0,0,3,0,0,7
"2728","Unknown","Other",2006,45,"Other",1,0,0,0,0,0,0,0,0,0,1
"2729","Male","White",2006,45,"Other",6,6,5,0,5,0,0,4,0,0,6
"2730","Female","Asian",2007,45,"Other",1,1,1,0,1,0,0,1,0,0,1
"2731","Male","Black",2007,45,"Other",5,4,5,0,1,0,0,2,0,0,5
"2732","Unknown","Black",2007,45,"Other",1,1,1,0,1,0,0,1,0,0,1
"2733","Female","Hispanic",2007,45,"Other",1,1,1,0,1,0,0,0,0,0,1
"2734","Male","Hispanic",2007,45,"Other",4,2,2,0,0,0,0,1,0,0,4
"2735","Male","White",2007,45,"Other",2,2,2,0,0,0,0,1,0,0,2
"2736","Male","Asian",2008,45,"Other",3,2,3,0,2,0,0,2,0,0,3
"2737","Male","Black",2008,45,"Other",9,9,9,0,6,0,0,6,0,0,9
"2738","Male","Hispanic",2008,45,"Other",5,4,4,0,4,1,0,4,0,0,5
"2739","Unknown","Other",2008,45,"Other",1,1,1,0,1,0,0,1,0,0,1
"2740","Female","Asian",2009,45,"Other",4,4,4,0,4,0,0,4,0,0,4
"2741","Male","Asian",2009,45,"Other",2,2,1,0,1,0,0,1,0,0,2
"2742","Male","Black",2009,45,"Other",7,7,6,0,5,0,0,4,0,0,7
"2743","Male","Hispanic",2009,45,"Other",6,6,5,0,3,0,0,4,0,0,6
"2744","Male","White",2009,45,"Other",5,4,4,0,3,0,0,2,0,0,5
"2745","Female","Black",2010,45,"Other",1,1,1,0,0,0,0,0,0,0,1
"2746","Male","Black",2010,45,"Other",3,3,3,0,0,0,0,0,0,0,3
"2747","Female","Hispanic",2010,45,"Other",1,0,0,0,0,0,0,0,0,0,1
"2748","Male","Hispanic",2010,45,"Other",2,2,1,0,1,0,0,1,0,0,2
"2749","Male","White",2010,45,"Other",1,1,0,0,0,0,0,0,0,0,1
"2750","Male","Asian",2006,46,"Other",2,2,2,0,0,0,0,0,0,0,2
"2751","Male","Black",2006,46,"Other",6,4,2,0,4,0,1,4,0,0,6
"2752","Female","Hispanic",2006,46,"Other",1,0,0,0,0,0,0,1,0,0,1
"2753","Male","Hispanic",2006,46,"Other",7,5,4,0,2,0,1,3,0,0,7
"2754","Male","Other",2006,46,"Other",1,1,1,0,1,0,0,1,0,0,1
"2755","Female","Asian",2007,46,"Other",2,2,2,0,0,0,0,0,0,0,2
"2756","Male","Asian",2007,46,"Other",4,4,3,0,1,0,0,1,0,0,4
"2757","Male","Black",2007,46,"Other",15,15,11,0,6,0,0,8,0,0,15
"2758","Female","Hispanic",2007,46,"Other",1,1,0,0,1,0,0,1,0,0,1
"2759","Male","Hispanic",2007,46,"Other",19,19,18,0,7,0,0,6,0,0,19
"2760","Male","Other",2007,46,"Other",3,3,2,0,1,0,0,1,0,0,3
"2761","Unknown","Other",2007,46,"Other",5,5,5,0,0,0,0,3,0,0,5
"2762","Male","White",2007,46,"Other",2,2,2,0,0,0,0,0,0,0,2
"2763","Female","Black",2008,46,"Other",2,1,1,0,0,0,0,1,0,0,2
"2764","Male","Black",2008,46,"Other",7,4,4,0,1,0,0,0,0,0,7
"2765","Female","Hispanic",2008,46,"Other",3,0,3,0,0,0,0,0,0,0,3
"2766","Male","Hispanic",2008,46,"Other",25,17,15,0,3,0,0,7,0,0,25
"2767","Male","Other",2008,46,"Other",8,5,7,0,1,0,0,1,0,0,8
"2768","Unknown","Other",2008,46,"Other",1,1,1,0,0,0,0,0,0,0,1
"2769","Female","Asian",2009,46,"Other",1,0,1,0,0,0,0,0,0,0,1
"2770","Female","Black",2009,46,"Other",1,0,1,0,0,0,0,0,0,0,1
"2771","Male","Black",2009,46,"Other",23,11,17,0,6,0,0,6,0,0,23
"2772","Female","Hispanic",2009,46,"Other",1,0,1,0,0,0,0,0,0,0,1
"2773","Male","Hispanic",2009,46,"Other",25,14,18,1,6,0,0,6,0,0,25
"2774","Male","Other",2009,46,"Other",5,1,2,0,0,0,0,0,0,0,5
"2775","Unknown","Other",2009,46,"Other",1,0,0,0,0,0,0,0,0,0,1
"2776","Male","White",2009,46,"Other",2,1,2,0,1,0,0,1,0,0,2
"2777","Female","Asian",2010,46,"Other",1,0,0,0,0,0,0,0,0,0,1
"2778","Female","Black",2010,46,"Other",1,1,1,0,1,0,0,1,0,0,1
"2779","Male","Black",2010,46,"Other",5,5,5,0,3,0,0,2,0,0,5
"2780","Female","Hispanic",2010,46,"Other",2,0,1,0,0,0,0,0,0,0,2
"2781","Male","Hispanic",2010,46,"Other",9,9,5,0,2,0,0,4,0,0,9
"2782","Male","Other",2010,46,"Other",1,1,1,0,0,0,0,0,0,0,1
"2783","Unknown","Other",2010,46,"Other",2,1,1,0,0,0,0,0,0,0,2
"2784","Male","White",2010,46,"Other",1,0,1,0,0,0,0,0,0,0,1
"2785","Female","Other",2005,47,"Other",1,1,1,0,1,0,0,1,0,0,1
"2786","Male","White",2005,47,"Other",1,1,1,0,0,0,0,0,0,0,1
"2787","Male","Asian",2006,47,"Other",2,2,2,0,0,0,0,1,0,0,2
"2788","Female","Black",2006,47,"Other",4,2,2,0,2,0,0,0,0,0,4
"2789","Male","Black",2006,47,"Other",16,13,9,0,5,0,0,4,0,0,16
"2790","Female","Hispanic",2006,47,"Other",1,1,0,0,0,0,0,0,0,0,1
"2791","Female","White",2006,47,"Other",1,1,1,0,1,0,0,1,0,0,1
"2792","Female","Black",2007,47,"Other",5,5,4,0,4,0,0,2,0,0,5
"2793","Male","Black",2007,47,"Other",21,17,13,0,7,0,0,9,0,0,21
"2794","Female","Hispanic",2007,47,"Other",4,4,4,0,4,0,0,1,0,0,4
"2795","Male","Hispanic",2007,47,"Other",9,9,7,0,2,0,0,4,0,0,9
"2796","Male","Other",2007,47,"Other",1,1,1,0,0,0,0,1,0,0,1
"2797","Male","White",2007,47,"Other",3,3,2,0,1,0,0,1,0,0,3
"2798","Female","Asian",2008,47,"Other",1,1,1,0,1,0,0,1,0,0,1
"2799","Male","Asian",2008,47,"Other",2,1,1,0,1,0,0,0,0,0,2
"2800","Female","Black",2008,47,"Other",9,9,7,0,2,0,0,2,0,0,9
"2801","Male","Black",2008,47,"Other",17,14,9,0,6,1,0,7,0,0,17
"2802","Female","Hispanic",2008,47,"Other",1,1,1,0,1,0,0,0,0,0,1
"2803","Male","Hispanic",2008,47,"Other",5,4,3,0,3,0,0,1,0,0,5
"2804","Unknown","Other",2008,47,"Other",1,1,1,0,0,0,0,1,0,0,1
"2805","Female","Asian",2009,47,"Other",1,1,0,0,0,0,0,0,0,0,1
"2806","Male","Asian",2009,47,"Other",1,1,1,0,0,0,0,0,0,0,1
"2807","Female","Black",2009,47,"Other",5,4,2,0,1,0,0,0,0,0,5
"2808","Male","Black",2009,47,"Other",17,15,12,0,8,0,0,7,0,0,17
"2809","Male","Hispanic",2009,47,"Other",8,8,8,0,4,0,0,2,0,0,8
"2810","Male","White",2009,47,"Other",3,2,3,0,3,0,0,3,0,0,3
"2811","Female","Black",2010,47,"Other",3,3,2,0,3,0,0,2,0,0,3
"2812","Male","Black",2010,47,"Other",21,17,9,0,12,0,0,8,0,0,21
"2813","Male","Hispanic",2010,47,"Other",2,2,2,0,2,0,0,0,0,0,2
"2814","Male","Other",2010,47,"Other",1,1,1,0,0,0,0,0,0,0,1
"2815","Male","Black",2006,48,"Other",6,5,5,0,5,0,0,4,0,0,6
"2816","Female","Hispanic",2006,48,"Other",3,3,3,0,1,0,0,0,0,0,3
"2817","Male","Hispanic",2006,48,"Other",5,5,2,0,1,0,0,2,0,0,5
"2818","Female","White",2006,48,"Other",1,1,1,0,1,0,0,1,0,0,1
"2819","Male","Asian",2007,48,"Other",1,1,0,0,0,0,0,0,0,0,1
"2820","Male","Black",2007,48,"Other",7,7,7,0,6,0,0,5,0,0,7
"2821","Female","Hispanic",2007,48,"Other",1,1,1,0,0,0,0,0,0,0,1
"2822","Male","Hispanic",2007,48,"Other",6,6,6,0,5,0,0,5,0,0,6
"2823","Female","Other",2007,48,"Other",1,1,0,0,0,0,0,0,0,0,1
"2824","Female","Asian",2008,48,"Other",2,2,1,0,1,0,0,0,0,0,2
"2825","Male","Asian",2008,48,"Other",1,1,1,0,1,0,0,1,0,0,1
"2826","Female","Black",2008,48,"Other",2,1,0,0,0,0,0,0,0,0,2
"2827","Male","Black",2008,48,"Other",8,5,5,0,2,0,0,2,0,0,8
"2828","Male","Hispanic",2008,48,"Other",6,5,3,0,2,0,0,1,0,0,6
"2829","Male","Other",2008,48,"Other",1,0,0,0,0,0,0,0,0,0,1
"2830","Female","White",2008,48,"Other",1,0,0,0,0,0,0,1,0,0,1
"2831","Male","White",2008,48,"Other",1,1,1,0,0,0,0,0,0,0,1
"2832","Male","Asian",2009,48,"Other",1,1,0,0,1,0,0,0,0,0,1
"2833","Male","Black",2009,48,"Other",5,5,5,0,3,0,0,5,0,0,5
"2834","Male","Hispanic",2009,48,"Other",7,7,6,0,5,0,0,4,0,0,7
"2835","Female","Black",2010,48,"Other",2,2,1,0,1,0,0,1,0,0,2
"2836","Male","Black",2010,48,"Other",9,4,4,0,2,0,0,2,0,0,9
"2837","Female","Hispanic",2010,48,"Other",2,2,0,0,1,0,0,1,0,0,2
"2838","Male","Hispanic",2010,48,"Other",9,8,5,0,2,0,0,1,0,0,9
"2839","Male","Other",2010,48,"Other",2,1,1,0,0,0,0,0,0,0,2
"2840","Male","White",2010,48,"Other",3,3,3,0,3,0,1,2,0,0,3
"2841","Female","Black",2006,49,"Other",1,0,0,0,0,0,0,1,0,0,1
"2842","Male","Black",2006,49,"Other",3,2,3,0,0,0,0,0,0,0,3
"2843","Male","Hispanic",2006,49,"Other",4,4,2,0,2,0,0,4,0,0,4
"2844","Male","White",2006,49,"Other",2,2,1,0,1,0,0,2,0,0,2
"2845","Male","Asian",2007,49,"Other",1,1,1,0,0,0,0,1,0,0,1
"2846","Male","Black",2007,49,"Other",5,5,3,0,1,0,0,5,0,0,5
"2847","Male","Hispanic",2007,49,"Other",4,4,3,0,1,0,0,3,0,0,4
"2848","Male","Asian",2008,49,"Other",3,3,3,0,3,0,0,3,0,0,3
"2849","Male","Black",2008,49,"Other",4,2,3,1,3,0,0,1,0,0,4
"2850","Female","Hispanic",2008,49,"Other",2,2,2,0,2,0,0,1,0,0,2
"2851","Male","Hispanic",2008,49,"Other",10,9,9,0,5,0,0,7,0,0,10
"2852","Male","White",2008,49,"Other",3,3,3,0,3,0,0,1,0,0,3
"2853","Male","Asian",2009,49,"Other",4,4,3,0,1,0,0,2,0,0,4
"2854","Female","Black",2009,49,"Other",1,1,1,0,1,0,0,1,0,0,1
"2855","Male","Black",2009,49,"Other",8,5,5,0,2,0,0,2,0,0,8
"2856","Male","Hispanic",2009,49,"Other",7,6,6,0,2,0,0,3,0,0,7
"2857","Male","White",2009,49,"Other",3,3,3,0,0,0,0,2,0,0,3
"2858","Male","Black",2010,49,"Other",1,1,1,0,0,0,0,0,0,0,1
"2859","Male","Hispanic",2010,49,"Other",10,9,8,0,3,0,0,4,0,0,10
"2860","Male","Black",2007,50,"Other",1,1,0,0,1,0,0,0,0,0,1
"2861","Male","Hispanic",2007,50,"Other",5,5,3,0,2,0,0,2,0,0,5
"2862","Male","Black",2008,50,"Other",3,3,3,0,0,0,0,0,0,0,3
"2863","Female","Hispanic",2008,50,"Other",1,1,0,0,0,0,0,0,0,0,1
"2864","Male","Hispanic",2008,50,"Other",4,3,3,0,2,0,0,1,0,0,4
"2865","Male","Other",2008,50,"Other",1,1,1,0,0,0,0,0,0,0,1
"2866","Male","White",2008,50,"Other",3,3,1,0,1,0,0,2,0,0,3
"2867","Male","Black",2009,50,"Other",12,9,4,0,3,0,0,2,0,0,12
"2868","Male","Hispanic",2009,50,"Other",19,16,10,0,5,0,0,6,0,0,19
"2869","Male","White",2009,50,"Other",5,5,5,0,2,0,0,3,0,0,5
"2870","Unknown","White",2009,50,"Other",1,1,0,0,0,0,0,0,0,0,1
"2871","Female","Black",2010,50,"Other",1,1,1,0,1,0,0,1,0,0,1
"2872","Male","Black",2010,50,"Other",3,2,3,0,0,0,0,0,0,0,3
"2873","Female","Hispanic",2010,50,"Other",1,1,0,0,0,0,0,0,0,0,1
"2874","Male","Hispanic",2010,50,"Other",13,12,10,0,9,0,2,9,0,0,13
"2875","Female","White",2010,50,"Other",1,1,1,0,1,0,0,1,0,0,1
"2876","Male","White",2010,50,"Other",3,2,2,0,0,0,0,0,0,0,3
"2877","Male","Hispanic",2005,52,"Other",1,0,0,0,0,0,0,0,0,0,1
"2878","Male","Black",2006,52,"Other",6,5,4,0,1,0,0,1,0,0,6
"2879","Male","Hispanic",2006,52,"Other",6,4,2,0,2,0,0,1,0,0,6
"2880","Male","White",2006,52,"Other",1,0,0,0,0,0,0,0,0,0,1
"2881","Male","Asian",2007,52,"Other",1,1,0,0,0,0,0,0,0,0,1
"2882","Female","Black",2007,52,"Other",1,1,1,0,1,0,0,1,0,0,1
"2883","Male","Black",2007,52,"Other",11,10,8,0,4,0,0,6,0,0,11
"2884","Female","Hispanic",2007,52,"Other",2,2,2,0,1,0,0,1,0,0,2
"2885","Male","Hispanic",2007,52,"Other",10,8,4,0,7,0,0,4,0,0,10
"2886","Female","Other",2007,52,"Other",1,1,1,0,0,0,0,0,0,0,1
"2887","Male","Other",2007,52,"Other",1,1,1,0,0,0,0,1,0,0,1
"2888","Male","White",2007,52,"Other",2,2,2,0,0,0,0,1,0,0,2
"2889","Female","Black",2008,52,"Other",1,1,0,0,1,0,0,0,0,0,1
"2890","Male","Black",2008,52,"Other",7,7,4,0,1,0,0,1,0,0,7
"2891","Female","Hispanic",2008,52,"Other",2,2,1,0,2,0,0,0,0,0,2
"2892","Male","Hispanic",2008,52,"Other",14,13,10,0,8,0,0,5,0,0,14
"2893","Female","Asian",2009,52,"Other",1,0,0,0,0,0,0,0,0,0,1
"2894","Female","Black",2009,52,"Other",1,0,1,0,1,0,0,0,0,0,1
"2895","Male","Black",2009,52,"Other",16,14,13,0,7,0,0,9,0,0,16
"2896","Female","Hispanic",2009,52,"Other",1,1,1,0,0,0,0,0,0,0,1
"2897","Male","Hispanic",2009,52,"Other",12,11,9,0,7,0,0,4,0,0,12
"2898","Male","Other",2009,52,"Other",2,2,1,0,0,0,1,2,0,0,2
"2899","Female","White",2009,52,"Other",1,1,0,0,1,0,0,0,0,0,1
"2900","Male","White",2009,52,"Other",1,1,1,0,1,0,0,1,0,0,1
"2901","Male","Black",2010,52,"Other",5,4,4,0,0,0,0,0,0,0,5
"2902","Male","Hispanic",2010,52,"Other",10,8,7,0,5,0,1,3,0,0,10
"2903","Male","Asian",2005,60,"Other",1,0,0,0,0,0,0,0,0,0,1
"2904","Female","Black",2005,60,"Other",1,1,1,0,0,0,0,1,0,0,1
"2905","Male","Black",2005,60,"Other",3,3,3,0,2,1,1,3,0,0,3
"2906","Female","Hispanic",2005,60,"Other",1,1,1,0,0,0,0,0,0,0,1
"2907","Male","Hispanic",2005,60,"Other",3,3,2,0,0,0,0,1,0,0,3
"2908","Unknown","Other",2005,60,"Other",1,0,0,0,0,0,0,0,0,0,1
"2909","Female","White",2005,60,"Other",1,1,1,0,0,0,0,0,0,0,1
"2910","Male","White",2005,60,"Other",3,0,1,0,2,0,1,0,0,0,3
"2911","Male","Black",2006,60,"Other",5,5,5,0,5,1,1,3,0,0,5
"2912","Male","Hispanic",2006,60,"Other",9,9,7,0,6,0,0,6,0,0,9
"2913","Unknown","Hispanic",2006,60,"Other",1,1,1,0,0,0,0,0,0,0,1
"2914","Male","White",2006,60,"Other",9,9,5,0,3,0,0,3,0,0,9
"2915","Female","Asian",2007,60,"Other",2,1,1,0,1,0,0,0,0,0,2
"2916","Female","Black",2007,60,"Other",2,0,2,0,0,0,0,0,0,0,2
"2917","Male","Black",2007,60,"Other",9,8,6,0,1,0,0,3,0,0,9
"2918","Female","Hispanic",2007,60,"Other",2,1,1,0,0,0,0,1,0,0,2
"2919","Male","Hispanic",2007,60,"Other",4,4,2,0,4,0,1,3,0,0,4
"2920","Male","Native",2007,60,"Other",1,1,1,0,0,0,0,0,0,0,1
"2921","Male","White",2007,60,"Other",12,10,10,0,8,0,0,8,0,0,12
"2922","Male","Asian",2008,60,"Other",2,2,0,0,0,0,0,0,0,0,2
"2923","Male","Black",2008,60,"Other",12,9,6,0,5,0,0,6,0,0,12
"2924","Female","Hispanic",2008,60,"Other",1,1,1,0,1,0,0,1,0,0,1
"2925","Male","Hispanic",2008,60,"Other",7,6,5,0,3,0,0,5,0,0,7
"2926","Male","Other",2008,60,"Other",1,1,0,0,0,0,0,0,0,0,1
"2927","Female","White",2008,60,"Other",1,1,1,0,1,0,0,0,0,0,1
"2928","Male","White",2008,60,"Other",18,16,11,0,4,0,0,10,0,0,18
"2929","Female","Black",2009,60,"Other",3,1,2,0,2,0,0,0,0,0,3
"2930","Male","Black",2009,60,"Other",16,16,9,1,8,1,1,5,0,0,16
"2931","Female","Hispanic",2009,60,"Other",2,1,2,0,1,0,0,0,0,0,2
"2932","Male","Hispanic",2009,60,"Other",6,6,4,0,4,0,0,3,0,0,6
"2933","Male","White",2009,60,"Other",9,5,8,0,6,0,0,3,0,0,9
"2934","Female","Black",2010,60,"Other",1,1,1,0,0,0,0,0,0,0,1
"2935","Male","Black",2010,60,"Other",17,16,14,0,4,0,0,6,0,0,17
"2936","Female","Hispanic",2010,60,"Other",1,1,1,0,0,0,0,0,0,0,1
"2937","Male","Hispanic",2010,60,"Other",11,10,10,0,3,0,1,3,0,0,11
"2938","Female","White",2010,60,"Other",2,1,1,0,1,0,0,1,0,0,2
"2939","Male","White",2010,60,"Other",9,8,9,0,4,0,0,4,0,0,9
"2940","Male","Asian",2006,61,"Other",2,1,0,0,1,0,0,0,0,0,2
"2941","Female","Black",2006,61,"Other",1,1,1,0,0,0,0,0,0,0,1
"2942","Male","Black",2006,61,"Other",1,1,1,0,1,0,0,1,0,0,1
"2943","Male","Hispanic",2006,61,"Other",3,3,2,0,1,0,0,1,0,0,3
"2944","Male","Other",2006,61,"Other",1,0,0,0,0,0,0,0,0,0,1
"2945","Unknown","Other",2006,61,"Other",1,1,0,0,0,0,0,0,0,0,1
"2946","Female","White",2006,61,"Other",2,2,2,0,0,0,0,0,0,0,2
"2947","Male","White",2006,61,"Other",26,19,18,0,7,0,1,8,0,0,26
"2948","Male","Asian",2007,61,"Other",1,1,1,0,0,0,0,1,0,0,1
"2949","Male","Black",2007,61,"Other",2,2,0,0,0,0,0,0,0,0,2
"2950","Male","Hispanic",2007,61,"Other",7,5,5,0,3,0,0,3,0,0,7
"2951","Male","White",2007,61,"Other",15,15,15,0,5,0,0,3,0,0,15
"2952","Unknown","White",2007,61,"Other",1,1,0,0,0,0,0,0,0,0,1
"2953","Male","Black",2008,61,"Other",2,2,2,0,1,0,0,1,0,0,2
"2954","Male","Hispanic",2008,61,"Other",2,1,1,0,1,0,0,1,0,0,2
"2955","Male","Other",2008,61,"Other",2,2,1,0,1,0,0,1,0,0,2
"2956","Male","White",2008,61,"Other",9,9,8,0,8,0,0,3,0,0,9
"2957","Male","Asian",2009,61,"Other",1,0,1,0,0,0,0,0,0,0,1
"2958","Female","Black",2009,61,"Other",3,3,3,0,0,0,0,0,0,0,3
"2959","Male","Black",2009,61,"Other",10,9,8,0,2,0,0,2,0,0,10
"2960","Male","Hispanic",2009,61,"Other",4,4,4,0,3,0,0,2,0,0,4
"2961","Male","Other",2009,61,"Other",1,1,1,0,0,0,0,0,0,0,1
"2962","Male","White",2009,61,"Other",10,8,7,0,5,0,0,5,0,0,10
"2963","Female","Black",2010,61,"Other",1,0,1,0,0,0,0,0,0,0,1
"2964","Male","Black",2010,61,"Other",7,4,5,0,0,0,0,0,0,0,7
"2965","Male","Hispanic",2010,61,"Other",1,1,1,0,1,0,0,1,0,0,1
"2966","Male","White",2010,61,"Other",6,4,3,0,1,0,0,0,0,0,6
"2967","Female","Black",2005,62,"Other",1,1,1,0,0,0,0,0,0,0,1
"2968","Male","Hispanic",2005,62,"Other",1,1,0,0,0,0,0,0,0,0,1
"2969","Male","White",2005,62,"Other",3,2,0,0,0,0,0,0,0,0,3
"2970","Male","Black",2006,62,"Other",3,3,3,0,3,0,0,3,0,0,3
"2971","Male","Hispanic",2006,62,"Other",3,2,3,0,1,0,0,3,0,0,3
"2972","Female","White",2006,62,"Other",1,1,1,0,1,0,0,1,0,0,1
"2973","Male","White",2006,62,"Other",10,8,7,0,3,0,0,3,0,0,10
"2974","Male","Asian",2007,62,"Other",2,2,2,0,1,0,1,2,0,0,2
"2975","Male","Black",2007,62,"Other",1,0,0,0,0,0,0,0,0,0,1
"2976","Male","Hispanic",2007,62,"Other",5,2,3,0,2,0,0,1,0,0,5
"2977","Female","White",2007,62,"Other",3,2,2,0,1,0,0,0,0,0,3
"2978","Male","White",2007,62,"Other",22,21,16,0,4,0,0,1,0,0,22
"2979","Male","Asian",2008,62,"Other",1,0,0,0,1,0,0,0,0,0,1
"2980","Male","Hispanic",2008,62,"Other",10,10,6,0,2,0,0,3,0,0,10
"2981","Male","White",2008,62,"Other",9,9,6,0,0,0,0,1,0,0,9
"2982","Male","Asian",2009,62,"Other",3,1,2,0,0,0,0,1,0,0,3
"2983","Male","Hispanic",2009,62,"Other",5,5,2,0,3,0,0,4,0,0,5
"2984","Male","White",2009,62,"Other",10,10,6,0,4,0,0,4,0,0,10
"2985","Male","Hispanic",2010,62,"Other",6,5,5,0,3,0,0,4,0,0,6
"2986","Male","Native",2010,62,"Other",3,3,3,0,1,0,0,1,0,0,3
"2987","Male","White",2010,62,"Other",8,8,7,0,3,0,0,1,0,0,8
"2988","Male","Black",2005,63,"Other",4,4,3,0,2,0,0,4,0,0,4
"2989","Male","White",2005,63,"Other",2,2,2,0,2,0,0,1,0,0,2
"2990","Male","Black",2006,63,"Other",6,6,4,0,3,1,0,4,0,0,6
"2991","Female","White",2006,63,"Other",1,1,0,0,0,0,0,0,0,0,1
"2992","Male","White",2006,63,"Other",5,4,0,0,0,0,0,0,0,0,5
"2993","Male","Black",2007,63,"Other",4,4,3,0,3,0,0,3,0,0,4
"2994","Male","White",2007,63,"Other",3,2,0,0,0,0,0,2,0,0,3
"2995","Male","Black",2008,63,"Other",6,5,4,0,1,0,0,2,0,0,6
"2996","Female","White",2008,63,"Other",1,1,1,0,1,0,0,1,0,0,1
"2997","Male","White",2008,63,"Other",1,1,1,0,0,0,0,1,0,0,1
"2998","Male","Black",2009,63,"Other",3,3,1,0,1,0,0,1,0,0,3
"2999","Male","White",2009,63,"Other",3,1,1,0,1,0,0,1,0,0,3
"3000","Male","Black",2010,63,"Other",2,1,1,0,1,0,0,1,0,0,2
"3001","Male","Hispanic",2010,63,"Other",1,1,0,0,0,0,0,1,0,0,1
"3002","Female","Hispanic",2005,66,"Other",1,0,0,0,0,0,0,0,0,0,1
"3003","Male","Hispanic",2005,66,"Other",1,1,1,0,0,0,0,0,0,0,1
"3004","Male","Other",2005,66,"Other",1,1,1,0,1,0,0,0,0,0,1
"3005","Female","White",2005,66,"Other",1,0,0,0,0,0,0,0,0,0,1
"3006","Male","White",2005,66,"Other",1,1,0,0,0,0,0,0,0,0,1
"3007","Female","Asian",2006,66,"Other",1,0,1,0,0,0,0,0,0,0,1
"3008","Male","Asian",2006,66,"Other",1,1,1,0,0,0,0,1,0,0,1
"3009","Female","Hispanic",2006,66,"Other",1,0,0,0,0,0,0,0,0,0,1
"3010","Male","Hispanic",2006,66,"Other",2,2,1,0,0,0,0,1,0,0,2
"3011","Female","Asian",2007,66,"Other",1,1,0,0,0,0,0,1,0,0,1
"3012","Male","Asian",2007,66,"Other",4,4,3,0,3,0,0,3,0,0,4
"3013","Female","Black",2007,66,"Other",2,1,1,0,1,0,0,1,0,0,2
"3014","Male","Black",2007,66,"Other",8,8,7,0,3,0,0,0,0,0,8
"3015","Female","Hispanic",2007,66,"Other",2,1,2,0,1,0,0,2,0,0,2
"3016","Male","Hispanic",2007,66,"Other",25,22,12,0,7,0,0,13,0,0,25
"3017","Male","White",2007,66,"Other",13,11,12,0,5,0,0,5,0,0,13
"3018","Female","Asian",2008,66,"Other",2,1,1,0,0,0,0,0,0,0,2
"3019","Male","Asian",2008,66,"Other",12,10,9,0,5,0,0,5,0,0,12
"3020","Male","Black",2008,66,"Other",10,8,10,0,3,0,0,5,0,0,10
"3021","Female","Hispanic",2008,66,"Other",3,2,0,0,1,0,0,1,0,0,3
"3022","Male","Hispanic",2008,66,"Other",23,20,19,0,14,0,1,13,0,0,23
"3023","Unknown","Other",2008,66,"Other",5,5,5,0,3,0,0,2,0,0,5
"3024","Male","White",2008,66,"Other",36,34,20,1,11,0,1,20,0,0,36
"3025","Female","Asian",2009,66,"Other",2,2,1,0,0,0,0,0,0,0,2
"3026","Male","Asian",2009,66,"Other",14,12,13,0,1,0,0,0,0,0,14
"3027","Female","Black",2009,66,"Other",3,2,2,0,2,0,0,3,0,0,3
"3028","Male","Black",2009,66,"Other",6,2,4,0,0,0,0,2,0,0,6
"3029","Female","Hispanic",2009,66,"Other",3,3,2,0,1,0,0,0,0,0,3
"3030","Male","Hispanic",2009,66,"Other",54,50,35,0,25,0,0,25,0,0,54
"3031","Unknown","Hispanic",2009,66,"Other",2,2,1,0,0,0,0,1,0,0,2
"3032","Female","Native",2009,66,"Other",3,3,1,0,3,0,0,2,0,0,3
"3033","Male","Native",2009,66,"Other",2,2,1,0,1,0,0,1,0,0,2
"3034","Female","Other",2009,66,"Other",2,1,2,0,0,0,0,1,0,0,2
"3035","Male","Other",2009,66,"Other",1,0,1,0,0,0,0,0,0,0,1
"3036","Unknown","Other",2009,66,"Other",4,3,3,0,3,0,0,2,0,0,4
"3037","Female","White",2009,66,"Other",3,2,3,0,1,0,0,2,0,0,3
"3038","Male","White",2009,66,"Other",21,16,13,0,6,0,0,9,0,0,21
"3039","Female","Asian",2010,66,"Other",2,2,2,0,0,0,0,0,0,0,2
"3040","Male","Asian",2010,66,"Other",4,4,3,0,0,0,1,1,0,0,4
"3041","Unknown","Asian",2010,66,"Other",1,0,0,0,0,0,0,0,0,0,1
"3042","Male","Black",2010,66,"Other",6,3,6,0,3,0,0,3,0,0,6
"3043","Female","Hispanic",2010,66,"Other",4,4,4,0,1,0,1,2,0,0,4
"3044","Male","Hispanic",2010,66,"Other",33,30,19,0,11,0,0,12,0,0,33
"3045","Male","Native",2010,66,"Other",1,1,1,0,0,0,1,0,0,0,1
"3046","Female","White",2010,66,"Other",1,0,0,0,1,0,0,0,0,0,1
"3047","Male","White",2010,66,"Other",11,9,7,0,1,0,0,1,0,0,11
"3048","Male","Black",2006,67,"Other",12,11,9,0,7,0,0,1,0,0,12
"3049","Male","White",2006,67,"Other",1,0,0,0,0,0,0,0,0,0,1
"3050","Female","Black",2007,67,"Other",2,1,0,0,1,0,0,0,0,0,2
"3051","Male","Black",2007,67,"Other",15,12,7,0,5,0,0,10,0,0,15
"3052","Male","White",2007,67,"Other",1,0,0,0,0,0,0,0,0,0,1
"3053","Female","Asian",2008,67,"Other",1,1,1,0,0,0,0,0,0,0,1
"3054","Male","Asian",2008,67,"Other",1,1,1,0,1,0,0,1,0,0,1
"3055","Male","Black",2008,67,"Other",22,19,17,0,9,0,0,10,0,0,22
"3056","Male","Hispanic",2008,67,"Other",2,2,2,0,2,0,0,2,0,0,2
"3057","Male","Black",2009,67,"Other",39,31,27,0,18,1,1,17,0,0,39
"3058","Female","Hispanic",2009,67,"Other",2,1,1,0,1,0,0,0,0,0,2
"3059","Male","Black",2010,67,"Other",18,14,10,0,4,0,0,3,0,0,18
"3060","Female","Black",2005,68,"Other",1,1,1,0,1,0,0,0,0,0,1
"3061","Male","Hispanic",2005,68,"Other",2,1,0,0,0,0,0,0,0,0,2
"3062","Male","White",2005,68,"Other",9,8,7,0,6,0,2,5,0,0,9
"3063","Male","Asian",2006,68,"Other",1,0,0,0,0,0,0,0,0,0,1
"3064","Male","Black",2006,68,"Other",1,1,1,0,0,0,0,1,0,0,1
"3065","Male","Hispanic",2006,68,"Other",6,6,6,0,1,0,0,1,0,0,6
"3066","Male","White",2006,68,"Other",11,11,10,0,4,0,1,1,0,0,11
"3067","Male","Black",2007,68,"Other",1,1,1,0,1,0,0,0,0,0,1
"3068","Male","Hispanic",2007,68,"Other",2,2,1,0,1,0,0,1,0,0,2
"3069","Male","White",2007,68,"Other",10,10,10,0,6,0,0,1,0,0,10
"3070","Female","Hispanic",2008,68,"Other",2,2,2,0,2,0,0,2,0,0,2
"3071","Male","Hispanic",2008,68,"Other",2,2,2,0,1,1,0,1,0,0,2
"3072","Female","White",2008,68,"Other",1,0,0,0,1,0,0,1,0,0,1
"3073","Male","White",2008,68,"Other",12,12,10,0,5,0,0,6,0,0,12
"3074","Male","Asian",2009,68,"Other",2,2,2,0,0,0,0,0,0,0,2
"3075","Male","Black",2009,68,"Other",1,1,1,0,1,0,0,1,0,0,1
"3076","Male","Hispanic",2009,68,"Other",5,5,4,0,3,0,0,3,0,0,5
"3077","Male","Other",2009,68,"Other",1,0,1,0,1,0,0,0,0,0,1
"3078","Female","White",2009,68,"Other",4,4,2,0,0,0,0,0,0,0,4
"3079","Male","White",2009,68,"Other",19,18,16,0,6,0,0,7,0,0,19
"3080","Male","Black",2010,68,"Other",1,1,1,0,1,0,0,1,0,0,1
"3081","Male","White",2010,68,"Other",7,7,7,0,1,0,0,1,0,0,7
"3082","Female","Black",2006,69,"Other",2,2,1,0,1,0,0,1,0,0,2
"3083","Male","Hispanic",2006,69,"Other",1,0,0,0,0,0,0,0,0,0,1
"3084","Female","Black",2007,69,"Other",1,1,1,0,0,0,0,0,0,0,1
"3085","Male","Black",2007,69,"Other",8,8,4,0,6,0,1,3,0,0,8
"3086","Male","White",2007,69,"Other",1,1,0,0,1,0,0,0,0,0,1
"3087","Male","Black",2008,69,"Other",14,12,4,0,3,0,0,9,0,0,14
"3088","Male","Asian",2009,69,"Other",1,1,1,0,0,0,0,1,0,0,1
"3089","Female","Black",2009,69,"Other",1,1,0,0,1,0,0,1,0,0,1
"3090","Male","Black",2009,69,"Other",11,10,7,0,6,0,0,5,0,0,11
"3091","Male","White",2009,69,"Other",1,1,0,0,0,0,0,0,0,0,1
"3092","Female","Black",2010,69,"Other",3,3,2,0,2,0,0,2,0,0,3
"3093","Male","Black",2010,69,"Other",5,5,3,0,5,0,0,3,0,0,5
"3094","Male","White",2010,69,"Other",1,1,0,0,0,0,0,1,0,0,1
"3095","Male","Black",2005,70,"Other",1,1,1,0,0,0,0,1,0,0,1
"3096","Female","Asian",2006,70,"Other",2,1,1,0,2,0,0,0,0,0,2
"3097","Male","Asian",2006,70,"Other",2,1,1,0,0,0,0,1,0,0,2
"3098","Male","Black",2006,70,"Other",41,32,32,0,24,1,0,13,0,0,41
"3099","Male","Hispanic",2006,70,"Other",3,3,3,0,2,0,0,1,0,0,3
"3100","Female","White",2006,70,"Other",1,1,1,0,1,0,0,0,0,0,1
"3101","Male","White",2006,70,"Other",3,3,3,0,3,0,0,2,0,0,3
"3102","Female","Asian",2007,70,"Other",3,3,3,0,1,0,0,0,0,0,3
"3103","Male","Asian",2007,70,"Other",2,0,1,0,0,0,0,0,0,0,2
"3104","Male","Black",2007,70,"Other",22,13,15,0,5,0,1,4,0,0,22
"3105","Male","Hispanic",2007,70,"Other",8,6,4,0,3,0,0,4,0,0,8
"3106","Male","Other",2007,70,"Other",1,1,1,0,1,0,0,1,0,0,1
"3107","Male","White",2007,70,"Other",5,4,3,0,0,0,0,2,0,0,5
"3108","Female","Asian",2008,70,"Other",2,2,2,0,2,0,0,0,0,0,2
"3109","Male","Asian",2008,70,"Other",1,1,1,0,1,0,0,1,0,0,1
"3110","Female","Black",2008,70,"Other",4,3,1,0,2,0,0,1,0,0,4
"3111","Male","Black",2008,70,"Other",14,12,5,1,5,1,0,9,0,0,14
"3112","Male","Hispanic",2008,70,"Other",5,4,4,0,4,0,0,3,0,0,5
"3113","Female","Asian",2009,70,"Other",3,3,2,0,2,0,0,2,0,0,3
"3114","Male","Asian",2009,70,"Other",4,3,3,0,2,0,0,2,0,0,4
"3115","Female","Black",2009,70,"Other",2,2,2,0,2,0,0,1,0,0,2
"3116","Male","Black",2009,70,"Other",18,13,11,0,7,0,1,9,0,0,18
"3117","Male","Hispanic",2009,70,"Other",4,4,3,0,0,0,0,2,0,0,4
"3118","Male","White",2009,70,"Other",1,1,0,0,0,0,0,1,0,0,1
"3119","Male","Asian",2010,70,"Other",1,1,1,0,1,0,0,1,0,0,1
"3120","Female","Black",2010,70,"Other",1,0,0,0,0,0,0,0,0,0,1
"3121","Male","Black",2010,70,"Other",8,7,4,0,4,0,0,4,0,0,8
"3122","Male","Hispanic",2010,70,"Other",3,3,1,0,1,0,0,1,0,0,3
"3123","Male","White",2010,70,"Other",1,1,1,0,1,0,0,1,0,0,1
"3124","Female","Black",2006,71,"Other",1,1,1,0,0,0,0,0,0,0,1
"3125","Male","Black",2006,71,"Other",5,4,4,0,2,0,1,3,0,0,5
"3126","Female","Asian",2007,71,"Other",1,1,1,0,0,0,0,1,0,0,1
"3127","Male","Black",2007,71,"Other",7,6,6,0,1,0,0,1,0,0,7
"3128","Unknown","Other",2007,71,"Other",1,0,0,0,0,0,0,0,0,0,1
"3129","Male","Asian",2008,71,"Other",1,0,0,0,0,0,0,0,0,0,1
"3130","Male","Black",2008,71,"Other",5,4,4,0,3,0,0,1,0,0,5
"3131","Female","Asian",2009,71,"Other",1,0,1,0,0,0,0,0,0,0,1
"3132","Female","Black",2009,71,"Other",1,0,1,0,0,0,0,1,0,0,1
"3133","Male","Black",2009,71,"Other",17,14,9,0,3,0,0,6,0,0,17
"3134","Male","Black",2010,71,"Other",8,6,2,0,0,0,0,0,0,0,8
"3135","Male","Asian",2006,72,"Other",7,7,7,0,1,0,0,0,0,0,7
"3136","Male","Black",2006,72,"Other",7,6,6,0,3,0,0,3,0,0,7
"3137","Male","Hispanic",2006,72,"Other",18,14,14,0,9,0,1,12,0,0,18
"3138","Unknown","Other",2006,72,"Other",1,1,1,0,0,0,0,0,0,0,1
"3139","Male","White",2006,72,"Other",4,4,4,0,1,0,0,1,0,0,4
"3140","Male","Asian",2007,72,"Other",9,7,4,0,3,0,0,5,0,0,9
"3141","Male","Black",2007,72,"Other",1,0,0,0,0,0,0,0,0,0,1
"3142","Female","Hispanic",2007,72,"Other",1,1,1,0,1,0,0,0,0,0,1
"3143","Male","Hispanic",2007,72,"Other",11,7,7,0,2,0,1,1,0,0,11
"3144","Male","White",2007,72,"Other",2,2,2,0,1,0,0,1,0,0,2
"3145","Female","Asian",2008,72,"Other",1,1,1,0,0,0,0,0,0,0,1
"3146","Male","Asian",2008,72,"Other",5,3,2,0,1,0,0,2,0,0,5
"3147","Male","Black",2008,72,"Other",4,1,3,0,1,0,0,0,0,0,4
"3148","Female","Hispanic",2008,72,"Other",1,1,1,0,0,0,0,0,0,0,1
"3149","Male","Hispanic",2008,72,"Other",17,13,9,0,7,0,0,3,0,0,17
"3150","Male","Other",2008,72,"Other",1,1,1,0,0,0,0,0,0,0,1
"3151","Male","White",2008,72,"Other",3,2,2,0,2,0,0,1,0,0,3
"3152","Male","Black",2009,72,"Other",4,2,3,1,3,0,0,1,0,0,4
"3153","Male","Hispanic",2009,72,"Other",21,15,14,0,11,0,0,8,0,0,21
"3154","Female","Asian",2010,72,"Other",1,0,0,0,0,0,0,0,0,0,1
"3155","Male","Asian",2010,72,"Other",3,2,3,0,2,0,0,2,0,0,3
"3156","Male","Black",2010,72,"Other",1,0,1,0,1,0,0,0,0,0,1
"3157","Female","Hispanic",2010,72,"Other",1,1,0,0,1,0,0,0,0,0,1
"3158","Male","Hispanic",2010,72,"Other",16,13,8,0,5,0,2,10,0,0,16
"3159","Male","White",2010,72,"Other",2,1,1,0,1,0,0,1,0,0,2
"3160","Male","Black",2005,73,"Other",6,5,3,0,3,0,0,3,0,0,6
"3161","Male","Hispanic",2005,73,"Other",1,1,1,0,1,0,0,0,0,0,1
"3162","Male","Black",2006,73,"Other",9,6,5,0,4,0,0,3,0,0,9
"3163","Male","Other",2006,73,"Other",1,1,1,0,1,0,0,1,0,0,1
"3164","Female","Black",2007,73,"Other",1,1,0,0,0,0,0,0,0,0,1
"3165","Male","Black",2007,73,"Other",19,18,11,0,5,0,0,7,0,0,19
"3166","Male","Hispanic",2007,73,"Other",4,4,1,0,3,0,0,0,0,0,4
"3167","Unknown","Other",2007,73,"Other",1,1,1,0,1,0,0,1,0,0,1
"3168","Male","Asian",2008,73,"Other",1,1,0,0,0,0,0,0,0,0,1
"3169","Female","Black",2008,73,"Other",3,2,3,0,1,0,0,2,0,0,3
"3170","Male","Black",2008,73,"Other",17,14,11,0,6,0,0,3,0,0,17
"3171","Male","Hispanic",2008,73,"Other",1,1,1,0,1,0,0,1,0,0,1
"3172","Male","Other",2008,73,"Other",1,1,0,0,0,0,0,0,0,0,1
"3173","Female","Black",2009,73,"Other",11,5,1,0,0,0,0,7,0,0,11
"3174","Male","Black",2009,73,"Other",14,10,8,0,5,0,0,5,0,0,14
"3175","Unknown","Black",2009,73,"Other",1,1,1,0,1,0,0,1,0,0,1
"3176","Female","Hispanic",2009,73,"Other",4,1,0,0,0,0,0,2,0,0,4
"3177","Male","Hispanic",2009,73,"Other",1,1,1,0,0,0,0,0,0,0,1
"3178","Female","Other",2009,73,"Other",2,1,0,0,0,0,0,2,0,0,2
"3179","Unknown","Other",2009,73,"Other",1,0,0,0,0,0,0,0,0,0,1
"3180","Female","White",2009,73,"Other",1,0,0,0,0,0,0,0,0,0,1
"3181","Male","White",2009,73,"Other",1,0,0,0,0,0,0,0,0,0,1
"3182","Female","Black",2010,73,"Other",7,2,2,0,2,0,0,0,0,0,7
"3183","Male","Black",2010,73,"Other",2,2,2,0,1,0,0,0,0,0,2
"3184","Female","Hispanic",2010,73,"Other",2,1,1,0,1,0,0,0,0,0,2
"3185","Male","Hispanic",2010,73,"Other",3,2,1,0,0,0,0,1,0,0,3
"3186","Female","Other",2010,73,"Other",1,0,0,0,0,0,0,0,0,0,1
"3187","Unknown","Other",2010,73,"Other",1,1,1,0,0,0,0,0,0,0,1
"3188","Male","Other",2005,75,"Other",1,0,1,0,0,0,0,0,0,0,1
"3189","Male","White",2005,75,"Other",1,1,0,0,1,0,0,0,0,0,1
"3190","Female","Black",2006,75,"Other",1,0,0,0,0,0,0,0,0,0,1
"3191","Male","Black",2006,75,"Other",9,8,8,1,4,1,0,1,0,0,9
"3192","Female","Hispanic",2006,75,"Other",1,0,1,0,1,0,0,0,0,0,1
"3193","Male","Hispanic",2006,75,"Other",1,1,1,0,0,0,0,0,0,0,1
"3194","Female","Black",2007,75,"Other",9,8,9,0,4,0,0,1,0,0,9
"3195","Male","Black",2007,75,"Other",36,32,31,0,18,1,0,8,0,0,36
"3196","Female","Hispanic",2007,75,"Other",1,0,1,0,1,0,0,0,0,0,1
"3197","Male","Hispanic",2007,75,"Other",26,21,21,0,9,0,0,12,0,0,26
"3198","Male","Native",2007,75,"Other",1,1,0,0,1,0,0,0,0,0,1
"3199","Unknown","Native",2007,75,"Other",1,1,1,0,1,0,0,0,0,0,1
"3200","Male","Other",2007,75,"Other",1,0,1,0,0,0,0,0,0,0,1
"3201","Unknown","Other",2007,75,"Other",2,0,1,0,0,0,0,0,0,0,2
"3202","Male","White",2007,75,"Other",4,4,4,0,4,0,0,1,0,0,4
"3203","Female","Asian",2008,75,"Other",1,1,1,0,0,0,0,0,0,0,1
"3204","Female","Black",2008,75,"Other",6,6,5,0,1,0,0,0,0,0,6
"3205","Male","Black",2008,75,"Other",28,26,22,0,11,0,0,6,0,0,28
"3206","Female","Hispanic",2008,75,"Other",2,2,1,0,1,0,0,0,0,0,2
"3207","Male","Hispanic",2008,75,"Other",12,9,6,0,3,0,0,0,0,0,12
"3208","Female","Other",2008,75,"Other",1,0,0,0,1,0,0,0,0,0,1
"3209","Unknown","Other",2008,75,"Other",2,1,1,0,1,0,0,0,0,0,2
"3210","Male","White",2008,75,"Other",1,1,0,0,1,0,0,1,0,0,1
"3211","Female","Asian",2009,75,"Other",1,1,1,0,0,0,0,0,0,0,1
"3212","Male","Asian",2009,75,"Other",1,1,0,0,0,0,0,0,0,0,1
"3213","Female","Black",2009,75,"Other",6,5,4,0,3,0,0,1,0,0,6
"3214","Male","Black",2009,75,"Other",38,32,20,0,18,0,1,17,0,0,38
"3215","Female","Hispanic",2009,75,"Other",3,3,2,0,1,0,0,0,0,0,3
"3216","Male","Hispanic",2009,75,"Other",13,10,9,0,5,0,0,7,0,0,13
"3217","Female","Native",2009,75,"Other",1,1,1,0,1,0,0,0,0,0,1
"3218","Female","White",2009,75,"Other",1,1,1,0,0,0,0,0,0,0,1
"3219","Male","White",2009,75,"Other",2,2,1,0,0,0,0,0,0,0,2
"3220","Female","Black",2010,75,"Other",5,3,4,0,4,1,0,1,0,0,5
"3221","Male","Black",2010,75,"Other",23,18,14,0,8,1,0,7,0,0,23
"3222","Female","Hispanic",2010,75,"Other",3,3,1,0,1,0,0,1,0,0,3
"3223","Male","Hispanic",2010,75,"Other",7,4,5,0,3,0,0,2,0,0,7
"3224","Male","Other",2010,75,"Other",1,1,1,0,0,0,0,0,0,0,1
"3225","Unknown","Other",2010,75,"Other",1,1,0,0,0,0,0,0,0,0,1
"3226","Male","Black",2005,76,"Other",4,2,3,0,1,0,0,1,0,0,4
"3227","Male","Hispanic",2005,76,"Other",5,3,3,0,2,0,0,3,0,0,5
"3228","Unknown","Other",2005,76,"Other",1,1,0,0,1,0,0,1,0,0,1
"3229","Male","Asian",2006,76,"Other",1,1,1,0,1,0,0,0,0,0,1
"3230","Female","Black",2006,76,"Other",1,1,0,0,0,0,0,0,0,0,1
"3231","Male","Black",2006,76,"Other",5,4,4,0,2,0,0,3,0,0,5
"3232","Male","Hispanic",2006,76,"Other",3,2,1,0,0,0,0,0,0,0,3
"3233","Female","White",2006,76,"Other",1,0,1,0,1,0,0,0,0,0,1
"3234","Female","Black",2007,76,"Other",1,1,1,0,1,0,0,0,0,0,1
"3235","Male","Black",2007,76,"Other",6,5,5,0,5,0,0,4,0,0,6
"3236","Male","Hispanic",2007,76,"Other",5,5,5,0,2,0,0,1,0,0,5
"3237","Male","Other",2007,76,"Other",1,1,1,0,1,0,0,0,0,0,1
"3238","Male","White",2007,76,"Other",5,5,5,1,5,0,1,4,0,0,5
"3239","Female","Black",2008,76,"Other",2,1,1,0,1,0,0,0,0,0,2
"3240","Male","Black",2008,76,"Other",5,5,5,0,0,0,0,2,0,0,5
"3241","Male","Hispanic",2008,76,"Other",9,5,6,0,4,0,0,2,0,0,9
"3242","Male","Other",2008,76,"Other",1,1,1,0,0,0,0,0,0,0,1
"3243","Male","White",2008,76,"Other",5,5,4,0,1,0,0,4,0,0,5
"3244","Female","Black",2009,76,"Other",1,1,1,0,1,0,0,1,0,0,1
"3245","Male","Black",2009,76,"Other",6,6,3,0,2,0,0,6,0,0,6
"3246","Female","Hispanic",2009,76,"Other",1,0,0,0,0,0,0,0,0,0,1
"3247","Male","Hispanic",2009,76,"Other",4,4,4,0,2,0,0,2,0,0,4
"3248","Male","White",2009,76,"Other",9,8,6,0,7,0,0,4,0,0,9
"3249","Female","Black",2010,76,"Other",1,1,1,0,0,0,0,0,0,0,1
"3250","Male","Black",2010,76,"Other",1,1,0,0,0,0,0,0,0,0,1
"3251","Male","Hispanic",2010,76,"Other",6,6,6,0,4,0,0,4,0,0,6
"3252","Male","White",2010,76,"Other",2,2,1,0,1,0,0,1,0,0,2
"3253","Female","Black",2005,77,"Other",2,1,0,0,2,0,0,2,0,0,2
"3254","Male","Black",2005,77,"Other",7,5,5,0,2,0,0,4,0,0,7
"3255","Unknown","Black",2005,77,"Other",1,1,1,0,0,0,0,0,0,0,1
"3256","Male","Hispanic",2005,77,"Other",1,1,1,0,1,0,0,1,0,0,1
"3257","Male","Black",2006,77,"Other",4,3,2,0,1,0,0,2,0,0,4
"3258","Male","Black",2007,77,"Other",12,11,11,0,5,0,0,5,0,0,12
"3259","Unknown","Black",2007,77,"Other",1,1,1,0,1,0,0,1,0,0,1
"3260","Male","Hispanic",2007,77,"Other",2,2,2,0,1,0,0,0,0,0,2
"3261","Male","White",2007,77,"Other",1,0,1,0,0,0,0,0,0,0,1
"3262","Female","Black",2008,77,"Other",5,3,2,0,2,0,0,2,0,0,5
"3263","Male","Black",2008,77,"Other",24,19,18,0,11,0,0,14,0,0,24
"3264","Male","Hispanic",2008,77,"Other",2,2,2,0,1,0,0,2,0,0,2
"3265","Male","White",2008,77,"Other",3,3,3,0,3,0,0,1,0,0,3
"3266","Male","Asian",2009,77,"Other",3,2,0,0,1,0,0,1,0,0,3
"3267","Female","Black",2009,77,"Other",6,5,1,0,3,0,0,2,0,0,6
"3268","Male","Black",2009,77,"Other",28,21,11,0,9,0,0,11,0,0,28
"3269","Female","Hispanic",2009,77,"Other",1,1,0,0,0,0,0,0,0,0,1
"3270","Male","Hispanic",2009,77,"Other",5,3,1,0,1,0,0,2,0,0,5
"3271","Male","White",2009,77,"Other",3,2,2,0,0,0,0,2,0,0,3
"3272","Female","Black",2010,77,"Other",3,2,2,0,2,0,0,2,0,0,3
"3273","Male","Black",2010,77,"Other",13,13,3,0,2,0,0,3,0,0,13
"3274","Male","Hispanic",2010,77,"Other",1,0,0,0,0,0,0,0,0,0,1
"3275","Male","Black",2006,78,"Other",5,3,2,0,2,0,0,1,0,0,5
"3276","Female","Hispanic",2006,78,"Other",1,1,0,0,0,0,0,0,0,0,1
"3277","Male","White",2006,78,"Other",1,0,0,0,0,0,0,1,0,0,1
"3278","Male","Black",2007,78,"Other",6,5,3,0,1,0,0,3,0,0,6
"3279","Female","Hispanic",2007,78,"Other",1,1,1,0,1,0,0,1,0,0,1
"3280","Male","Hispanic",2007,78,"Other",1,1,1,0,0,0,0,1,0,0,1
"3281","Male","White",2007,78,"Other",2,2,2,0,0,0,0,1,0,0,2
"3282","Male","Black",2008,78,"Other",2,2,2,0,0,0,0,1,0,0,2
"3283","Male","Hispanic",2008,78,"Other",5,4,3,0,0,0,0,1,0,0,5
"3284","Male","White",2008,78,"Other",3,2,1,0,0,0,0,0,0,0,3
"3285","Male","Hispanic",2009,78,"Other",1,1,1,0,1,0,0,0,0,0,1
"3286","Male","White",2009,78,"Other",5,4,5,0,3,0,0,2,0,0,5
"3287","Female","Black",2010,78,"Other",1,1,1,0,0,0,0,0,0,0,1
"3288","Male","Black",2010,78,"Other",2,2,2,0,0,0,1,0,0,0,2
"3289","Male","Hispanic",2010,78,"Other",1,0,0,0,0,0,0,0,0,0,1
"3290","Unknown","Hispanic",2010,78,"Other",1,1,1,0,0,0,0,0,0,0,1
"3291","Unknown","Other",2010,78,"Other",1,0,0,0,0,0,0,1,0,0,1
"3292","Male","White",2010,78,"Other",1,1,1,0,1,0,0,1,0,0,1
"3293","Male","Asian",2005,79,"Other",1,1,1,0,0,0,0,0,0,0,1
"3294","Female","Black",2005,79,"Other",1,1,1,0,0,0,0,0,0,0,1
"3295","Male","Black",2005,79,"Other",5,3,3,0,2,0,0,3,0,0,5
"3296","Male","Hispanic",2005,79,"Other",1,1,1,0,1,0,0,1,0,0,1
"3297","Unknown","Other",2005,79,"Other",1,0,1,0,0,0,0,0,0,0,1
"3298","Female","Black",2006,79,"Other",1,0,1,0,0,0,0,1,0,0,1
"3299","Male","Black",2006,79,"Other",8,6,4,0,2,0,0,3,0,0,8
"3300","Male","Other",2006,79,"Other",1,1,1,0,0,0,0,0,0,0,1
"3301","Female","Black",2007,79,"Other",4,4,2,0,3,0,0,1,0,0,4
"3302","Male","Black",2007,79,"Other",22,15,14,0,7,1,0,8,0,0,22
"3303","Male","Hispanic",2007,79,"Other",10,9,7,0,3,0,0,1,0,0,10
"3304","Male","Other",2007,79,"Other",1,0,0,0,0,0,0,0,0,0,1
"3305","Unknown","Other",2007,79,"Other",1,1,1,0,0,0,0,0,0,0,1
"3306","Female","Black",2008,79,"Other",1,0,1,0,0,0,0,0,0,0,1
"3307","Male","Black",2008,79,"Other",27,22,12,0,12,0,0,9,0,0,27
"3308","Male","Hispanic",2008,79,"Other",3,2,1,0,0,0,0,0,0,0,3
"3309","Male","Asian",2009,79,"Other",1,1,1,0,0,0,0,0,0,0,1
"3310","Female","Black",2009,79,"Other",5,1,1,0,0,0,0,0,0,0,5
"3311","Male","Black",2009,79,"Other",49,28,24,1,16,0,0,20,0,0,49
"3312","Male","Hispanic",2009,79,"Other",12,8,5,0,3,0,0,3,0,0,12
"3313","Male","Other",2009,79,"Other",3,3,3,0,2,0,0,1,0,0,3
"3314","Female","White",2009,79,"Other",1,0,0,0,0,0,0,0,0,0,1
"3315","Male","White",2009,79,"Other",1,1,1,0,0,0,0,1,0,0,1
"3316","Female","Black",2010,79,"Other",3,1,3,0,0,0,0,0,0,0,3
"3317","Male","Black",2010,79,"Other",15,7,7,0,1,0,0,3,0,0,15
"3318","Female","Hispanic",2010,79,"Other",1,1,1,0,1,0,0,0,0,0,1
"3319","Male","Hispanic",2010,79,"Other",4,4,2,0,2,0,0,2,0,0,4
"3320","Male","White",2010,79,"Other",1,1,1,0,0,0,0,1,0,0,1
"3321","Male","Black",2005,81,"Other",3,3,2,0,0,0,0,1,0,0,3
"3322","Male","Black",2006,81,"Other",4,2,2,0,2,0,0,2,0,0,4
"3323","Female","Black",2007,81,"Other",2,2,2,0,1,0,0,0,0,0,2
"3324","Male","Black",2007,81,"Other",8,7,7,0,4,0,0,3,0,0,8
"3325","Female","Black",2008,81,"Other",2,2,2,0,1,0,0,2,0,0,2
"3326","Male","Black",2008,81,"Other",2,2,1,0,1,0,1,1,0,0,2
"3327","Male","Hispanic",2008,81,"Other",1,1,1,0,0,0,0,0,0,0,1
"3328","Unknown","Other",2008,81,"Other",1,1,1,0,0,0,0,0,0,0,1
"3329","Female","Black",2009,81,"Other",2,2,0,0,1,0,0,1,0,0,2
"3330","Male","Black",2009,81,"Other",24,21,14,0,7,0,0,4,0,0,24
"3331","Male","Hispanic",2009,81,"Other",5,4,3,0,4,0,1,4,0,0,5
"3332","Female","Black",2010,81,"Other",1,1,1,0,0,0,0,0,0,0,1
"3333","Male","Black",2010,81,"Other",11,9,5,0,2,0,0,2,0,0,11
"3334","Male","Hispanic",2010,81,"Other",4,2,2,0,0,0,0,0,0,0,4
"3335","Male","Black",2005,83,"Other",2,2,1,0,0,0,0,0,0,0,2
"3336","Male","Hispanic",2005,83,"Other",2,2,2,0,1,0,0,1,0,0,2
"3337","Male","Other",2005,83,"Other",1,1,1,0,0,0,0,0,0,0,1
"3338","Male","Hispanic",2006,83,"Other",3,2,3,0,2,0,0,2,0,0,3
"3339","Male","White",2006,83,"Other",1,1,1,0,1,0,0,0,0,0,1
"3340","Male","Black",2007,83,"Other",6,6,6,0,2,0,0,3,0,0,6
"3341","Male","Hispanic",2007,83,"Other",25,22,16,0,9,0,0,11,0,0,25
"3342","Male","Other",2007,83,"Other",1,1,0,0,0,0,0,1,0,0,1
"3343","Male","White",2007,83,"Other",1,1,1,0,0,0,0,1,0,0,1
"3344","Female","Asian",2008,83,"Other",1,1,1,0,1,0,0,0,0,0,1
"3345","Male","Black",2008,83,"Other",3,3,2,0,1,0,0,1,0,0,3
"3346","Female","Hispanic",2008,83,"Other",3,0,0,0,0,0,0,0,0,0,3
"3347","Male","Hispanic",2008,83,"Other",18,17,10,0,7,0,0,11,0,0,18
"3348","Male","Other",2008,83,"Other",1,0,0,0,0,0,0,0,0,0,1
"3349","Unknown","Other",2008,83,"Other",1,1,1,0,0,0,0,0,0,0,1
"3350","Male","White",2008,83,"Other",1,1,1,0,1,0,0,0,0,0,1
"3351","Male","Black",2009,83,"Other",10,9,6,0,3,0,0,2,0,0,10
"3352","Male","Hispanic",2009,83,"Other",13,13,7,0,3,0,0,3,0,0,13
"3353","Male","White",2009,83,"Other",2,1,0,0,0,0,0,0,0,0,2
"3354","Female","Black",2010,83,"Other",2,2,1,0,1,0,0,1,0,0,2
"3355","Male","Black",2010,83,"Other",13,13,7,0,4,0,0,4,0,0,13
"3356","Female","Hispanic",2010,83,"Other",1,1,1,0,1,0,0,1,0,0,1
"3357","Male","Hispanic",2010,83,"Other",12,12,9,0,4,0,0,5,0,0,12
"3358","Male","Native",2010,83,"Other",1,1,0,0,1,0,0,1,0,0,1
"3359","Male","Black",2005,84,"Other",3,0,1,0,0,0,0,0,0,0,3
"3360","Male","White",2005,84,"Other",1,0,0,0,1,0,0,0,0,0,1
"3361","Female","Asian",2006,84,"Other",1,1,0,0,1,0,0,0,0,0,1
"3362","Female","Black",2006,84,"Other",1,1,0,0,0,0,0,0,0,0,1
"3363","Male","Black",2006,84,"Other",7,3,5,0,4,0,0,4,0,0,7
"3364","Male","Hispanic",2006,84,"Other",4,3,2,0,1,0,0,0,0,0,4
"3365","Male","White",2006,84,"Other",1,1,1,0,1,0,0,1,0,0,1
"3366","Male","Black",2007,84,"Other",5,3,1,0,1,0,0,1,0,0,5
"3367","Female","White",2007,84,"Other",1,0,0,0,1,0,0,0,0,0,1
"3368","Male","White",2007,84,"Other",1,0,0,0,1,0,0,0,0,0,1
"3369","Male","Asian",2008,84,"Other",2,2,1,0,1,0,0,1,0,0,2
"3370","Male","Black",2008,84,"Other",8,6,5,0,1,0,0,0,0,0,8
"3371","Male","Hispanic",2008,84,"Other",5,4,4,0,1,0,0,1,0,0,5
"3372","Male","Other",2008,84,"Other",1,0,0,0,0,0,0,0,0,0,1
"3373","Male","White",2008,84,"Other",8,4,3,0,2,0,0,1,0,0,8
"3374","Female","Black",2009,84,"Other",3,3,3,0,0,0,0,1,0,0,3
"3375","Male","Black",2009,84,"Other",24,16,17,0,8,1,0,6,0,0,24
"3376","Female","Hispanic",2009,84,"Other",1,1,0,0,0,0,0,1,0,0,1
"3377","Male","Hispanic",2009,84,"Other",5,4,5,0,1,0,0,2,0,0,5
"3378","Female","White",2009,84,"Other",1,0,0,0,0,0,0,0,0,0,1
"3379","Male","White",2009,84,"Other",4,3,4,0,2,0,0,2,0,0,4
"3380","Male","Asian",2010,84,"Other",1,1,1,0,0,0,0,0,0,0,1
"3381","Female","Black",2010,84,"Other",4,2,2,0,0,0,0,0,0,0,4
"3382","Male","Black",2010,84,"Other",21,10,14,0,4,0,0,2,0,0,21
"3383","Male","Hispanic",2010,84,"Other",6,4,5,0,1,0,0,2,0,0,6
"3384","Male","Other",2010,84,"Other",2,1,2,0,1,0,0,0,0,0,2
"3385","Male","White",2010,84,"Other",2,2,2,0,1,0,0,0,0,0,2
"3386","Male","Black",2005,88,"Other",4,4,1,0,1,0,0,1,0,0,4
"3387","Male","Hispanic",2005,88,"Other",2,1,2,0,0,0,0,1,0,0,2
"3388","Female","Black",2006,88,"Other",1,1,0,0,0,0,0,0,0,0,1
"3389","Male","Black",2006,88,"Other",10,7,7,0,2,0,0,3,0,0,10
"3390","Male","Hispanic",2006,88,"Other",1,1,1,0,0,0,0,0,0,0,1
"3391","Male","White",2006,88,"Other",1,1,1,0,0,0,0,0,0,0,1
"3392","Female","Black",2007,88,"Other",1,1,1,0,0,0,0,0,0,0,1
"3393","Male","Black",2007,88,"Other",9,6,6,0,1,0,0,0,0,0,9
"3394","Unknown","Black",2007,88,"Other",1,0,0,0,0,0,0,0,0,0,1
"3395","Male","Hispanic",2007,88,"Other",2,0,0,0,0,0,0,0,0,0,2
"3396","Female","Black",2008,88,"Other",5,5,5,0,3,0,0,3,0,0,5
"3397","Male","Black",2008,88,"Other",20,17,11,0,5,0,1,5,0,0,20
"3398","Male","Hispanic",2008,88,"Other",8,7,7,0,4,0,0,3,0,0,8
"3399","Male","Native",2008,88,"Other",1,1,1,0,1,0,0,1,0,0,1
"3400","Male","Other",2008,88,"Other",1,0,0,0,0,0,0,0,0,0,1
"3401","Unknown","Other",2008,88,"Other",3,3,2,0,0,0,0,2,0,0,3
"3402","Male","White",2008,88,"Other",2,2,2,0,1,0,0,1,0,0,2
"3403","Male","Asian",2009,88,"Other",1,0,0,0,0,0,0,0,0,0,1
"3404","Female","Black",2009,88,"Other",1,1,0,0,0,0,0,0,0,0,1
"3405","Male","Black",2009,88,"Other",25,19,15,0,7,0,0,8,0,0,25
"3406","Female","Hispanic",2009,88,"Other",1,1,1,0,0,0,0,0,0,0,1
"3407","Male","Hispanic",2009,88,"Other",5,5,4,0,2,0,0,3,0,0,5
"3408","Male","White",2009,88,"Other",1,0,0,0,0,0,0,0,0,0,1
"3409","Unknown","White",2009,88,"Other",1,1,1,0,0,0,0,0,0,0,1
"3410","Male","Black",2010,88,"Other",15,12,9,0,4,0,0,6,0,0,15
"3411","Male","Hispanic",2010,88,"Other",4,4,4,0,2,0,0,3,0,0,4
"3412","Male","White",2010,88,"Other",1,0,0,0,0,0,0,0,0,0,1
"3413","Female","Black",2005,90,"Other",1,0,1,0,0,0,0,0,0,0,1
"3414","Male","Black",2005,90,"Other",5,4,5,0,0,0,0,1,0,0,5
"3415","Female","Hispanic",2005,90,"Other",1,1,1,0,1,0,0,0,0,0,1
"3416","Male","Hispanic",2005,90,"Other",5,5,5,0,0,0,0,1,0,0,5
"3417","Female","White",2005,90,"Other",1,1,1,0,0,0,0,0,0,0,1
"3418","Male","Hispanic",2006,90,"Other",1,1,1,0,0,0,0,0,0,0,1
"3419","Male","White",2006,90,"Other",3,2,2,0,0,0,0,0,0,0,3
"3420","Male","Asian",2007,90,"Other",1,1,1,0,0,0,0,0,0,0,1
"3421","Male","Black",2007,90,"Other",3,3,3,0,2,0,0,0,0,0,3
"3422","Male","Hispanic",2007,90,"Other",6,6,6,0,1,0,0,2,0,0,6
"3423","Female","White",2007,90,"Other",1,0,0,0,0,0,0,0,0,0,1
"3424","Male","White",2007,90,"Other",3,3,1,0,0,0,0,0,0,0,3
"3425","Male","Black",2008,90,"Other",6,5,2,0,1,0,0,1,0,0,6
"3426","Female","Hispanic",2008,90,"Other",1,1,0,0,0,0,0,0,0,0,1
"3427","Male","Hispanic",2008,90,"Other",10,10,6,0,4,0,0,3,0,0,10
"3428","Male","White",2008,90,"Other",2,2,1,0,0,0,0,1,0,0,2
"3429","Male","Black",2009,90,"Other",3,2,3,0,1,0,0,2,0,0,3
"3430","Male","Hispanic",2009,90,"Other",5,5,4,0,2,0,0,3,0,0,5
"3431","Male","Other",2009,90,"Other",1,1,0,0,0,0,0,0,0,0,1
"3432","Male","White",2009,90,"Other",1,1,0,0,1,0,0,1,0,0,1
"3433","Male","Black",2010,90,"Other",8,7,6,0,5,1,0,4,0,0,8
"3434","Female","Hispanic",2010,90,"Other",1,1,1,0,0,0,0,0,0,0,1
"3435","Male","Hispanic",2010,90,"Other",8,7,4,0,4,1,0,4,0,0,8
"3436","Female","White",2010,90,"Other",1,1,0,0,1,0,0,1,0,0,1
"3437","Male","White",2010,90,"Other",10,8,4,0,4,0,0,5,0,0,10
"3438","Male","Black",2005,94,"Other",1,0,0,0,0,0,0,0,0,0,1
"3439","Female","Hispanic",2005,94,"Other",1,1,1,0,1,0,0,0,0,0,1
"3440","Male","Hispanic",2005,94,"Other",1,1,1,0,1,0,0,1,0,0,1
"3441","Male","White",2005,94,"Other",2,2,1,0,0,0,0,0,0,0,2
"3442","Male","Black",2006,94,"Other",2,1,2,0,1,0,0,1,0,0,2
"3443","Male","Hispanic",2006,94,"Other",5,5,2,0,0,0,0,0,0,0,5
"3444","Male","Hispanic",2007,94,"Other",4,3,3,0,0,0,0,2,0,0,4
"3445","Male","White",2007,94,"Other",2,2,1,0,0,0,0,0,0,0,2
"3446","Female","Hispanic",2008,94,"Other",1,1,1,0,1,0,0,0,0,0,1
"3447","Male","Hispanic",2008,94,"Other",2,2,1,0,1,0,0,2,0,0,2
"3448","Male","White",2008,94,"Other",6,6,4,0,5,0,0,5,0,0,6
"3449","Male","Asian",2009,94,"Other",1,1,1,0,0,0,0,0,0,0,1
"3450","Female","Hispanic",2009,94,"Other",1,1,1,0,0,0,0,0,0,0,1
"3451","Male","Hispanic",2009,94,"Other",9,9,9,1,5,0,0,4,0,0,9
"3452","Female","White",2009,94,"Other",2,2,1,0,1,0,0,0,0,0,2
"3453","Male","White",2009,94,"Other",19,17,16,0,9,0,0,8,0,0,19
"3454","Male","Black",2010,94,"Other",1,1,0,0,0,0,0,0,0,0,1
"3455","Male","Hispanic",2010,94,"Other",3,3,3,0,0,0,0,0,0,0,3
"3456","Male","Other",2010,94,"Other",1,1,0,0,0,0,0,0,0,0,1
"3457","Female","White",2010,94,"Other",2,2,0,0,0,0,0,0,0,0,2
"3458","Male","White",2010,94,"Other",7,7,5,0,2,0,0,0,0,0,7
"3459","Female","Black",2006,100,"Other",3,2,3,0,3,0,0,3,0,0,3
"3460","Male","Black",2006,100,"Other",7,6,7,0,5,0,1,3,0,0,7
"3461","Male","Hispanic",2006,100,"Other",2,2,2,0,1,0,1,2,0,0,2
"3462","Male","White",2006,100,"Other",3,3,3,0,2,0,0,2,0,0,3
"3463","Female","Black",2007,100,"Other",1,1,1,0,1,0,0,1,0,0,1
"3464","Male","Black",2007,100,"Other",17,15,12,0,14,0,0,11,0,0,17
"3465","Female","Hispanic",2007,100,"Other",2,2,2,0,2,0,0,2,0,0,2
"3466","Male","Hispanic",2007,100,"Other",1,1,1,0,1,0,0,0,0,0,1
"3467","Female","White",2007,100,"Other",1,1,1,0,1,0,0,1,0,0,1
"3468","Male","White",2007,100,"Other",7,7,7,0,4,0,0,1,0,0,7
"3469","Female","Black",2008,100,"Other",3,3,2,0,3,0,0,3,0,0,3
"3470","Male","Black",2008,100,"Other",14,12,12,0,12,0,1,12,0,0,14
"3471","Female","Hispanic",2008,100,"Other",1,1,1,0,1,0,0,1,0,0,1
"3472","Male","Hispanic",2008,100,"Other",6,5,5,0,6,0,0,6,0,0,6
"3473","Male","White",2008,100,"Other",5,5,4,0,4,0,0,3,0,0,5
"3474","Female","Asian",2009,100,"Other",1,1,1,0,0,0,0,1,0,0,1
"3475","Male","Black",2009,100,"Other",41,39,34,0,37,0,0,36,0,0,41
"3476","Female","Hispanic",2009,100,"Other",1,1,1,0,1,0,0,1,0,0,1
"3477","Male","Hispanic",2009,100,"Other",6,6,2,0,3,0,0,3,0,0,6
"3478","Female","White",2009,100,"Other",1,1,1,0,1,0,0,0,0,0,1
"3479","Male","White",2009,100,"Other",10,9,7,0,5,0,0,7,0,0,10
"3480","Female","Black",2010,100,"Other",3,3,1,0,3,0,0,2,0,0,3
"3481","Male","Black",2010,100,"Other",10,5,8,0,7,0,0,9,0,0,10
"3482","Male","Hispanic",2010,100,"Other",6,5,6,0,2,0,0,5,0,0,6
"3483","Male","White",2010,100,"Other",5,5,4,0,3,0,0,5,0,0,5
"3484","Male","Black",2005,101,"Other",1,1,1,0,1,0,0,1,0,0,1
"3485","Male","Black",2006,101,"Other",8,8,6,0,0,0,0,1,0,0,8
"3486","Male","Hispanic",2006,101,"Other",1,1,1,0,1,0,0,1,0,0,1
"3487","Male","White",2006,101,"Other",1,1,1,0,1,0,0,0,0,0,1
"3488","Male","Black",2007,101,"Other",10,8,8,0,2,0,0,0,0,0,10
"3489","Female","Hispanic",2007,101,"Other",1,1,1,0,1,0,0,0,0,0,1
"3490","Male","White",2007,101,"Other",2,2,2,0,1,0,0,0,0,0,2
"3491","Male","Black",2008,101,"Other",13,11,8,0,3,0,1,3,0,0,13
"3492","Male","Hispanic",2008,101,"Other",1,1,1,0,0,0,0,1,0,0,1
"3493","Male","Black",2009,101,"Other",15,13,11,0,5,0,1,3,0,0,15
"3494","Male","Hispanic",2009,101,"Other",4,3,3,0,1,0,0,1,0,0,4
"3495","Female","Black",2010,101,"Other",1,0,0,0,0,0,0,0,0,0,1
"3496","Male","Black",2010,101,"Other",13,10,5,0,7,0,0,2,0,0,13
"3497","Male","Hispanic",2010,101,"Other",1,1,0,0,0,1,0,0,0,0,1
"3498","Male","Native",2010,101,"Other",1,0,1,0,0,0,0,0,0,0,1
"3499","Male","Asian",2006,102,"Other",11,10,9,0,8,0,0,6,0,0,11
"3500","Female","Black",2006,102,"Other",2,2,2,0,2,0,0,1,0,0,2
"3501","Male","Black",2006,102,"Other",5,5,5,0,3,0,0,3,0,0,5
"3502","Female","Hispanic",2006,102,"Other",1,0,1,0,1,0,0,0,0,0,1
"3503","Male","Hispanic",2006,102,"Other",22,20,20,0,13,0,0,13,0,0,22
"3504","Female","White",2006,102,"Other",1,1,0,0,0,0,0,1,0,0,1
"3505","Male","White",2006,102,"Other",9,9,8,0,5,0,0,7,0,0,9
"3506","Male","Asian",2007,102,"Other",11,9,4,0,4,0,0,4,0,0,11
"3507","Male","Black",2007,102,"Other",4,4,3,0,3,0,0,2,0,0,4
"3508","Female","Hispanic",2007,102,"Other",5,4,3,0,4,0,0,3,0,0,5
"3509","Male","Hispanic",2007,102,"Other",28,25,23,0,18,0,1,22,0,0,28
"3510","Male","White",2007,102,"Other",10,9,8,0,5,0,0,5,0,0,10
"3511","Male","Asian",2008,102,"Other",15,12,13,0,6,0,0,6,0,0,15
"3512","Female","Black",2008,102,"Other",4,3,2,0,2,0,0,2,0,0,4
"3513","Male","Black",2008,102,"Other",6,4,3,0,2,0,0,1,0,0,6
"3514","Female","Hispanic",2008,102,"Other",5,5,5,0,2,0,0,2,0,0,5
"3515","Male","Hispanic",2008,102,"Other",39,38,32,0,18,0,0,16,0,0,39
"3516","Unknown","Hispanic",2008,102,"Other",2,1,0,0,0,0,0,0,0,0,2
"3517","Male","Other",2008,102,"Other",3,3,3,0,1,0,0,1,0,0,3
"3518","Unknown","Other",2008,102,"Other",3,3,2,0,1,0,0,0,0,0,3
"3519","Female","White",2008,102,"Other",4,4,4,0,2,0,0,1,0,0,4
"3520","Male","White",2008,102,"Other",5,5,3,0,2,0,0,1,0,0,5
"3521","Female","Asian",2009,102,"Other",7,6,2,0,2,0,0,3,0,0,7
"3522","Male","Asian",2009,102,"Other",22,21,18,0,15,0,0,14,0,0,22
"3523","Female","Black",2009,102,"Other",4,4,4,0,3,0,0,2,0,0,4
"3524","Male","Black",2009,102,"Other",23,23,19,0,13,0,0,13,0,0,23
"3525","Unknown","Black",2009,102,"Other",1,1,1,0,1,0,0,1,0,0,1
"3526","Female","Hispanic",2009,102,"Other",7,6,5,0,4,0,0,3,0,0,7
"3527","Male","Hispanic",2009,102,"Other",46,46,42,0,27,0,0,27,0,0,46
"3528","Unknown","Hispanic",2009,102,"Other",1,1,1,0,1,0,0,1,0,0,1
"3529","Male","Other",2009,102,"Other",4,4,4,0,1,0,0,1,0,0,4
"3530","Unknown","Other",2009,102,"Other",6,6,4,0,4,0,1,3,0,0,6
"3531","Female","White",2009,102,"Other",8,8,7,0,7,0,0,6,0,0,8
"3532","Male","White",2009,102,"Other",18,16,17,0,13,0,0,11,0,0,18
"3533","Female","Asian",2010,102,"Other",2,2,2,0,0,0,0,2,0,0,2
"3534","Male","Asian",2010,102,"Other",12,11,11,0,5,0,0,8,0,0,12
"3535","Female","Black",2010,102,"Other",2,1,2,0,1,0,0,0,0,0,2
"3536","Male","Black",2010,102,"Other",6,6,4,0,4,0,0,4,0,0,6
"3537","Female","Hispanic",2010,102,"Other",2,2,2,0,1,0,0,1,0,0,2
"3538","Male","Hispanic",2010,102,"Other",20,19,19,0,10,0,0,13,0,0,20
"3539","Male","Other",2010,102,"Other",1,1,1,0,0,0,0,0,0,0,1
"3540","Female","White",2010,102,"Other",1,1,1,0,1,0,0,0,0,0,1
"3541","Male","White",2010,102,"Other",5,5,3,0,4,0,0,4,0,0,5
"3542","Male","Asian",2006,103,"Other",1,1,1,0,1,0,0,0,0,0,1
"3543","Female","Black",2006,103,"Other",8,7,6,0,6,0,0,1,0,0,8
"3544","Male","Black",2006,103,"Other",28,21,14,0,17,0,1,11,0,0,28
"3545","Female","Hispanic",2006,103,"Other",1,1,1,0,1,0,0,0,0,0,1
"3546","Male","Hispanic",2006,103,"Other",9,9,7,0,6,0,2,6,0,0,9
"3547","Female","Other",2006,103,"Other",1,1,0,0,0,0,0,1,0,0,1
"3548","Male","Asian",2007,103,"Other",2,2,1,0,0,0,0,1,0,0,2
"3549","Female","Black",2007,103,"Other",11,9,5,0,3,0,0,3,0,0,11
"3550","Male","Black",2007,103,"Other",29,26,20,0,11,0,0,10,0,0,29
"3551","Male","Hispanic",2007,103,"Other",8,7,3,0,4,0,0,7,0,0,8
"3552","Male","Native",2007,103,"Other",1,0,0,0,0,0,0,0,0,0,1
"3553","Female","White",2007,103,"Other",2,2,2,0,1,0,0,0,0,0,2
"3554","Male","Asian",2008,103,"Other",3,3,2,0,1,0,0,1,0,0,3
"3555","Female","Black",2008,103,"Other",3,0,0,0,0,0,0,0,0,0,3
"3556","Male","Black",2008,103,"Other",13,11,4,0,5,0,0,5,0,0,13
"3557","Male","Hispanic",2008,103,"Other",2,2,2,0,1,0,0,1,0,0,2
"3558","Male","Other",2008,103,"Other",1,1,1,0,1,0,0,1,0,0,1
"3559","Male","Asian",2009,103,"Other",3,3,3,0,1,0,0,2,0,0,3
"3560","Female","Black",2009,103,"Other",8,5,4,0,3,0,0,2,0,0,8
"3561","Male","Black",2009,103,"Other",22,15,10,0,7,0,0,6,0,0,22
"3562","Female","Hispanic",2009,103,"Other",1,1,1,0,0,0,0,1,0,0,1
"3563","Male","Hispanic",2009,103,"Other",7,7,5,0,4,0,0,2,0,0,7
"3564","Unknown","Other",2009,103,"Other",1,0,1,0,0,0,0,0,0,0,1
"3565","Male","White",2009,103,"Other",1,1,1,0,1,0,0,0,0,0,1
"3566","Male","Asian",2010,103,"Other",2,2,1,0,0,0,0,2,0,0,2
"3567","Female","Black",2010,103,"Other",9,9,7,0,1,0,0,1,0,0,9
"3568","Male","Black",2010,103,"Other",21,16,16,0,8,0,1,13,0,0,21
"3569","Female","Hispanic",2010,103,"Other",3,2,2,0,2,0,0,0,0,0,3
"3570","Male","Hispanic",2010,103,"Other",2,2,0,0,2,0,0,1,0,0,2
"3571","Male","Native",2010,103,"Other",2,2,1,0,1,0,0,0,0,0,2
"3572","Male","Other",2010,103,"Other",1,1,1,0,1,0,0,1,0,0,1
"3573","Female","White",2010,103,"Other",1,1,1,0,0,0,0,0,0,0,1
"3574","Male","White",2010,103,"Other",1,1,0,0,1,0,0,0,0,0,1
"3575","Male","Asian",2006,104,"Other",1,0,0,0,0,0,0,0,0,0,1
"3576","Male","Hispanic",2006,104,"Other",6,6,6,0,1,0,0,3,0,0,6
"3577","Female","White",2006,104,"Other",3,3,3,0,0,0,0,2,0,0,3
"3578","Male","White",2006,104,"Other",1,1,1,0,0,0,0,0,0,0,1
"3579","Male","Asian",2007,104,"Other",2,2,2,0,0,0,0,0,0,0,2
"3580","Male","Black",2007,104,"Other",1,1,1,0,0,0,0,0,0,0,1
"3581","Female","Hispanic",2007,104,"Other",1,0,0,0,0,0,0,1,0,0,1
"3582","Male","Hispanic",2007,104,"Other",12,11,8,0,2,0,1,2,0,0,12
"3583","Male","White",2007,104,"Other",7,7,2,0,1,0,0,0,0,0,7
"3584","Male","Hispanic",2008,104,"Other",8,7,6,0,3,0,0,0,0,0,8
"3585","Female","Other",2008,104,"Other",1,1,0,0,0,0,0,0,0,0,1
"3586","Male","White",2008,104,"Other",6,5,4,0,2,0,0,2,0,0,6
"3587","Female","Asian",2009,104,"Other",1,1,1,0,0,0,0,1,0,0,1
"3588","Male","Asian",2009,104,"Other",4,3,3,0,0,0,0,0,0,0,4
"3589","Female","Black",2009,104,"Other",1,1,1,0,0,0,0,0,0,0,1
"3590","Male","Black",2009,104,"Other",3,3,3,0,1,0,0,1,0,0,3
"3591","Female","Hispanic",2009,104,"Other",2,2,2,0,0,0,0,0,0,0,2
"3592","Male","Hispanic",2009,104,"Other",15,14,12,0,2,0,0,3,0,0,15
"3593","Female","White",2009,104,"Other",3,3,2,0,0,0,0,0,0,0,3
"3594","Male","White",2009,104,"Other",14,14,10,0,0,0,0,2,0,0,14
"3595","Male","Hispanic",2010,104,"Other",8,8,6,0,0,0,0,0,0,0,8
"3596","Male","White",2010,104,"Other",1,1,0,0,1,0,0,0,0,0,1
"3597","Male","Black",2006,105,"Other",8,7,4,0,5,0,0,5,0,0,8
"3598","Male","Hispanic",2006,105,"Other",1,1,1,0,1,0,0,1,0,0,1
"3599","Male","Asian",2007,105,"Other",6,3,2,0,2,0,0,2,0,0,6
"3600","Female","Black",2007,105,"Other",1,1,1,0,0,0,0,0,0,0,1
"3601","Male","Black",2007,105,"Other",11,10,5,0,2,0,0,2,0,0,11
"3602","Unknown","Other",2007,105,"Other",1,0,0,0,0,0,0,0,0,0,1
"3603","Male","Asian",2008,105,"Other",3,2,2,0,1,0,0,1,0,0,3
"3604","Female","Black",2008,105,"Other",2,2,1,0,1,0,0,1,0,0,2
"3605","Male","Black",2008,105,"Other",12,9,6,0,4,0,0,6,0,0,12
"3606","Male","Hispanic",2008,105,"Other",5,5,4,0,0,0,0,1,0,0,5
"3607","Male","Other",2008,105,"Other",1,1,0,0,0,0,0,0,0,0,1
"3608","Unknown","Other",2008,105,"Other",1,0,0,0,0,0,0,0,0,0,1
"3609","Male","White",2008,105,"Other",3,3,2,0,1,0,0,0,0,0,3
"3610","Male","Asian",2009,105,"Other",1,0,0,0,0,0,0,0,0,0,1
"3611","Female","Black",2009,105,"Other",4,4,4,0,2,0,0,2,0,0,4
"3612","Male","Black",2009,105,"Other",26,22,24,0,16,0,0,9,0,0,26
"3613","Male","Hispanic",2009,105,"Other",4,3,4,0,2,0,0,2,0,0,4
"3614","Male","Other",2009,105,"Other",3,3,3,0,2,0,0,2,0,0,3
"3615","Unknown","Other",2009,105,"Other",1,1,1,0,0,0,0,0,0,0,1
"3616","Male","White",2009,105,"Other",2,2,2,0,1,0,0,0,0,0,2
"3617","Male","Asian",2010,105,"Other",4,4,4,0,2,0,0,2,0,0,4
"3618","Female","Black",2010,105,"Other",1,1,0,0,1,0,0,1,0,0,1
"3619","Male","Black",2010,105,"Other",10,8,9,0,7,0,0,4,0,0,10
"3620","Female","Hispanic",2010,105,"Other",1,1,1,0,1,0,0,0,0,0,1
"3621","Male","Hispanic",2010,105,"Other",1,1,0,0,0,0,0,0,0,0,1
"3622","Male","Other",2010,105,"Other",1,1,0,0,0,0,0,0,0,0,1
"3623","Female","White",2010,105,"Other",1,1,1,0,1,0,0,1,0,0,1
"3624","Male","White",2010,105,"Other",4,3,3,0,1,0,1,1,0,0,4
"3625","Female","Asian",2006,106,"Other",1,1,1,0,1,0,0,0,0,0,1
"3626","Male","Asian",2006,106,"Other",7,4,4,0,6,0,0,4,0,0,7
"3627","Male","Black",2006,106,"Other",1,1,0,0,0,0,0,0,0,0,1
"3628","Male","Hispanic",2006,106,"Other",3,2,2,0,1,0,0,1,0,0,3
"3629","Female","White",2006,106,"Other",1,1,0,0,1,0,0,1,0,0,1
"3630","Male","White",2006,106,"Other",4,1,2,0,0,0,0,0,0,0,4
"3631","Male","Asian",2007,106,"Other",9,6,7,0,1,0,0,1,0,0,9
"3632","Female","Black",2007,106,"Other",1,1,1,0,0,0,0,0,0,0,1
"3633","Male","Black",2007,106,"Other",3,2,2,0,2,0,0,1,0,0,3
"3634","Male","Hispanic",2007,106,"Other",9,8,8,0,3,0,0,2,0,0,9
"3635","Male","Other",2007,106,"Other",1,1,1,0,1,0,0,1,0,0,1
"3636","Male","White",2007,106,"Other",7,5,6,0,5,0,0,0,0,0,7
"3637","Female","Asian",2008,106,"Other",2,2,2,0,0,0,0,0,0,0,2
"3638","Male","Asian",2008,106,"Other",7,7,6,0,2,0,0,1,0,0,7
"3639","Male","Black",2008,106,"Other",6,6,6,0,2,0,0,2,0,0,6
"3640","Male","Hispanic",2008,106,"Other",6,5,6,0,4,0,0,4,0,0,6
"3641","Male","White",2008,106,"Other",3,3,3,0,1,0,0,2,0,0,3
"3642","Female","Asian",2009,106,"Other",3,2,3,0,2,0,0,0,0,0,3
"3643","Male","Asian",2009,106,"Other",9,7,7,0,0,0,0,1,0,0,9
"3644","Male","Black",2009,106,"Other",6,5,4,0,3,0,0,1,0,0,6
"3645","Female","Hispanic",2009,106,"Other",2,1,2,0,0,0,0,0,0,0,2
"3646","Male","Hispanic",2009,106,"Other",10,9,8,0,4,0,0,3,0,0,10
"3647","Male","Native",2009,106,"Other",3,3,0,0,0,0,0,0,0,0,3
"3648","Male","Other",2009,106,"Other",1,1,1,0,0,0,0,0,0,0,1
"3649","Unknown","Other",2009,106,"Other",1,1,1,0,0,0,0,0,0,0,1
"3650","Male","White",2009,106,"Other",1,1,1,0,0,0,0,0,0,0,1
"3651","Female","Asian",2010,106,"Other",1,1,1,0,0,0,0,0,0,0,1
"3652","Male","Asian",2010,106,"Other",11,10,10,0,3,0,0,0,0,0,11
"3653","Male","Black",2010,106,"Other",3,2,2,0,0,0,0,0,0,0,3
"3654","Male","Hispanic",2010,106,"Other",3,2,3,0,0,0,0,0,0,0,3
"3655","Male","Hispanic",2005,107,"Other",1,1,1,0,1,0,0,1,0,0,1
"3656","Female","Black",2006,107,"Other",2,1,1,0,2,0,0,1,0,0,2
"3657","Male","Black",2006,107,"Other",7,3,5,0,2,0,0,2,0,0,7
"3658","Male","Hispanic",2006,107,"Other",5,4,4,0,3,0,0,3,0,0,5
"3659","Male","Native",2006,107,"Other",1,1,1,0,0,0,0,1,0,0,1
"3660","Male","White",2006,107,"Other",3,3,2,0,1,0,1,1,0,0,3
"3661","Male","Asian",2007,107,"Other",1,1,1,0,1,0,0,1,0,0,1
"3662","Male","Black",2007,107,"Other",10,8,5,0,7,0,0,5,0,0,10
"3663","Unknown","Black",2007,107,"Other",1,1,1,0,1,0,0,1,0,0,1
"3664","Female","Hispanic",2007,107,"Other",3,1,1,0,1,0,0,1,0,0,3
"3665","Male","Hispanic",2007,107,"Other",10,9,8,0,7,0,0,9,0,0,10
"3666","Male","Native",2007,107,"Other",3,3,3,0,3,0,0,3,0,0,3
"3667","Male","White",2007,107,"Other",7,6,6,0,6,0,0,2,0,0,7
"3668","Male","Asian",2008,107,"Other",1,1,1,0,0,0,0,0,0,0,1
"3669","Female","Black",2008,107,"Other",1,0,1,0,0,0,0,0,0,0,1
"3670","Male","Black",2008,107,"Other",1,1,1,0,1,0,0,1,0,0,1
"3671","Female","Hispanic",2008,107,"Other",1,0,1,0,0,0,0,0,0,0,1
"3672","Male","Hispanic",2008,107,"Other",5,4,5,0,2,0,0,2,0,0,5
"3673","Male","White",2008,107,"Other",2,2,2,0,2,0,0,2,0,0,2
"3674","Female","Asian",2009,107,"Other",1,0,0,0,0,0,0,0,0,0,1
"3675","Male","Asian",2009,107,"Other",1,1,1,0,1,0,0,1,0,0,1
"3676","Male","Black",2009,107,"Other",1,1,1,0,0,0,0,1,0,0,1
"3677","Female","Hispanic",2009,107,"Other",1,1,1,0,1,0,0,0,0,0,1
"3678","Male","Hispanic",2009,107,"Other",4,4,3,0,0,0,0,1,0,0,4
"3679","Male","Native",2009,107,"Other",1,1,1,0,1,0,0,0,0,0,1
"3680","Male","White",2009,107,"Other",3,3,3,0,3,0,0,2,0,0,3
"3681","Male","Black",2010,107,"Other",3,3,1,0,2,0,0,1,0,0,3
"3682","Male","White",2010,107,"Other",2,2,1,0,0,0,0,0,0,0,2
"3683","Male","Asian",2006,108,"Other",4,3,3,0,1,0,0,0,0,0,4
"3684","Male","Black",2006,108,"Other",1,1,1,0,1,0,0,1,0,0,1
"3685","Male","Hispanic",2006,108,"Other",11,10,11,0,2,0,0,1,0,0,11
"3686","Male","White",2006,108,"Other",6,6,6,0,2,0,0,1,0,0,6
"3687","Female","Asian",2007,108,"Other",2,2,1,0,0,0,0,1,0,0,2
"3688","Male","Asian",2007,108,"Other",4,4,4,0,2,0,0,0,0,0,4
"3689","Female","Black",2007,108,"Other",1,1,1,0,0,0,0,0,0,0,1
"3690","Female","Hispanic",2007,108,"Other",1,1,1,0,0,0,0,1,0,0,1
"3691","Male","Hispanic",2007,108,"Other",17,16,17,0,6,0,0,5,0,0,17
"3692","Female","White",2007,108,"Other",1,1,0,0,0,0,0,0,0,0,1
"3693","Male","White",2007,108,"Other",14,11,11,0,4,0,0,3,0,0,14
"3694","Female","Asian",2008,108,"Other",1,1,0,0,0,0,0,0,0,0,1
"3695","Male","Asian",2008,108,"Other",9,9,6,0,1,0,0,0,0,0,9
"3696","Female","Black",2008,108,"Other",3,3,2,0,1,0,0,0,0,0,3
"3697","Male","Black",2008,108,"Other",4,4,3,0,1,0,1,1,0,0,4
"3698","Female","Hispanic",2008,108,"Other",2,1,1,0,0,0,0,0,0,0,2
"3699","Male","Hispanic",2008,108,"Other",18,15,12,0,3,0,1,4,0,0,18
"3700","Female","White",2008,108,"Other",1,1,1,0,0,0,0,0,0,0,1
"3701","Male","White",2008,108,"Other",4,2,2,0,1,0,0,0,0,0,4
"3702","Female","Asian",2009,108,"Other",1,0,0,0,0,0,0,0,0,0,1
"3703","Male","Asian",2009,108,"Other",9,9,8,0,0,0,0,3,0,0,9
"3704","Female","Black",2009,108,"Other",1,1,1,0,0,0,1,0,0,0,1
"3705","Male","Black",2009,108,"Other",2,2,2,0,0,0,1,0,0,0,2
"3706","Female","Hispanic",2009,108,"Other",2,2,1,0,0,0,0,1,0,0,2
"3707","Male","Hispanic",2009,108,"Other",31,28,23,0,5,0,0,10,0,0,31
"3708","Male","White",2009,108,"Other",20,17,14,0,4,0,0,5,0,0,20
"3709","Female","Asian",2010,108,"Other",1,0,0,0,0,0,0,0,0,0,1
"3710","Male","Asian",2010,108,"Other",1,1,1,0,0,0,0,0,0,0,1
"3711","Male","Black",2010,108,"Other",3,3,3,0,0,0,0,0,0,0,3
"3712","Female","Hispanic",2010,108,"Other",3,3,3,0,0,0,0,0,0,0,3
"3713","Male","Hispanic",2010,108,"Other",11,10,8,0,0,0,0,2,0,0,11
"3714","Male","White",2010,108,"Other",6,6,6,0,1,0,1,1,0,0,6
"3715","Female","Asian",2006,109,"Other",1,1,1,0,1,0,0,0,0,0,1
"3716","Male","Asian",2006,109,"Other",6,5,3,0,3,0,0,2,0,0,6
"3717","Unknown","Asian",2006,109,"Other",1,1,1,0,0,0,0,0,0,0,1
"3718","Female","Black",2006,109,"Other",1,1,1,0,0,0,0,0,0,0,1
"3719","Male","Black",2006,109,"Other",3,3,3,0,2,0,0,1,0,0,3
"3720","Female","Hispanic",2006,109,"Other",1,0,0,0,0,0,0,0,0,0,1
"3721","Male","Hispanic",2006,109,"Other",10,10,8,0,6,0,0,7,0,0,10
"3722","Male","White",2006,109,"Other",9,8,3,0,6,0,0,2,0,0,9
"3723","Female","Asian",2007,109,"Other",1,0,0,0,0,0,0,0,0,0,1
"3724","Male","Asian",2007,109,"Other",8,6,6,0,2,0,0,4,0,0,8
"3725","Female","Black",2007,109,"Other",1,1,1,0,1,0,0,0,0,0,1
"3726","Male","Black",2007,109,"Other",1,1,1,0,1,0,0,0,0,0,1
"3727","Female","Hispanic",2007,109,"Other",2,2,2,0,1,0,0,1,0,0,2
"3728","Male","Hispanic",2007,109,"Other",14,13,13,0,7,0,0,7,0,0,14
"3729","Unknown","Hispanic",2007,109,"Other",1,1,1,0,1,0,0,1,0,0,1
"3730","Male","Other",2007,109,"Other",4,3,3,0,3,0,0,3,0,0,4
"3731","Male","White",2007,109,"Other",15,14,13,0,10,0,0,9,0,0,15
"3732","Male","Asian",2008,109,"Other",6,6,6,0,4,0,0,4,0,0,6
"3733","Male","Black",2008,109,"Other",3,2,3,0,1,0,0,2,0,0,3
"3734","Female","Hispanic",2008,109,"Other",1,0,1,0,1,0,0,1,0,0,1
"3735","Male","Hispanic",2008,109,"Other",8,5,5,0,3,1,0,3,0,0,8
"3736","Male","Other",2008,109,"Other",2,2,2,0,2,0,0,2,0,0,2
"3737","Male","White",2008,109,"Other",8,8,7,0,6,0,0,5,0,0,8
"3738","Female","Asian",2009,109,"Other",1,1,1,0,1,0,0,0,0,0,1
"3739","Male","Asian",2009,109,"Other",10,10,7,0,3,0,0,7,0,0,10
"3740","Female","Black",2009,109,"Other",1,0,0,0,0,0,0,0,0,0,1
"3741","Male","Black",2009,109,"Other",8,8,7,0,2,0,0,5,0,0,8
"3742","Female","Hispanic",2009,109,"Other",4,4,3,0,1,0,0,1,0,0,4
"3743","Male","Hispanic",2009,109,"Other",24,24,18,0,12,0,0,12,0,0,24
"3744","Male","White",2009,109,"Other",8,8,8,0,4,0,0,4,0,0,8
"3745","Male","Asian",2010,109,"Other",4,4,3,0,2,0,0,4,0,0,4
"3746","Male","Black",2010,109,"Other",2,2,1,0,0,0,0,0,0,0,2
"3747","Male","Hispanic",2010,109,"Other",7,6,5,0,2,0,0,5,0,0,7
"3748","Male","White",2010,109,"Other",2,2,2,0,0,0,0,1,0,0,2
"3749","Male","Black",2006,110,"Other",2,2,2,0,1,0,0,0,0,0,2
"3750","Female","Hispanic",2006,110,"Other",1,1,1,0,1,0,0,1,0,0,1
"3751","Male","Hispanic",2006,110,"Other",22,19,15,0,13,0,0,8,0,0,22
"3752","Unknown","Hispanic",2006,110,"Other",1,1,0,0,0,0,0,1,0,0,1
"3753","Male","White",2006,110,"Other",2,2,1,0,1,0,0,1,0,0,2
"3754","Male","Asian",2007,110,"Other",4,4,4,0,2,0,0,3,0,0,4
"3755","Female","Black",2007,110,"Other",2,2,2,0,0,0,0,0,0,0,2
"3756","Male","Black",2007,110,"Other",1,1,1,0,1,0,0,0,0,0,1
"3757","Female","Hispanic",2007,110,"Other",1,1,1,0,0,0,0,1,0,0,1
"3758","Male","Hispanic",2007,110,"Other",20,20,15,0,9,0,2,12,0,0,20
"3759","Male","Other",2007,110,"Other",1,1,1,0,1,0,0,1,0,0,1
"3760","Unknown","Other",2007,110,"Other",1,0,0,0,0,0,0,0,0,0,1
"3761","Male","White",2007,110,"Other",5,5,5,0,5,0,0,4,0,0,5
"3762","Female","Black",2008,110,"Other",4,3,3,0,3,0,0,3,0,0,4
"3763","Male","Black",2008,110,"Other",3,0,0,0,0,0,0,0,0,0,3
"3764","Male","Hispanic",2008,110,"Other",12,12,10,0,8,0,0,7,0,0,12
"3765","Male","White",2008,110,"Other",2,2,2,0,0,0,1,2,0,0,2
"3766","Male","Asian",2009,110,"Other",1,1,1,0,0,0,0,0,0,0,1
"3767","Female","Black",2009,110,"Other",1,0,1,0,1,0,0,0,0,0,1
"3768","Male","Black",2009,110,"Other",2,2,2,0,1,0,0,0,0,0,2
"3769","Male","Hispanic",2009,110,"Other",46,44,33,0,18,0,0,25,0,0,46
"3770","Female","White",2009,110,"Other",1,0,0,0,0,0,0,0,0,0,1
"3771","Male","White",2009,110,"Other",1,1,1,0,1,0,0,1,0,0,1
"3772","Female","Black",2010,110,"Other",1,0,1,0,1,0,0,0,0,0,1
"3773","Male","Black",2010,110,"Other",2,2,1,0,0,0,0,0,0,0,2
"3774","Male","Hispanic",2010,110,"Other",15,15,12,0,11,0,0,10,0,0,15
"3775","Male","Native",2010,110,"Other",1,1,1,0,0,0,0,0,0,0,1
"3776","Male","White",2010,110,"Other",3,2,2,0,2,0,0,2,0,0,3
"3777","Female","Asian",2006,111,"Other",3,3,3,0,1,0,0,0,0,0,3
"3778","Male","Black",2006,111,"Other",1,0,0,0,0,0,0,0,0,0,1
"3779","Male","Hispanic",2006,111,"Other",3,3,3,0,0,0,0,1,0,0,3
"3780","Female","White",2006,111,"Other",1,1,1,0,0,0,0,0,0,0,1
"3781","Male","White",2006,111,"Other",8,8,7,0,2,0,0,4,0,0,8
"3782","Female","Asian",2007,111,"Other",5,4,2,0,0,0,0,0,0,0,5
"3783","Male","Asian",2007,111,"Other",3,3,3,0,0,0,0,0,0,0,3
"3784","Male","Hispanic",2007,111,"Other",2,2,2,0,0,0,0,0,0,0,2
"3785","Male","Native",2007,111,"Other",1,1,1,0,0,0,0,0,0,0,1
"3786","Male","Other",2007,111,"Other",1,1,1,0,0,0,0,1,0,0,1
"3787","Male","White",2007,111,"Other",4,4,3,0,0,0,0,0,0,0,4
"3788","Male","Asian",2008,111,"Other",2,2,2,0,0,0,0,2,0,0,2
"3789","Male","Black",2008,111,"Other",1,1,1,0,0,0,0,1,0,0,1
"3790","Male","Hispanic",2008,111,"Other",3,2,2,0,0,0,0,1,0,0,3
"3791","Female","White",2008,111,"Other",1,1,1,0,0,0,0,0,0,0,1
"3792","Male","White",2008,111,"Other",5,4,3,0,0,0,0,2,0,0,5
"3793","Male","Asian",2009,111,"Other",2,2,2,0,1,0,0,1,0,0,2
"3794","Male","Black",2009,111,"Other",1,1,1,0,0,0,0,0,0,0,1
"3795","Female","Hispanic",2009,111,"Other",2,2,2,0,2,0,0,2,0,0,2
"3796","Male","Hispanic",2009,111,"Other",6,6,5,0,3,0,0,3,0,0,6
"3797","Female","White",2009,111,"Other",1,1,1,0,0,0,0,0,0,0,1
"3798","Male","White",2009,111,"Other",18,16,14,0,3,0,0,3,0,0,18
"3799","Male","Asian",2010,111,"Other",4,3,3,0,1,0,0,0,0,0,4
"3800","Male","Black",2010,111,"Other",1,1,1,0,0,0,0,0,0,0,1
"3801","Male","Hispanic",2010,111,"Other",2,2,2,0,1,0,0,1,0,0,2
"3802","Male","Other",2010,111,"Other",1,1,1,0,0,0,0,0,0,0,1
"3803","Male","White",2010,111,"Other",10,7,8,0,3,0,0,3,0,0,10
"3804","Male","Black",2006,112,"Other",1,1,1,0,0,0,0,0,0,0,1
"3805","Female","Hispanic",2006,112,"Other",2,1,1,0,0,0,1,1,0,0,2
"3806","Male","Hispanic",2006,112,"Other",8,8,8,0,2,0,1,2,0,0,8
"3807","Male","White",2006,112,"Other",8,8,8,0,2,0,0,3,0,0,8
"3808","Female","Black",2007,112,"Other",1,1,1,0,0,0,0,0,0,0,1
"3809","Male","Hispanic",2007,112,"Other",4,4,3,0,3,0,0,4,0,0,4
"3810","Male","White",2007,112,"Other",5,5,4,0,4,0,0,4,0,0,5
"3811","Male","Asian",2008,112,"Other",2,2,2,0,0,0,0,0,0,0,2
"3812","Male","Hispanic",2008,112,"Other",6,5,3,0,1,0,0,2,0,0,6
"3813","Unknown","Other",2008,112,"Other",1,1,1,0,0,0,0,0,0,0,1
"3814","Female","White",2008,112,"Other",1,1,0,0,0,0,0,0,0,0,1
"3815","Male","White",2008,112,"Other",9,9,7,0,3,0,0,5,0,0,9
"3816","Female","Asian",2009,112,"Other",1,0,1,0,0,0,0,0,0,0,1
"3817","Male","Asian",2009,112,"Other",6,6,5,0,0,0,0,2,0,0,6
"3818","Female","Black",2009,112,"Other",1,1,0,0,0,0,0,0,0,0,1
"3819","Male","Black",2009,112,"Other",1,1,1,0,0,0,0,1,0,0,1
"3820","Male","Hispanic",2009,112,"Other",9,9,6,0,5,0,0,4,0,0,9
"3821","Unknown","Other",2009,112,"Other",1,0,0,0,0,0,0,0,0,0,1
"3822","Female","White",2009,112,"Other",1,0,0,0,1,0,0,1,0,0,1
"3823","Male","White",2009,112,"Other",13,13,12,0,6,0,0,4,0,0,13
"3824","Male","Black",2010,112,"Other",1,1,0,0,0,0,0,0,0,0,1
"3825","Male","Hispanic",2010,112,"Other",10,9,7,0,3,0,0,3,0,0,10
"3826","Male","White",2010,112,"Other",8,7,6,0,0,0,0,1,0,0,8
"3827","Female","Black",2006,113,"Other",2,2,2,0,2,0,0,1,0,0,2
"3828","Male","Black",2006,113,"Other",9,8,7,0,3,1,0,6,0,0,9
"3829","Male","Asian",2007,113,"Other",2,1,1,0,0,0,0,0,0,0,2
"3830","Female","Black",2007,113,"Other",5,5,3,0,3,0,0,3,0,0,5
"3831","Male","Black",2007,113,"Other",12,10,10,0,4,0,0,6,0,0,12
"3832","Female","Hispanic",2007,113,"Other",1,1,1,0,1,0,0,1,0,0,1
"3833","Male","Hispanic",2007,113,"Other",3,3,2,0,2,0,0,1,0,0,3
"3834","Male","Other",2007,113,"Other",1,1,0,0,0,0,0,0,0,0,1
"3835","Male","Asian",2008,113,"Other",1,1,1,0,1,0,0,1,0,0,1
"3836","Female","Black",2008,113,"Other",6,2,4,0,2,0,0,2,0,0,6
"3837","Male","Black",2008,113,"Other",22,18,18,0,11,0,0,10,0,0,22
"3838","Male","Hispanic",2008,113,"Other",2,2,2,0,2,0,0,2,0,0,2
"3839","Female","Asian",2009,113,"Other",1,1,1,0,1,0,0,1,0,0,1
"3840","Male","Asian",2009,113,"Other",2,2,2,0,1,0,0,2,0,0,2
"3841","Female","Black",2009,113,"Other",8,4,5,0,4,0,0,4,0,0,8
"3842","Male","Black",2009,113,"Other",30,28,26,0,18,0,0,22,0,0,30
"3843","Male","Hispanic",2009,113,"Other",1,0,0,0,0,0,0,0,0,0,1
"3844","Male","Other",2009,113,"Other",1,1,0,0,0,0,0,0,0,0,1
"3845","Male","Black",2010,113,"Other",20,14,11,0,8,0,0,7,0,0,20
"3846","Male","White",2010,113,"Other",1,1,1,0,0,0,0,1,0,0,1
"3847","Male","Black",2005,114,"Other",1,0,0,0,0,0,0,0,0,0,1
"3848","Female","Asian",2006,114,"Other",2,1,1,0,1,0,0,1,0,0,2
"3849","Male","Asian",2006,114,"Other",4,4,4,0,2,0,0,1,0,0,4
"3850","Female","Black",2006,114,"Other",3,3,2,0,2,0,0,2,0,0,3
"3851","Male","Black",2006,114,"Other",23,16,13,0,9,0,0,10,0,0,23
"3852","Female","Hispanic",2006,114,"Other",3,1,2,0,0,0,0,0,0,0,3
"3853","Male","Hispanic",2006,114,"Other",38,32,29,0,17,0,6,18,0,0,38
"3854","Unknown","Hispanic",2006,114,"Other",9,9,8,0,1,0,1,1,0,0,9
"3855","Female","Other",2006,114,"Other",1,1,0,0,0,0,0,0,0,0,1
"3856","Male","Other",2006,114,"Other",4,3,2,0,0,0,0,0,0,0,4
"3857","Unknown","Other",2006,114,"Other",9,7,8,0,3,0,0,3,0,0,9
"3858","Female","White",2006,114,"Other",4,1,0,0,2,0,0,0,0,0,4
"3859","Male","White",2006,114,"Other",39,31,29,0,20,0,2,26,0,0,39
"3860","Female","Asian",2007,114,"Other",1,1,1,0,1,0,0,1,0,0,1
"3861","Male","Asian",2007,114,"Other",11,5,4,0,1,0,0,2,0,0,11
"3862","Female","Black",2007,114,"Other",9,8,6,0,1,0,0,1,0,0,9
"3863","Male","Black",2007,114,"Other",27,23,22,0,11,0,0,13,0,0,27
"3864","Female","Hispanic",2007,114,"Other",5,2,2,0,0,0,0,0,0,0,5
"3865","Male","Hispanic",2007,114,"Other",48,46,33,0,16,0,1,22,0,0,48
"3866","Unknown","Hispanic",2007,114,"Other",2,2,2,0,1,0,0,1,0,0,2
"3867","Female","Native",2007,114,"Other",1,1,1,0,0,0,0,0,0,0,1
"3868","Male","Native",2007,114,"Other",2,2,1,0,0,0,0,0,0,0,2
"3869","Female","Other",2007,114,"Other",2,2,2,0,1,0,0,1,0,0,2
"3870","Male","Other",2007,114,"Other",3,2,3,0,1,0,0,0,0,0,3
"3871","Unknown","Other",2007,114,"Other",7,7,6,0,1,0,0,1,0,0,7
"3872","Female","White",2007,114,"Other",6,6,3,0,1,0,0,1,0,0,6
"3873","Male","White",2007,114,"Other",37,33,29,0,13,0,0,21,0,0,37
"3874","Unknown","White",2007,114,"Other",1,1,0,0,0,0,0,1,0,0,1
"3875","Female","Asian",2008,114,"Other",1,1,1,0,0,0,0,0,0,0,1
"3876","Male","Asian",2008,114,"Other",9,8,4,0,6,0,0,4,0,0,9
"3877","Female","Black",2008,114,"Other",7,2,4,0,2,0,0,1,0,0,7
"3878","Male","Black",2008,114,"Other",20,16,14,0,6,0,0,9,0,0,20
"3879","Female","Hispanic",2008,114,"Other",4,2,2,0,0,0,0,1,0,0,4
"3880","Male","Hispanic",2008,114,"Other",28,24,18,0,12,0,0,13,0,0,28
"3881","Unknown","Hispanic",2008,114,"Other",3,3,0,0,1,0,0,0,0,0,3
"3882","Male","Native",2008,114,"Other",1,1,1,0,1,0,0,1,0,0,1
"3883","Male","Other",2008,114,"Other",2,0,0,0,0,0,0,0,0,0,2
"3884","Unknown","Other",2008,114,"Other",4,3,1,0,2,0,0,2,0,0,4
"3885","Male","White",2008,114,"Other",20,17,12,1,11,0,0,14,0,0,20
"3886","Unknown","White",2008,114,"Other",1,1,1,0,1,0,0,1,0,0,1
"3887","Female","Asian",2009,114,"Other",2,1,2,0,1,0,0,1,0,0,2
"3888","Male","Asian",2009,114,"Other",4,4,1,0,1,0,0,3,0,0,4
"3889","Female","Black",2009,114,"Other",2,1,1,0,0,0,0,0,0,0,2
"3890","Male","Black",2009,114,"Other",14,11,10,0,6,0,0,7,0,0,14
"3891","Female","Hispanic",2009,114,"Other",1,1,1,0,1,0,0,1,0,0,1
"3892","Male","Hispanic",2009,114,"Other",31,29,25,0,14,0,0,18,0,0,31
"3893","Female","Other",2009,114,"Other",3,3,2,0,2,0,0,2,0,0,3
"3894","Male","Other",2009,114,"Other",2,2,2,0,0,0,0,0,0,0,2
"3895","Unknown","Other",2009,114,"Other",1,0,1,0,0,0,0,0,0,0,1
"3896","Female","White",2009,114,"Other",2,1,1,0,1,0,0,0,0,0,2
"3897","Male","White",2009,114,"Other",21,20,18,0,14,0,0,14,0,0,21
"3898","Female","Asian",2010,114,"Other",1,0,0,0,0,0,0,1,0,0,1
"3899","Male","Asian",2010,114,"Other",1,1,0,0,0,0,0,0,0,0,1
"3900","Female","Black",2010,114,"Other",1,1,1,0,0,0,0,1,0,0,1
"3901","Male","Black",2010,114,"Other",3,2,1,0,1,0,1,1,0,0,3
"3902","Male","Hispanic",2010,114,"Other",8,5,4,0,0,0,0,1,0,0,8
"3903","Male","Other",2010,114,"Other",1,0,0,0,0,0,0,1,0,0,1
"3904","Unknown","Other",2010,114,"Other",1,1,0,0,0,0,0,1,0,0,1
"3905","Male","White",2010,114,"Other",10,8,7,0,2,0,0,1,0,0,10
"3906","Male","Asian",2006,115,"Other",1,1,0,0,0,0,0,1,0,0,1
"3907","Female","Black",2006,115,"Other",1,1,1,0,0,0,0,0,0,0,1
"3908","Male","Black",2006,115,"Other",3,3,2,0,2,0,0,2,0,0,3
"3909","Male","Hispanic",2006,115,"Other",9,8,6,0,2,0,0,0,0,0,9
"3910","Female","Other",2006,115,"Other",1,1,1,0,1,0,0,0,0,0,1
"3911","Male","Other",2006,115,"Other",1,1,1,0,0,0,0,1,0,0,1
"3912","Unknown","Other",2006,115,"Other",2,1,0,0,0,0,0,0,0,0,2
"3913","Male","White",2006,115,"Other",2,2,2,0,0,0,0,1,0,0,2
"3914","Male","Asian",2007,115,"Other",1,1,1,0,0,0,0,0,0,0,1
"3915","Male","Black",2007,115,"Other",2,2,2,0,1,0,0,1,0,0,2
"3916","Female","Hispanic",2007,115,"Other",1,1,1,0,1,0,0,0,0,0,1
"3917","Male","Hispanic",2007,115,"Other",13,12,9,0,6,0,4,9,0,0,13
"3918","Male","White",2007,115,"Other",1,0,0,0,0,0,0,0,0,0,1
"3919","Male","Asian",2008,115,"Other",1,1,1,0,1,0,0,0,0,0,1
"3920","Male","Black",2008,115,"Other",4,4,2,0,0,0,0,0,0,0,4
"3921","Female","Hispanic",2008,115,"Other",2,1,1,0,2,0,0,1,0,0,2
"3922","Male","Hispanic",2008,115,"Other",14,14,10,0,9,0,0,10,0,0,14
"3923","Male","White",2008,115,"Other",1,1,0,0,0,0,0,0,0,0,1
"3924","Male","Asian",2009,115,"Other",1,1,1,0,0,0,0,1,0,0,1
"3925","Male","Black",2009,115,"Other",1,1,1,0,0,0,0,0,0,0,1
"3926","Female","Hispanic",2009,115,"Other",1,0,1,0,1,0,0,0,0,0,1
"3927","Male","Hispanic",2009,115,"Other",24,20,16,0,6,0,1,15,0,0,24
"3928","Male","White",2009,115,"Other",1,1,1,0,1,0,0,1,0,0,1
"3929","Male","Black",2010,115,"Other",2,2,1,0,2,0,0,1,0,0,2
"3930","Male","Hispanic",2010,115,"Other",13,11,8,0,4,0,0,10,0,0,13
"3931","Male","Other",2010,115,"Other",1,1,0,0,0,0,0,0,0,0,1
"3932","Male","Asian",2006,120,"Other",1,1,1,0,1,0,0,0,0,0,1
"3933","Female","Black",2006,120,"Other",4,3,3,0,3,0,0,3,0,0,4
"3934","Male","Black",2006,120,"Other",24,19,22,1,13,0,0,10,0,0,24
"3935","Female","Hispanic",2006,120,"Other",2,2,1,0,1,0,0,0,0,0,2
"3936","Male","Hispanic",2006,120,"Other",7,7,6,0,4,0,0,4,0,0,7
"3937","Male","White",2006,120,"Other",5,5,5,0,1,0,0,2,0,0,5
"3938","Male","Asian",2007,120,"Other",1,0,1,0,1,0,0,1,0,0,1
"3939","Female","Black",2007,120,"Other",2,2,2,0,1,0,0,1,0,0,2
"3940","Male","Black",2007,120,"Other",11,10,10,0,7,0,0,7,0,0,11
"3941","Female","Hispanic",2007,120,"Other",1,1,1,0,0,0,0,0,0,0,1
"3942","Male","Hispanic",2007,120,"Other",14,12,8,0,4,0,1,5,0,0,14
"3943","Female","White",2007,120,"Other",1,1,0,0,1,0,0,1,0,0,1
"3944","Male","White",2007,120,"Other",3,3,3,0,2,0,0,1,0,0,3
"3945","Female","Asian",2008,120,"Other",2,1,0,0,1,0,0,0,0,0,2
"3946","Male","Asian",2008,120,"Other",1,1,0,0,0,0,0,0,0,0,1
"3947","Female","Black",2008,120,"Other",10,6,6,0,1,0,1,3,0,0,10
"3948","Male","Black",2008,120,"Other",16,9,8,0,3,0,0,6,0,0,16
"3949","Female","Hispanic",2008,120,"Other",6,6,3,0,2,0,0,2,0,0,6
"3950","Male","Hispanic",2008,120,"Other",20,18,17,0,11,0,0,14,0,0,20
"3951","Female","White",2008,120,"Other",11,4,6,0,3,0,0,0,0,0,11
"3952","Male","White",2008,120,"Other",12,11,11,0,7,0,0,7,0,0,12
"3953","Male","Asian",2009,120,"Other",3,2,1,0,0,0,0,1,0,0,3
"3954","Female","Black",2009,120,"Other",27,13,18,0,15,0,0,6,0,0,27
"3955","Male","Black",2009,120,"Other",34,22,17,0,7,0,0,6,0,0,34
"3956","Female","Hispanic",2009,120,"Other",13,7,8,0,6,0,0,6,0,0,13
"3957","Male","Hispanic",2009,120,"Other",15,11,5,0,4,0,0,2,0,0,15
"3958","Female","Other",2009,120,"Other",1,0,1,0,0,0,0,0,0,0,1
"3959","Male","Other",2009,120,"Other",1,0,0,0,0,0,0,0,0,0,1
"3960","Female","White",2009,120,"Other",16,4,6,0,3,0,0,2,0,0,16
"3961","Male","White",2009,120,"Other",13,12,9,0,7,0,0,4,0,0,13
"3962","Female","Black",2010,120,"Other",8,4,4,0,4,0,0,4,0,0,8
"3963","Male","Black",2010,120,"Other",16,11,13,0,8,1,0,5,0,0,16
"3964","Female","Hispanic",2010,120,"Other",4,1,2,0,1,0,0,1,0,0,4
"3965","Male","Hispanic",2010,120,"Other",12,10,8,0,4,0,0,5,0,0,12
"3966","Unknown","Other",2010,120,"Other",1,1,1,0,1,0,0,1,0,0,1
"3967","Female","White",2010,120,"Other",6,1,4,0,2,0,0,2,0,0,6
"3968","Male","White",2010,120,"Other",9,5,6,0,5,0,0,4,0,0,9
"3969","Female","Asian",2006,122,"Other",1,1,0,0,0,0,0,1,0,0,1
"3970","Male","Asian",2006,122,"Other",1,1,0,0,0,0,0,0,0,0,1
"3971","Male","Black",2006,122,"Other",9,8,6,0,3,0,0,3,0,0,9
"3972","Female","Hispanic",2006,122,"Other",1,1,1,0,0,0,0,0,0,0,1
"3973","Male","Hispanic",2006,122,"Other",3,3,3,0,1,0,0,1,0,0,3
"3974","Male","Other",2006,122,"Other",1,1,1,0,0,0,0,0,0,0,1
"3975","Female","White",2006,122,"Other",2,2,1,0,0,0,0,0,0,0,2
"3976","Male","White",2006,122,"Other",7,6,5,0,1,0,0,2,0,0,7
"3977","Male","Asian",2007,122,"Other",1,1,1,0,0,0,0,0,0,0,1
"3978","Male","Black",2007,122,"Other",3,3,3,0,1,0,0,3,0,0,3
"3979","Male","Hispanic",2007,122,"Other",5,4,2,0,2,0,0,3,0,0,5
"3980","Male","Other",2007,122,"Other",1,1,0,0,0,0,0,0,0,0,1
"3981","Female","White",2007,122,"Other",1,1,0,0,0,0,0,0,0,0,1
"3982","Male","White",2007,122,"Other",13,11,6,0,0,0,0,1,0,0,13
"3983","Male","Black",2008,122,"Other",2,1,1,0,1,0,0,1,0,0,2
"3984","Male","Hispanic",2008,122,"Other",2,2,1,0,1,0,0,0,0,0,2
"3985","Male","Other",2008,122,"Other",1,1,1,0,0,0,0,1,0,0,1
"3986","Female","White",2008,122,"Other",1,1,1,0,1,0,0,1,0,0,1
"3987","Male","White",2008,122,"Other",14,12,12,0,6,0,0,4,0,0,14
"3988","Male","Asian",2009,122,"Other",1,1,1,0,1,0,1,1,0,0,1
"3989","Male","Black",2009,122,"Other",2,1,0,0,0,0,0,0,0,0,2
"3990","Male","Hispanic",2009,122,"Other",1,1,0,0,0,0,0,0,0,0,1
"3991","Female","White",2009,122,"Other",2,1,1,0,1,0,0,1,0,0,2
"3992","Male","White",2009,122,"Other",6,6,4,0,2,0,0,3,0,0,6
"3993","Male","Black",2010,122,"Other",1,1,1,0,0,0,0,1,0,0,1
"3994","Male","Native",2010,122,"Other",1,1,0,0,0,0,0,0,0,0,1
"3995","Female","White",2010,122,"Other",1,1,0,0,1,0,0,1,0,0,1
"3996","Male","White",2010,122,"Other",3,3,1,0,1,0,0,2,0,0,3
"3997","Male","White",2006,123,"Other",9,3,5,0,1,0,0,2,0,0,9
"3998","Female","White",2007,123,"Other",1,1,1,0,0,0,0,0,0,0,1
"3999","Male","White",2007,123,"Other",9,5,5,0,2,0,0,2,0,0,9
"4000","Male","Black",2008,123,"Other",1,1,1,0,1,0,0,1,0,0,1
"4001","Female","White",2008,123,"Other",1,1,1,0,0,0,0,0,0,0,1
"4002","Male","White",2008,123,"Other",15,6,6,0,1,0,0,1,0,0,15
"4003","Male","Hispanic",2009,123,"Other",1,1,0,0,0,0,0,0,0,0,1
"4004","Male","White",2009,123,"Other",4,2,1,0,0,0,0,0,0,0,4
"4005","Male","White",2010,123,"Other",7,3,3,0,1,0,0,0,0,0,7
"4006","Male","Black",2006,1,"Substance",1,0,0,0,0,0,0,0,0,0,1
"4007","Male","Black",2007,1,"Substance",2,2,2,0,1,0,0,0,0,0,2
"4008","Male","Hispanic",2007,1,"Substance",1,1,1,0,0,0,0,0,0,0,1
"4009","Male","Black",2008,1,"Substance",8,7,6,0,3,0,0,5,0,0,8
"4010","Male","Hispanic",2008,1,"Substance",1,1,0,0,1,0,0,1,0,0,1
"4011","Male","White",2008,1,"Substance",2,1,1,0,0,0,0,0,0,0,2
"4012","Male","Black",2009,1,"Substance",4,3,1,0,0,0,0,2,0,0,4
"4013","Male","Hispanic",2009,1,"Substance",4,2,2,0,1,1,0,0,0,0,4
"4014","Male","Other",2009,1,"Substance",1,1,1,0,1,0,0,1,0,0,1
"4015","Male","White",2009,1,"Substance",3,2,1,0,0,0,0,0,0,0,3
"4016","Male","Black",2010,1,"Substance",1,1,1,0,0,0,0,0,0,0,1
"4017","Male","Black",2005,5,"Substance",1,1,1,0,1,0,0,1,0,0,1
"4018","Male","Black",2006,5,"Substance",16,14,13,0,4,0,0,6,0,0,16
"4019","Female","Hispanic",2006,5,"Substance",1,1,1,0,0,0,0,0,0,0,1
"4020","Male","Hispanic",2006,5,"Substance",13,12,11,0,6,0,0,5,0,0,13
"4021","Male","Other",2006,5,"Substance",2,1,0,0,1,0,0,1,0,0,2
"4022","Female","White",2006,5,"Substance",1,1,0,0,1,0,0,0,0,0,1
"4023","Male","White",2006,5,"Substance",7,7,0,0,4,0,0,4,0,0,7
"4024","Male","Asian",2007,5,"Substance",4,4,3,0,3,0,0,0,0,0,4
"4025","Male","Black",2007,5,"Substance",10,10,5,1,7,0,0,8,0,0,10
"4026","Female","Hispanic",2007,5,"Substance",1,0,0,0,1,0,0,0,0,0,1
"4027","Male","Hispanic",2007,5,"Substance",8,8,6,0,4,0,0,1,0,0,8
"4028","Unknown","Other",2007,5,"Substance",1,0,1,0,1,0,0,1,0,0,1
"4029","Female","White",2007,5,"Substance",1,0,1,0,1,0,0,0,0,0,1
"4030","Male","White",2007,5,"Substance",5,4,3,0,4,0,0,1,0,0,5
"4031","Female","Asian",2008,5,"Substance",2,2,0,0,2,0,0,2,0,0,2
"4032","Male","Asian",2008,5,"Substance",10,10,4,0,7,0,0,9,0,0,10
"4033","Female","Black",2008,5,"Substance",1,1,0,0,0,0,0,0,0,0,1
"4034","Male","Black",2008,5,"Substance",7,6,5,0,3,0,0,4,0,0,7
"4035","Male","Hispanic",2008,5,"Substance",9,9,6,0,6,0,0,4,0,0,9
"4036","Female","White",2008,5,"Substance",1,1,1,0,0,0,0,1,0,0,1
"4037","Male","White",2008,5,"Substance",2,2,1,0,0,0,0,0,0,0,2
"4038","Male","Asian",2009,5,"Substance",1,1,1,0,1,0,0,1,0,0,1
"4039","Female","Black",2009,5,"Substance",2,2,2,0,0,0,0,1,0,0,2
"4040","Male","Black",2009,5,"Substance",10,9,5,0,4,0,0,2,0,0,10
"4041","Female","Hispanic",2009,5,"Substance",2,2,2,0,2,0,0,0,0,0,2
"4042","Male","Hispanic",2009,5,"Substance",7,7,7,0,4,0,0,3,0,0,7
"4043","Unknown","Other",2009,5,"Substance",1,1,0,0,0,0,0,0,0,0,1
"4044","Female","White",2009,5,"Substance",1,0,1,0,0,0,0,0,0,0,1
"4045","Male","White",2009,5,"Substance",3,3,2,0,0,0,0,1,0,0,3
"4046","Male","Black",2010,5,"Substance",1,1,0,0,0,0,0,0,0,0,1
"4047","Female","Hispanic",2010,5,"Substance",1,1,1,0,1,0,0,1,0,0,1
"4048","Male","Hispanic",2010,5,"Substance",6,6,6,0,3,0,0,3,0,0,6
"4049","Male","White",2010,5,"Substance",5,5,3,0,1,0,0,1,0,0,5
"4050","Female","Black",2006,6,"Substance",2,2,2,0,2,0,0,2,0,0,2
"4051","Male","Black",2006,6,"Substance",7,7,5,0,3,0,0,5,0,0,7
"4052","Female","Hispanic",2006,6,"Substance",1,1,1,0,1,0,0,0,0,0,1
"4053","Male","Hispanic",2006,6,"Substance",8,8,8,0,6,0,0,4,0,0,8
"4054","Unknown","Hispanic",2006,6,"Substance",1,1,1,0,1,0,0,1,0,0,1
"4055","Female","White",2006,6,"Substance",1,1,0,0,1,0,0,1,0,0,1
"4056","Male","White",2006,6,"Substance",2,2,1,0,1,0,0,1,0,0,2
"4057","Male","Black",2007,6,"Substance",6,4,1,0,0,0,0,2,0,0,6
"4058","Male","Hispanic",2007,6,"Substance",3,3,2,0,0,0,0,0,0,0,3
"4059","Unknown","Other",2007,6,"Substance",1,1,1,0,0,0,0,0,0,0,1
"4060","Female","White",2007,6,"Substance",1,0,1,0,0,0,0,0,0,0,1
"4061","Male","White",2007,6,"Substance",5,2,3,0,3,0,0,1,0,0,5
"4062","Male","Black",2008,6,"Substance",2,2,2,0,1,0,0,1,0,0,2
"4063","Male","Hispanic",2008,6,"Substance",1,1,1,0,1,0,0,1,0,0,1
"4064","Male","White",2008,6,"Substance",3,3,3,0,2,0,0,1,0,0,3
"4065","Male","Black",2009,6,"Substance",6,5,4,0,1,0,0,3,0,0,6
"4066","Male","Hispanic",2009,6,"Substance",2,2,2,0,1,0,0,1,0,0,2
"4067","Male","White",2009,6,"Substance",4,4,3,0,1,0,0,1,0,0,4
"4068","Male","Asian",2010,6,"Substance",1,1,1,0,1,0,0,1,0,0,1
"4069","Male","Black",2010,6,"Substance",3,3,3,0,1,0,0,2,0,0,3
"4070","Male","Hispanic",2010,6,"Substance",4,3,2,0,1,0,0,1,0,0,4
"4071","Female","White",2010,6,"Substance",2,0,2,0,0,0,0,0,0,0,2
"4072","Male","White",2010,6,"Substance",6,4,3,0,1,0,0,4,0,0,6
"4073","Male","Black",2005,7,"Substance",1,1,0,0,0,0,0,0,0,0,1
"4074","Female","Hispanic",2005,7,"Substance",1,1,1,0,1,0,0,0,0,0,1
"4075","Male","Hispanic",2005,7,"Substance",2,2,2,0,0,0,0,2,0,0,2
"4076","Male","White",2005,7,"Substance",1,1,1,0,0,0,0,1,0,0,1
"4077","Male","Asian",2006,7,"Substance",2,2,1,0,2,0,0,1,0,0,2
"4078","Female","Black",2006,7,"Substance",2,1,2,0,1,0,0,0,0,0,2
"4079","Male","Black",2006,7,"Substance",18,14,15,0,6,0,0,6,0,0,18
"4080","Female","Hispanic",2006,7,"Substance",7,7,7,0,4,0,0,2,0,0,7
"4081","Male","Hispanic",2006,7,"Substance",42,36,37,0,18,0,0,17,0,0,42
"4082","Female","Other",2006,7,"Substance",1,1,1,0,0,0,0,0,0,0,1
"4083","Unknown","Other",2006,7,"Substance",1,1,1,0,0,0,0,0,0,0,1
"4084","Female","White",2006,7,"Substance",5,5,3,0,2,0,0,0,0,0,5
"4085","Male","White",2006,7,"Substance",45,25,36,0,31,0,0,12,0,0,45
"4086","Female","Asian",2007,7,"Substance",1,0,1,0,1,0,0,0,0,0,1
"4087","Male","Asian",2007,7,"Substance",4,2,1,0,2,0,0,2,0,0,4
"4088","Female","Black",2007,7,"Substance",3,3,1,0,0,0,0,1,0,0,3
"4089","Male","Black",2007,7,"Substance",34,25,26,0,18,0,0,10,0,0,34
"4090","Unknown","Black",2007,7,"Substance",1,0,1,0,1,0,0,1,0,0,1
"4091","Female","Hispanic",2007,7,"Substance",2,1,0,0,0,0,0,0,0,0,2
"4092","Male","Hispanic",2007,7,"Substance",69,55,53,0,27,0,1,30,0,0,69
"4093","Male","Native",2007,7,"Substance",1,1,1,0,0,0,0,0,0,0,1
"4094","Male","Other",2007,7,"Substance",7,6,6,0,1,0,0,1,0,0,7
"4095","Female","White",2007,7,"Substance",11,7,8,0,5,0,0,3,0,0,11
"4096","Male","White",2007,7,"Substance",44,30,28,0,21,0,0,14,0,0,44
"4097","Female","Asian",2008,7,"Substance",1,0,0,0,0,0,0,1,0,0,1
"4098","Male","Asian",2008,7,"Substance",11,7,5,0,0,0,0,4,0,0,11
"4099","Female","Black",2008,7,"Substance",3,2,0,0,1,0,0,1,0,0,3
"4100","Male","Black",2008,7,"Substance",26,22,22,0,10,0,0,10,0,0,26
"4101","Female","Hispanic",2008,7,"Substance",3,2,3,0,1,0,0,1,0,0,3
"4102","Male","Hispanic",2008,7,"Substance",29,21,17,0,9,0,0,10,0,0,29
"4103","Female","Other",2008,7,"Substance",1,1,1,0,0,0,0,0,0,0,1
"4104","Female","White",2008,7,"Substance",7,3,1,0,3,0,0,1,0,0,7
"4105","Male","White",2008,7,"Substance",30,8,7,0,5,0,0,5,0,0,30
"4106","Unknown","White",2008,7,"Substance",1,0,0,0,0,0,0,0,0,0,1
"4107","Female","Asian",2009,7,"Substance",2,1,2,0,1,0,0,1,0,0,2
"4108","Male","Asian",2009,7,"Substance",3,2,2,0,1,0,0,1,0,0,3
"4109","Female","Black",2009,7,"Substance",2,2,1,0,1,0,0,1,0,0,2
"4110","Male","Black",2009,7,"Substance",24,21,20,0,14,0,0,13,0,0,24
"4111","Female","Hispanic",2009,7,"Substance",5,4,4,0,2,0,0,2,0,0,5
"4112","Male","Hispanic",2009,7,"Substance",41,36,27,0,15,0,0,14,0,0,41
"4113","Unknown","Hispanic",2009,7,"Substance",1,1,1,0,1,0,0,0,0,0,1
"4114","Male","Native",2009,7,"Substance",1,1,0,0,0,0,0,1,0,0,1
"4115","Male","Other",2009,7,"Substance",2,2,1,0,0,0,0,1,0,0,2
"4116","Female","White",2009,7,"Substance",4,3,1,0,0,0,0,1,0,0,4
"4117","Male","White",2009,7,"Substance",28,11,8,0,5,0,0,5,0,0,28
"4118","Male","Asian",2010,7,"Substance",4,4,4,0,0,0,0,3,0,0,4
"4119","Female","Black",2010,7,"Substance",1,1,1,0,1,0,0,1,0,0,1
"4120","Male","Black",2010,7,"Substance",11,9,10,0,3,0,0,9,0,0,11
"4121","Unknown","Black",2010,7,"Substance",1,1,1,0,1,0,0,0,0,0,1
"4122","Male","Hispanic",2010,7,"Substance",28,19,19,0,10,0,0,11,0,0,28
"4123","Male","Other",2010,7,"Substance",2,2,2,0,1,0,0,1,0,0,2
"4124","Female","White",2010,7,"Substance",1,1,1,0,0,0,0,0,0,0,1
"4125","Male","White",2010,7,"Substance",13,2,3,0,2,0,0,3,0,0,13
"4126","Female","Black",2005,9,"Substance",1,1,1,0,0,0,0,0,0,0,1
"4127","Male","Black",2005,9,"Substance",3,2,2,0,0,0,0,0,0,0,3
"4128","Female","Hispanic",2005,9,"Substance",1,1,1,0,0,0,0,0,0,0,1
"4129","Male","Hispanic",2005,9,"Substance",1,1,1,0,0,0,0,0,0,0,1
"4130","Female","Black",2006,9,"Substance",1,1,1,0,1,0,0,0,0,0,1
"4131","Male","Black",2006,9,"Substance",25,18,19,0,8,0,0,9,0,0,25
"4132","Female","Hispanic",2006,9,"Substance",1,1,1,0,0,0,0,0,0,0,1
"4133","Male","Hispanic",2006,9,"Substance",20,14,15,0,4,0,0,6,0,0,20
"4134","Unknown","Other",2006,9,"Substance",1,1,1,0,0,0,0,0,0,0,1
"4135","Female","White",2006,9,"Substance",1,1,1,0,0,0,0,1,0,0,1
"4136","Male","White",2006,9,"Substance",13,12,6,0,7,0,0,3,0,0,13
"4137","Male","Asian",2007,9,"Substance",1,1,1,0,1,0,0,1,0,0,1
"4138","Male","Black",2007,9,"Substance",23,14,15,0,2,0,0,4,0,0,23
"4139","Female","Hispanic",2007,9,"Substance",2,0,0,0,0,0,0,0,0,0,2
"4140","Male","Hispanic",2007,9,"Substance",38,29,24,0,9,0,0,7,0,0,38
"4141","Male","Other",2007,9,"Substance",2,1,1,0,1,0,0,1,0,0,2
"4142","Female","White",2007,9,"Substance",1,0,0,0,0,0,0,0,0,0,1
"4143","Male","White",2007,9,"Substance",14,5,6,0,0,0,0,1,0,0,14
"4144","Male","Asian",2008,9,"Substance",2,2,1,0,0,0,0,1,0,0,2
"4145","Female","Black",2008,9,"Substance",3,2,1,0,0,0,0,0,0,0,3
"4146","Male","Black",2008,9,"Substance",19,17,14,0,9,0,0,5,0,0,19
"4147","Female","Hispanic",2008,9,"Substance",2,2,2,0,1,0,0,1,0,0,2
"4148","Male","Hispanic",2008,9,"Substance",30,17,17,0,6,0,0,4,0,0,30
"4149","Male","Other",2008,9,"Substance",1,0,0,0,0,0,0,0,0,0,1
"4150","Unknown","Other",2008,9,"Substance",3,3,1,0,0,0,0,1,0,0,3
"4151","Female","White",2008,9,"Substance",5,2,3,0,2,0,0,1,0,0,5
"4152","Male","White",2008,9,"Substance",33,23,18,0,14,0,0,8,0,0,33
"4153","Male","Asian",2009,9,"Substance",1,1,1,0,1,0,0,1,0,0,1
"4154","Female","Black",2009,9,"Substance",1,1,1,0,1,0,0,0,0,0,1
"4155","Male","Black",2009,9,"Substance",24,22,21,0,12,0,0,8,0,0,24
"4156","Female","Hispanic",2009,9,"Substance",1,1,1,0,0,0,0,0,0,0,1
"4157","Male","Hispanic",2009,9,"Substance",63,53,50,0,29,0,0,25,0,0,63
"4158","Male","Other",2009,9,"Substance",3,2,2,0,2,0,0,2,0,0,3
"4159","Unknown","Other",2009,9,"Substance",1,1,1,0,0,0,0,0,0,0,1
"4160","Female","White",2009,9,"Substance",1,0,1,0,1,0,0,1,0,0,1
"4161","Male","White",2009,9,"Substance",15,11,11,0,4,0,0,4,0,0,15
"4162","Male","Asian",2010,9,"Substance",3,3,3,0,2,0,0,2,0,0,3
"4163","Female","Black",2010,9,"Substance",1,1,1,0,1,0,0,1,0,0,1
"4164","Male","Black",2010,9,"Substance",16,11,10,0,3,0,0,4,0,0,16
"4165","Unknown","Black",2010,9,"Substance",2,2,2,0,0,0,0,0,0,0,2
"4166","Female","Hispanic",2010,9,"Substance",6,5,6,0,1,0,0,1,0,0,6
"4167","Male","Hispanic",2010,9,"Substance",27,19,15,0,5,0,0,8,0,0,27
"4168","Male","Other",2010,9,"Substance",1,1,1,0,0,0,0,1,0,0,1
"4169","Unknown","Other",2010,9,"Substance",3,3,3,0,1,0,0,1,0,0,3
"4170","Female","White",2010,9,"Substance",3,1,2,0,1,0,0,0,0,0,3
"4171","Male","White",2010,9,"Substance",35,22,15,0,9,0,0,4,0,0,35
"4172","Male","Black",2005,10,"Substance",2,2,1,0,2,0,0,1,0,0,2
"4173","Male","Hispanic",2005,10,"Substance",1,1,0,0,1,0,0,1,0,0,1
"4174","Male","White",2005,10,"Substance",1,0,0,0,0,0,0,0,0,0,1
"4175","Male","Black",2006,10,"Substance",14,13,13,0,7,0,0,6,0,0,14
"4176","Male","Hispanic",2006,10,"Substance",8,7,7,0,4,0,0,5,0,0,8
"4177","Female","White",2006,10,"Substance",2,1,1,0,0,0,0,0,0,0,2
"4178","Male","White",2006,10,"Substance",12,12,12,0,6,0,0,6,0,0,12
"4179","Male","Asian",2007,10,"Substance",2,2,2,0,0,0,0,1,0,0,2
"4180","Male","Black",2007,10,"Substance",21,20,15,0,14,0,0,15,0,0,21
"4181","Female","Hispanic",2007,10,"Substance",1,1,1,0,0,0,0,1,0,0,1
"4182","Male","Hispanic",2007,10,"Substance",13,13,11,0,4,0,0,3,0,0,13
"4183","Female","White",2007,10,"Substance",1,1,1,0,0,0,0,0,0,0,1
"4184","Male","White",2007,10,"Substance",13,8,10,0,4,0,0,4,0,0,13
"4185","Male","Asian",2008,10,"Substance",1,1,1,0,0,0,0,0,0,0,1
"4186","Female","Black",2008,10,"Substance",1,1,1,0,1,0,0,0,0,0,1
"4187","Male","Black",2008,10,"Substance",19,14,15,0,7,0,0,7,0,0,19
"4188","Male","Hispanic",2008,10,"Substance",19,14,13,0,4,0,0,7,0,0,19
"4189","Female","White",2008,10,"Substance",1,1,0,0,0,0,0,0,0,0,1
"4190","Male","White",2008,10,"Substance",11,10,8,0,6,0,1,7,0,0,11
"4191","Male","Asian",2009,10,"Substance",1,0,0,0,1,0,0,0,0,0,1
"4192","Female","Black",2009,10,"Substance",2,2,2,0,2,0,0,0,0,0,2
"4193","Male","Black",2009,10,"Substance",14,11,12,0,8,0,1,5,0,0,14
"4194","Male","Hispanic",2009,10,"Substance",5,4,4,0,1,0,0,3,0,0,5
"4195","Male","Native",2009,10,"Substance",1,1,0,0,1,0,0,0,0,0,1
"4196","Male","Other",2009,10,"Substance",2,2,2,0,0,0,0,2,0,0,2
"4197","Female","White",2009,10,"Substance",3,3,3,0,1,0,0,1,0,0,3
"4198","Male","White",2009,10,"Substance",7,7,7,0,1,0,0,4,0,0,7
"4199","Male","Asian",2010,10,"Substance",1,1,1,0,0,0,0,1,0,0,1
"4200","Male","Black",2010,10,"Substance",7,7,5,0,1,0,0,1,0,0,7
"4201","Male","Hispanic",2010,10,"Substance",5,4,5,0,0,0,0,0,0,0,5
"4202","Male","White",2010,10,"Substance",10,8,8,0,4,0,0,7,0,0,10
"4203","Male","Asian",2006,13,"Substance",1,0,0,0,0,0,0,0,0,0,1
"4204","Male","Black",2006,13,"Substance",11,8,8,0,4,0,1,3,0,0,11
"4205","Female","Hispanic",2006,13,"Substance",1,0,0,0,0,0,0,0,0,0,1
"4206","Male","Hispanic",2006,13,"Substance",12,8,8,0,4,0,0,1,0,0,12
"4207","Male","White",2006,13,"Substance",4,4,3,0,0,0,0,1,0,0,4
"4208","Male","Black",2007,13,"Substance",23,17,17,0,9,0,0,7,0,0,23
"4209","Male","Hispanic",2007,13,"Substance",6,4,4,0,5,0,0,2,0,0,6
"4210","Unknown","Hispanic",2007,13,"Substance",1,1,1,0,0,0,0,1,0,0,1
"4211","Male","Other",2007,13,"Substance",1,0,1,0,0,0,0,0,0,0,1
"4212","Male","White",2007,13,"Substance",5,5,3,0,2,0,0,2,0,0,5
"4213","Female","Black",2008,13,"Substance",1,1,1,0,0,0,0,0,0,0,1
"4214","Male","Black",2008,13,"Substance",10,8,9,0,4,0,0,6,0,0,10
"4215","Female","Hispanic",2008,13,"Substance",1,0,0,0,0,0,0,0,0,0,1
"4216","Male","Hispanic",2008,13,"Substance",8,8,6,0,3,0,0,4,0,0,8
"4217","Unknown","Hispanic",2008,13,"Substance",1,1,1,0,0,0,0,0,0,0,1
"4218","Male","Other",2008,13,"Substance",2,2,2,0,2,0,0,2,0,0,2
"4219","Female","White",2008,13,"Substance",3,3,3,0,1,0,0,2,0,0,3
"4220","Male","White",2008,13,"Substance",6,5,5,0,3,0,0,4,0,0,6
"4221","Male","Asian",2009,13,"Substance",1,1,1,0,0,0,0,0,0,0,1
"4222","Female","Black",2009,13,"Substance",1,0,0,0,0,0,0,0,0,0,1
"4223","Male","Black",2009,13,"Substance",9,9,8,0,5,0,0,5,0,0,9
"4224","Male","Hispanic",2009,13,"Substance",2,1,0,0,0,0,0,0,0,0,2
"4225","Female","White",2009,13,"Substance",1,1,1,0,1,0,0,1,0,0,1
"4226","Male","White",2009,13,"Substance",5,4,4,0,4,0,0,2,0,0,5
"4227","Male","Black",2010,13,"Substance",3,3,3,0,2,0,0,1,0,0,3
"4228","Male","Hispanic",2010,13,"Substance",3,3,2,0,0,0,0,0,0,0,3
"4229","Male","Other",2010,13,"Substance",2,0,2,0,0,0,0,1,0,0,2
"4230","Male","White",2010,13,"Substance",3,2,2,0,2,0,0,2,0,0,3
"4231","Male","Black",2006,14,"Substance",6,6,4,0,3,0,0,2,0,0,6
"4232","Male","Hispanic",2006,14,"Substance",2,2,2,0,0,0,0,1,0,0,2
"4233","Unknown","Other",2006,14,"Substance",1,1,0,0,0,0,0,1,0,0,1
"4234","Female","White",2006,14,"Substance",2,2,2,0,1,0,0,1,0,0,2
"4235","Male","White",2006,14,"Substance",4,4,2,0,1,0,0,2,0,0,4
"4236","Male","Black",2007,14,"Substance",13,11,11,0,5,0,0,6,0,0,13
"4237","Male","Hispanic",2007,14,"Substance",2,1,1,0,0,0,0,0,0,0,2
"4238","Male","White",2007,14,"Substance",5,3,3,0,1,0,0,2,0,0,5
"4239","Male","Black",2008,14,"Substance",3,3,3,0,1,0,0,1,0,0,3
"4240","Male","Hispanic",2008,14,"Substance",3,3,2,0,1,0,0,1,0,0,3
"4241","Male","Other",2008,14,"Substance",3,1,1,0,0,0,0,1,0,0,3
"4242","Unknown","Other",2008,14,"Substance",1,1,1,0,0,0,0,1,0,0,1
"4243","Male","White",2008,14,"Substance",4,4,4,0,3,0,0,2,0,0,4
"4244","Female","Black",2009,14,"Substance",1,0,0,0,0,0,0,0,0,0,1
"4245","Male","Black",2009,14,"Substance",19,12,13,0,9,0,0,5,0,0,19
"4246","Male","Hispanic",2009,14,"Substance",5,3,3,0,2,0,0,1,0,0,5
"4247","Male","Other",2009,14,"Substance",1,0,1,0,1,0,0,0,0,0,1
"4248","Unknown","Other",2009,14,"Substance",1,1,1,0,1,0,0,0,0,0,1
"4249","Male","White",2009,14,"Substance",5,5,3,0,2,0,0,1,0,0,5
"4250","Male","Black",2010,14,"Substance",7,7,4,0,1,0,0,0,0,0,7
"4251","Male","Hispanic",2010,14,"Substance",10,10,8,0,3,0,0,3,0,0,10
"4252","Unknown","Other",2010,14,"Substance",3,3,3,0,2,0,0,3,0,0,3
"4253","Male","White",2010,14,"Substance",5,4,2,0,1,0,0,1,0,0,5
"4254","Male","Black",2005,17,"Substance",1,0,0,0,0,0,0,0,0,0,1
"4255","Male","Black",2006,17,"Substance",7,7,6,0,1,0,0,0,0,0,7
"4256","Male","Hispanic",2006,17,"Substance",5,3,4,0,1,0,0,0,0,0,5
"4257","Unknown","Other",2006,17,"Substance",1,1,1,0,1,0,0,1,0,0,1
"4258","Male","White",2006,17,"Substance",8,7,4,0,1,0,0,1,0,0,8
"4259","Female","Black",2007,17,"Substance",1,1,1,0,1,0,0,1,0,0,1
"4260","Male","Black",2007,17,"Substance",2,0,0,0,0,0,0,1,0,0,2
"4261","Female","Hispanic",2007,17,"Substance",2,2,2,0,2,0,0,1,0,0,2
"4262","Male","Hispanic",2007,17,"Substance",5,5,4,0,5,0,0,3,0,0,5
"4263","Male","White",2007,17,"Substance",4,3,3,0,2,0,0,2,0,0,4
"4264","Male","Black",2008,17,"Substance",3,2,2,0,0,0,0,2,0,0,3
"4265","Male","Hispanic",2008,17,"Substance",1,1,1,0,0,0,0,0,0,0,1
"4266","Female","White",2008,17,"Substance",1,0,1,0,0,0,0,0,0,0,1
"4267","Male","Black",2009,17,"Substance",1,1,1,0,1,0,0,1,0,0,1
"4268","Male","Hispanic",2009,17,"Substance",1,1,1,0,1,0,0,1,0,0,1
"4269","Male","White",2009,17,"Substance",2,2,1,0,1,0,0,1,0,0,2
"4270","Female","Black",2010,17,"Substance",1,0,0,0,1,0,0,0,0,0,1
"4271","Male","Black",2010,17,"Substance",1,1,0,0,0,0,0,0,0,0,1
"4272","Male","Hispanic",2010,17,"Substance",1,0,0,0,1,0,0,0,0,0,1
"4273","Female","Asian",2006,18,"Substance",1,0,1,0,0,0,0,0,0,0,1
"4274","Female","Black",2006,18,"Substance",1,0,0,0,0,0,0,1,0,0,1
"4275","Male","Black",2006,18,"Substance",7,6,6,0,4,0,0,1,0,0,7
"4276","Male","Hispanic",2006,18,"Substance",12,8,8,0,3,0,0,3,0,0,12
"4277","Male","Other",2006,18,"Substance",1,1,1,0,0,0,0,0,0,0,1
"4278","Unknown","Other",2006,18,"Substance",1,1,1,0,0,0,0,1,0,0,1
"4279","Male","White",2006,18,"Substance",9,1,7,0,4,0,0,0,0,0,9
"4280","Unknown","White",2006,18,"Substance",1,0,0,0,0,0,0,0,0,0,1
"4281","Female","Black",2007,18,"Substance",4,4,4,0,0,0,0,0,0,0,4
"4282","Male","Black",2007,18,"Substance",18,13,12,0,7,0,0,5,0,0,18
"4283","Male","Hispanic",2007,18,"Substance",13,9,9,0,5,0,0,5,0,0,13
"4284","Female","White",2007,18,"Substance",1,0,0,0,0,0,0,0,0,0,1
"4285","Male","White",2007,18,"Substance",17,13,13,0,5,0,0,6,0,0,17
"4286","Male","Black",2008,18,"Substance",5,3,3,0,3,0,0,3,0,0,5
"4287","Female","Hispanic",2008,18,"Substance",3,2,2,0,1,0,0,1,0,0,3
"4288","Male","Hispanic",2008,18,"Substance",6,6,4,0,2,0,0,2,0,0,6
"4289","Male","Other",2008,18,"Substance",2,2,2,0,2,0,0,2,0,0,2
"4290","Male","White",2008,18,"Substance",5,5,5,0,1,0,0,1,0,0,5
"4291","Male","Black",2009,18,"Substance",3,3,2,0,3,1,0,3,0,0,3
"4292","Male","Hispanic",2009,18,"Substance",5,4,5,0,4,0,0,4,0,0,5
"4293","Male","White",2009,18,"Substance",1,1,1,0,0,0,0,0,0,0,1
"4294","Male","Black",2010,18,"Substance",1,1,1,0,1,0,0,0,0,0,1
"4295","Male","White",2010,18,"Substance",2,2,2,0,2,0,0,2,0,0,2
"4296","Male","Black",2006,19,"Substance",8,6,5,0,1,0,0,3,0,0,8
"4297","Male","Hispanic",2006,19,"Substance",3,3,3,0,0,0,0,0,0,0,3
"4298","Female","White",2006,19,"Substance",2,1,2,0,0,0,0,0,0,0,2
"4299","Male","White",2006,19,"Substance",8,7,7,0,2,0,0,1,0,0,8
"4300","Male","Asian",2007,19,"Substance",3,3,3,0,2,0,0,2,0,0,3
"4301","Female","Black",2007,19,"Substance",1,1,1,0,1,0,0,1,0,0,1
"4302","Male","Black",2007,19,"Substance",12,11,9,0,6,0,0,6,0,0,12
"4303","Male","Hispanic",2007,19,"Substance",17,14,13,0,9,0,0,5,0,0,17
"4304","Male","Other",2007,19,"Substance",2,2,2,0,2,0,0,2,0,0,2
"4305","Male","White",2007,19,"Substance",21,17,12,0,10,0,1,12,0,0,21
"4306","Unknown","White",2007,19,"Substance",1,1,1,0,0,0,0,0,0,0,1
"4307","Male","Asian",2008,19,"Substance",1,1,1,0,0,0,0,0,0,0,1
"4308","Male","Black",2008,19,"Substance",8,8,6,0,6,0,0,6,0,0,8
"4309","Female","Hispanic",2008,19,"Substance",1,1,1,0,1,0,0,1,0,0,1
"4310","Male","Hispanic",2008,19,"Substance",9,8,8,0,8,0,0,4,0,0,9
"4311","Female","White",2008,19,"Substance",1,1,1,0,0,0,0,0,0,0,1
"4312","Male","White",2008,19,"Substance",21,21,16,0,14,0,0,17,0,0,21
"4313","Male","Asian",2009,19,"Substance",1,1,1,0,0,0,0,0,0,0,1
"4314","Male","Black",2009,19,"Substance",5,5,4,0,2,0,0,2,0,0,5
"4315","Male","Hispanic",2009,19,"Substance",10,9,9,0,4,0,0,6,0,0,10
"4316","Male","White",2009,19,"Substance",11,9,8,0,7,0,0,6,0,0,11
"4317","Female","Hispanic",2010,19,"Substance",1,1,1,0,0,0,0,0,0,0,1
"4318","Male","Hispanic",2010,19,"Substance",1,1,1,0,1,0,0,1,0,0,1
"4319","Female","White",2010,19,"Substance",1,1,1,0,0,0,0,0,0,0,1
"4320","Male","White",2010,19,"Substance",1,1,1,0,1,0,0,1,0,0,1
"4321","Male","Black",2006,20,"Substance",7,5,6,0,4,0,0,3,0,0,7
"4322","Male","Hispanic",2006,20,"Substance",1,1,1,0,1,0,0,1,0,0,1
"4323","Unknown","Other",2006,20,"Substance",1,1,1,0,1,0,0,1,0,0,1
"4324","Male","White",2006,20,"Substance",3,2,3,0,2,0,0,1,0,0,3
"4325","Female","Black",2007,20,"Substance",2,2,2,0,2,0,0,2,0,0,2
"4326","Male","Black",2007,20,"Substance",12,11,9,0,3,0,0,4,0,0,12
"4327","Unknown","Black",2007,20,"Substance",1,0,0,0,0,0,0,0,0,0,1
"4328","Female","Hispanic",2007,20,"Substance",1,1,1,0,1,0,0,0,0,0,1
"4329","Male","Hispanic",2007,20,"Substance",10,7,6,0,6,0,0,6,0,0,10
"4330","Male","Other",2007,20,"Substance",3,3,3,0,2,0,0,0,0,0,3
"4331","Female","White",2007,20,"Substance",4,4,4,0,2,0,0,0,0,0,4
"4332","Male","White",2007,20,"Substance",18,15,14,0,6,0,0,4,0,0,18
"4333","Male","Black",2008,20,"Substance",6,5,6,0,5,0,0,5,0,0,6
"4334","Male","Hispanic",2008,20,"Substance",4,3,4,0,3,0,0,3,0,0,4
"4335","Male","Other",2008,20,"Substance",1,1,1,0,0,0,0,0,0,0,1
"4336","Female","White",2008,20,"Substance",3,1,3,0,2,0,0,0,0,0,3
"4337","Male","White",2008,20,"Substance",6,6,6,0,3,0,0,3,0,0,6
"4338","Male","Asian",2009,20,"Substance",1,1,1,0,1,0,0,0,0,0,1
"4339","Female","Black",2009,20,"Substance",2,2,2,0,2,0,0,2,0,0,2
"4340","Male","Black",2009,20,"Substance",20,17,14,0,11,0,0,8,0,0,20
"4341","Female","Hispanic",2009,20,"Substance",2,1,1,0,1,0,0,1,0,0,2
"4342","Male","Hispanic",2009,20,"Substance",7,6,4,0,4,0,0,3,0,0,7
"4343","Male","Other",2009,20,"Substance",2,2,2,0,2,0,0,1,0,0,2
"4344","Female","White",2009,20,"Substance",1,1,0,0,0,0,0,1,0,0,1
"4345","Male","White",2009,20,"Substance",39,34,29,0,20,0,0,18,0,0,39
"4346","Male","Asian",2010,20,"Substance",1,1,1,0,1,0,0,1,0,0,1
"4347","Female","Black",2010,20,"Substance",1,1,0,0,1,0,0,0,0,0,1
"4348","Male","Black",2010,20,"Substance",6,6,2,0,3,0,0,1,0,0,6
"4349","Male","Hispanic",2010,20,"Substance",4,3,3,0,1,0,0,1,0,0,4
"4350","Male","White",2010,20,"Substance",2,2,2,0,1,0,0,0,0,0,2
"4351","Male","Black",2006,22,"Substance",4,1,1,0,0,0,0,0,0,0,4
"4352","Male","Hispanic",2006,22,"Substance",1,1,0,0,0,0,0,0,0,0,1
"4353","Male","White",2006,22,"Substance",1,0,0,0,0,0,0,0,0,0,1
"4354","Male","Black",2007,22,"Substance",6,3,4,0,0,0,0,0,0,0,6
"4355","Male","Hispanic",2007,22,"Substance",6,5,3,0,1,0,0,0,0,0,6
"4356","Female","White",2007,22,"Substance",1,1,1,0,0,0,0,0,0,0,1
"4357","Male","Asian",2008,22,"Substance",1,0,0,0,0,0,0,0,0,0,1
"4358","Male","Black",2008,22,"Substance",8,5,2,0,2,0,0,3,0,0,8
"4359","Unknown","Black",2008,22,"Substance",1,0,0,0,1,0,0,0,0,0,1
"4360","Male","Hispanic",2008,22,"Substance",1,0,0,0,0,0,0,0,0,0,1
"4361","Female","White",2008,22,"Substance",2,0,0,0,0,0,0,1,0,0,2
"4362","Male","White",2008,22,"Substance",3,0,0,0,0,0,0,0,0,0,3
"4363","Female","Black",2009,22,"Substance",1,0,1,0,1,0,0,1,0,0,1
"4364","Male","Black",2009,22,"Substance",5,5,3,0,2,0,1,3,0,0,5
"4365","Male","Hispanic",2009,22,"Substance",1,1,1,0,0,0,0,0,0,0,1
"4366","Male","White",2009,22,"Substance",3,1,2,0,2,0,0,1,0,0,3
"4367","Female","Black",2010,22,"Substance",1,0,0,0,1,0,0,0,0,0,1
"4368","Male","Black",2010,22,"Substance",1,0,0,0,0,0,0,0,0,0,1
"4369","Male","Hispanic",2010,22,"Substance",2,1,1,0,0,0,0,0,0,0,2
"4370","Male","White",2010,22,"Substance",2,0,0,0,0,0,0,0,0,0,2
"4371","Male","Black",2005,23,"Substance",1,1,1,0,1,0,0,0,0,0,1
"4372","Male","Hispanic",2005,23,"Substance",2,2,2,0,1,0,0,0,0,0,2
"4373","Male","White",2005,23,"Substance",1,1,1,0,1,0,0,0,0,0,1
"4374","Female","Black",2006,23,"Substance",7,6,6,0,6,0,1,2,0,0,7
"4375","Male","Black",2006,23,"Substance",46,41,37,0,23,0,8,13,0,0,46
"4376","Female","Hispanic",2006,23,"Substance",4,4,4,0,1,0,0,1,0,0,4
"4377","Male","Hispanic",2006,23,"Substance",30,25,23,0,7,0,0,5,0,0,30
"4378","Unknown","Other",2006,23,"Substance",4,4,3,0,2,0,0,1,0,0,4
"4379","Male","White",2006,23,"Substance",1,1,1,0,0,0,0,0,0,0,1
"4380","Male","Asian",2007,23,"Substance",1,0,0,0,0,0,0,0,0,0,1
"4381","Female","Black",2007,23,"Substance",6,6,5,0,2,0,0,0,0,0,6
"4382","Male","Black",2007,23,"Substance",41,38,35,0,11,0,0,5,0,0,41
"4383","Female","Hispanic",2007,23,"Substance",2,2,2,0,1,0,0,0,0,0,2
"4384","Male","Hispanic",2007,23,"Substance",52,43,36,0,13,0,0,6,0,0,52
"4385","Female","Other",2007,23,"Substance",1,0,1,0,0,0,0,0,0,0,1
"4386","Male","Other",2007,23,"Substance",3,3,3,0,1,0,0,0,0,0,3
"4387","Unknown","Other",2007,23,"Substance",2,2,2,0,0,0,0,0,0,0,2
"4388","Male","White",2007,23,"Substance",6,5,4,0,0,0,0,2,0,0,6
"4389","Male","Asian",2008,23,"Substance",2,2,1,0,1,0,0,0,0,0,2
"4390","Female","Black",2008,23,"Substance",7,5,5,0,2,0,0,1,0,0,7
"4391","Male","Black",2008,23,"Substance",91,77,57,0,25,0,0,19,0,0,91
"4392","Female","Hispanic",2008,23,"Substance",7,4,3,0,1,0,0,1,0,0,7
"4393","Male","Hispanic",2008,23,"Substance",72,56,41,0,18,1,0,19,0,0,72
"4394","Unknown","Hispanic",2008,23,"Substance",1,1,1,0,0,0,0,0,0,0,1
"4395","Female","Other",2008,23,"Substance",1,1,0,0,0,0,0,0,0,0,1
"4396","Male","Other",2008,23,"Substance",3,1,2,0,2,0,0,2,0,0,3
"4397","Female","White",2008,23,"Substance",1,1,1,0,0,0,0,0,0,0,1
"4398","Male","White",2008,23,"Substance",10,9,8,0,5,0,0,3,0,0,10
"4399","Female","Asian",2009,23,"Substance",1,1,0,0,1,0,0,0,0,0,1
"4400","Male","Asian",2009,23,"Substance",5,5,2,0,1,0,0,0,0,0,5
"4401","Female","Black",2009,23,"Substance",7,6,1,0,0,0,0,0,0,0,7
"4402","Male","Black",2009,23,"Substance",191,147,86,0,32,0,2,21,0,0,191
"4403","Female","Hispanic",2009,23,"Substance",31,20,7,0,6,0,0,2,0,0,31
"4404","Male","Hispanic",2009,23,"Substance",159,128,69,1,28,1,0,22,0,0,159
"4405","Unknown","Hispanic",2009,23,"Substance",1,1,1,0,0,0,0,0,0,0,1
"4406","Female","Other",2009,23,"Substance",4,3,1,0,0,0,0,0,0,0,4
"4407","Male","Other",2009,23,"Substance",11,10,9,0,1,0,0,1,0,0,11
"4408","Unknown","Other",2009,23,"Substance",3,2,2,0,2,0,0,1,0,0,3
"4409","Female","White",2009,23,"Substance",6,2,0,0,0,0,0,0,0,0,6
"4410","Male","White",2009,23,"Substance",11,7,4,0,2,0,0,0,0,0,11
"4411","Female","Black",2010,23,"Substance",11,9,2,0,0,0,0,0,0,0,11
"4412","Male","Black",2010,23,"Substance",96,70,46,0,13,0,0,11,0,0,96
"4413","Female","Hispanic",2010,23,"Substance",17,11,4,0,2,0,0,0,0,0,17
"4414","Male","Hispanic",2010,23,"Substance",130,97,53,0,19,0,0,8,0,0,130
"4415","Unknown","Hispanic",2010,23,"Substance",3,2,2,0,1,0,0,2,0,0,3
"4416","Male","Native",2010,23,"Substance",4,4,2,0,0,0,0,0,0,0,4
"4417","Female","Other",2010,23,"Substance",1,0,1,0,0,0,0,0,0,0,1
"4418","Male","Other",2010,23,"Substance",8,7,5,0,0,0,0,0,0,0,8
"4419","Unknown","Other",2010,23,"Substance",1,1,1,0,0,0,0,0,0,0,1
"4420","Female","White",2010,23,"Substance",1,0,1,0,0,0,0,0,0,0,1
"4421","Male","White",2010,23,"Substance",6,5,1,0,0,0,0,0,0,0,6
"4422","Female","Black",2005,24,"Substance",1,1,0,0,1,0,0,1,0,0,1
"4423","Female","Black",2006,24,"Substance",2,2,1,0,0,0,0,0,0,0,2
"4424","Male","Black",2006,24,"Substance",14,8,11,0,4,0,0,0,0,0,14
"4425","Male","Hispanic",2006,24,"Substance",10,8,9,0,3,0,0,0,0,0,10
"4426","Female","Other",2006,24,"Substance",1,1,1,0,0,0,0,0,0,0,1
"4427","Male","Other",2006,24,"Substance",2,1,1,0,1,0,0,1,0,0,2
"4428","Male","White",2006,24,"Substance",5,5,5,0,3,0,0,0,0,0,5
"4429","Female","Asian",2007,24,"Substance",1,1,1,0,1,0,0,1,0,0,1
"4430","Female","Black",2007,24,"Substance",3,3,2,0,0,0,0,1,0,0,3
"4431","Male","Black",2007,24,"Substance",35,23,20,1,12,1,1,11,0,0,35
"4432","Female","Hispanic",2007,24,"Substance",3,2,2,0,1,0,0,1,0,0,3
"4433","Male","Hispanic",2007,24,"Substance",40,36,28,0,7,1,0,10,0,0,40
"4434","Female","Other",2007,24,"Substance",1,1,0,0,0,0,0,0,0,0,1
"4435","Male","Other",2007,24,"Substance",1,1,1,0,0,0,0,1,0,0,1
"4436","Unknown","Other",2007,24,"Substance",1,1,1,0,1,0,0,0,0,0,1
"4437","Female","White",2007,24,"Substance",1,1,1,0,1,0,0,1,0,0,1
"4438","Male","White",2007,24,"Substance",7,5,6,0,2,0,0,3,0,0,7
"4439","Female","Black",2008,24,"Substance",5,4,3,0,3,0,0,0,0,0,5
"4440","Male","Black",2008,24,"Substance",25,20,19,0,5,0,0,3,0,0,25
"4441","Female","Hispanic",2008,24,"Substance",2,2,2,0,0,0,0,0,0,0,2
"4442","Male","Hispanic",2008,24,"Substance",14,12,10,0,5,0,0,1,0,0,14
"4443","Unknown","Other",2008,24,"Substance",2,1,1,0,0,0,0,0,0,0,2
"4444","Male","White",2008,24,"Substance",3,3,1,0,1,0,0,0,0,0,3
"4445","Female","Black",2009,24,"Substance",2,2,2,0,0,0,0,0,0,0,2
"4446","Male","Black",2009,24,"Substance",20,19,17,0,5,0,0,6,0,0,20
"4447","Female","Hispanic",2009,24,"Substance",4,3,2,0,0,0,0,1,0,0,4
"4448","Male","Hispanic",2009,24,"Substance",17,11,14,0,5,0,0,5,0,0,17
"4449","Female","Other",2009,24,"Substance",1,1,1,0,0,0,0,0,0,0,1
"4450","Male","White",2009,24,"Substance",6,6,3,0,1,0,0,0,0,0,6
"4451","Female","Asian",2010,24,"Substance",1,1,1,0,1,0,0,1,0,0,1
"4452","Female","Black",2010,24,"Substance",3,2,1,0,1,0,0,1,0,0,3
"4453","Male","Black",2010,24,"Substance",20,14,15,0,5,0,0,3,0,0,20
"4454","Female","Hispanic",2010,24,"Substance",3,2,1,0,0,0,0,0,0,0,3
"4455","Male","Hispanic",2010,24,"Substance",15,13,12,0,4,0,0,3,0,0,15
"4456","Male","Other",2010,24,"Substance",1,0,0,0,0,0,0,0,0,0,1
"4457","Female","White",2010,24,"Substance",3,0,0,0,0,0,0,0,0,0,3
"4458","Male","White",2010,24,"Substance",4,4,3,0,0,0,0,2,0,0,4
"4459","Male","Hispanic",2005,25,"Substance",2,2,1,0,2,0,0,1,0,0,2
"4460","Female","Black",2006,25,"Substance",4,4,2,0,4,0,0,3,0,0,4
"4461","Male","Black",2006,25,"Substance",44,40,40,1,28,2,4,25,0,0,44
"4462","Female","Hispanic",2006,25,"Substance",2,2,2,0,1,0,0,1,0,0,2
"4463","Male","Hispanic",2006,25,"Substance",23,22,20,0,10,0,0,6,0,0,23
"4464","Unknown","Hispanic",2006,25,"Substance",2,2,2,0,2,0,0,1,0,0,2
"4465","Male","Other",2006,25,"Substance",1,1,1,0,1,0,0,1,0,0,1
"4466","Unknown","Other",2006,25,"Substance",2,2,1,0,1,0,0,0,0,0,2
"4467","Female","White",2006,25,"Substance",1,1,0,0,1,0,0,1,0,0,1
"4468","Male","White",2006,25,"Substance",3,3,3,0,2,0,0,1,0,0,3
"4469","Female","Black",2007,25,"Substance",8,7,4,0,2,0,0,1,0,0,8
"4470","Male","Black",2007,25,"Substance",82,66,66,0,24,0,0,18,0,0,82
"4471","Female","Hispanic",2007,25,"Substance",4,3,4,0,1,0,0,0,0,0,4
"4472","Male","Hispanic",2007,25,"Substance",39,32,30,0,14,0,0,12,0,0,39
"4473","Female","Other",2007,25,"Substance",1,1,1,0,1,0,0,1,0,0,1
"4474","Male","Other",2007,25,"Substance",1,0,0,0,1,0,0,0,0,0,1
"4475","Unknown","Other",2007,25,"Substance",2,2,2,0,0,0,1,1,0,0,2
"4476","Male","White",2007,25,"Substance",6,5,3,0,1,0,0,1,0,0,6
"4477","Male","Asian",2008,25,"Substance",2,1,1,0,0,0,0,1,0,0,2
"4478","Female","Black",2008,25,"Substance",11,10,10,0,4,0,0,3,0,0,11
"4479","Male","Black",2008,25,"Substance",134,106,97,0,43,1,0,51,0,0,134
"4480","Female","Hispanic",2008,25,"Substance",8,6,5,0,2,0,0,3,0,0,8
"4481","Male","Hispanic",2008,25,"Substance",49,33,31,0,14,1,0,15,0,0,49
"4482","Male","Other",2008,25,"Substance",8,7,5,0,3,0,0,1,0,0,8
"4483","Unknown","Other",2008,25,"Substance",2,1,1,0,0,0,0,0,0,0,2
"4484","Female","White",2008,25,"Substance",3,3,3,0,0,0,0,0,0,0,3
"4485","Male","White",2008,25,"Substance",2,2,2,0,1,0,0,1,0,0,2
"4486","Female","Black",2009,25,"Substance",6,3,5,0,2,0,0,1,0,0,6
"4487","Male","Black",2009,25,"Substance",134,118,122,0,55,0,2,40,0,0,134
"4488","Female","Hispanic",2009,25,"Substance",6,5,4,0,4,0,0,4,0,0,6
"4489","Male","Hispanic",2009,25,"Substance",38,33,29,0,14,0,0,13,0,0,38
"4490","Female","Other",2009,25,"Substance",1,0,0,0,0,0,0,0,0,0,1
"4491","Male","Other",2009,25,"Substance",1,1,0,0,0,0,0,0,0,0,1
"4492","Female","White",2009,25,"Substance",1,1,1,0,0,0,0,0,0,0,1
"4493","Male","White",2009,25,"Substance",7,6,7,0,3,0,0,1,0,0,7
"4494","Female","Black",2010,25,"Substance",17,14,10,0,11,0,0,2,0,0,17
"4495","Male","Black",2010,25,"Substance",137,98,112,0,43,0,0,26,0,0,137
"4496","Female","Hispanic",2010,25,"Substance",5,3,3,0,1,0,0,0,0,0,5
"4497","Male","Hispanic",2010,25,"Substance",45,31,38,0,13,0,0,8,0,0,45
"4498","Male","Native",2010,25,"Substance",2,2,2,0,0,0,0,0,0,0,2
"4499","Female","Other",2010,25,"Substance",1,1,0,0,0,0,0,0,0,0,1
"4500","Male","Other",2010,25,"Substance",1,1,0,0,0,0,0,0,0,0,1
"4501","Unknown","Other",2010,25,"Substance",3,0,0,0,0,0,0,0,0,0,3
"4502","Female","White",2010,25,"Substance",1,1,1,0,1,0,0,1,0,0,1
"4503","Male","White",2010,25,"Substance",7,5,6,0,1,0,0,1,0,0,7
"4504","Female","Black",2006,26,"Substance",2,2,2,0,0,0,0,0,0,0,2
"4505","Male","Black",2006,26,"Substance",7,6,7,0,2,0,0,1,0,0,7
"4506","Male","Hispanic",2006,26,"Substance",6,6,6,0,2,0,0,1,0,0,6
"4507","Male","Native",2006,26,"Substance",1,1,1,0,0,0,0,0,0,0,1
"4508","Male","White",2006,26,"Substance",1,1,1,0,0,0,0,0,0,0,1
"4509","Female","Black",2007,26,"Substance",4,3,4,0,2,0,0,1,0,0,4
"4510","Male","Black",2007,26,"Substance",22,14,13,0,7,0,0,3,0,0,22
"4511","Female","Hispanic",2007,26,"Substance",1,0,0,0,0,0,0,0,0,0,1
"4512","Male","Hispanic",2007,26,"Substance",6,4,3,0,0,0,0,1,0,0,6
"4513","Male","Other",2007,26,"Substance",1,1,0,0,0,0,0,0,0,0,1
"4514","Male","White",2007,26,"Substance",1,1,1,0,0,0,0,0,0,0,1
"4515","Male","Asian",2008,26,"Substance",1,1,1,0,0,0,0,0,0,0,1
"4516","Female","Black",2008,26,"Substance",1,1,1,0,0,0,0,0,0,0,1
"4517","Male","Black",2008,26,"Substance",6,4,6,0,0,0,0,1,0,0,6
"4518","Male","Hispanic",2008,26,"Substance",10,10,10,0,5,0,0,4,0,0,10
"4519","Female","Other",2008,26,"Substance",1,1,1,0,0,0,0,0,0,0,1
"4520","Male","Other",2008,26,"Substance",1,1,1,0,0,0,0,0,0,0,1
"4521","Unknown","Other",2008,26,"Substance",1,1,0,0,0,0,0,0,0,0,1
"4522","Female","Black",2009,26,"Substance",2,1,1,0,0,0,0,0,0,0,2
"4523","Male","Black",2009,26,"Substance",40,34,32,0,7,0,0,3,0,0,40
"4524","Male","Hispanic",2009,26,"Substance",7,6,6,0,2,0,0,2,0,0,7
"4525","Unknown","Other",2009,26,"Substance",1,1,0,0,0,0,0,0,0,0,1
"4526","Male","White",2009,26,"Substance",1,1,1,0,0,0,0,0,0,0,1
"4527","Female","Black",2010,26,"Substance",5,3,3,0,3,0,0,0,0,0,5
"4528","Male","Black",2010,26,"Substance",18,13,13,0,7,0,0,5,0,0,18
"4529","Female","Hispanic",2010,26,"Substance",1,0,1,0,0,0,0,0,0,0,1
"4530","Male","Hispanic",2010,26,"Substance",7,3,4,0,1,0,0,1,0,0,7
"4531","Female","Black",2005,28,"Substance",1,1,1,0,1,0,0,0,0,0,1
"4532","Male","Black",2005,28,"Substance",1,1,0,0,0,0,0,0,0,0,1
"4533","Female","Black",2006,28,"Substance",2,2,2,0,2,0,0,2,0,0,2
"4534","Male","Black",2006,28,"Substance",37,33,28,0,22,0,2,17,0,0,37
"4535","Female","Hispanic",2006,28,"Substance",3,2,2,0,0,0,0,0,0,0,3
"4536","Male","Hispanic",2006,28,"Substance",8,6,6,0,4,0,0,2,0,0,8
"4537","Unknown","Other",2006,28,"Substance",4,4,4,0,3,0,0,1,0,0,4
"4538","Female","White",2006,28,"Substance",2,1,2,0,1,0,0,1,0,0,2
"4539","Male","White",2006,28,"Substance",4,4,4,0,2,0,0,2,0,0,4
"4540","Female","Black",2007,28,"Substance",2,1,1,0,0,0,0,0,0,0,2
"4541","Male","Black",2007,28,"Substance",54,38,38,1,16,0,0,17,0,0,54
"4542","Male","Hispanic",2007,28,"Substance",10,7,10,0,4,0,0,6,0,0,10
"4543","Male","Other",2007,28,"Substance",1,1,1,0,1,0,0,1,0,0,1
"4544","Unknown","Other",2007,28,"Substance",1,0,0,0,0,0,0,0,0,0,1
"4545","Male","White",2007,28,"Substance",5,5,3,0,2,0,0,2,0,0,5
"4546","Female","Black",2008,28,"Substance",8,5,5,0,4,0,0,0,0,0,8
"4547","Male","Black",2008,28,"Substance",103,81,78,0,42,0,1,44,0,0,103
"4548","Female","Hispanic",2008,28,"Substance",3,1,1,0,0,0,0,2,0,0,3
"4549","Male","Hispanic",2008,28,"Substance",10,9,9,0,0,0,0,1,0,0,10
"4550","Male","White",2008,28,"Substance",2,0,2,0,0,0,0,0,0,0,2
"4551","Female","Black",2009,28,"Substance",3,1,3,0,1,0,0,1,0,0,3
"4552","Male","Black",2009,28,"Substance",101,85,84,0,37,1,1,41,0,0,101
"4553","Female","Hispanic",2009,28,"Substance",1,0,0,0,1,0,0,0,0,0,1
"4554","Male","Hispanic",2009,28,"Substance",13,10,13,0,3,0,0,2,0,0,13
"4555","Male","Other",2009,28,"Substance",1,1,1,0,0,0,0,0,0,0,1
"4556","Male","White",2009,28,"Substance",5,4,4,0,1,0,0,1,0,0,5
"4557","Male","Asian",2010,28,"Substance",1,1,1,0,0,0,0,0,0,0,1
"4558","Female","Black",2010,28,"Substance",10,6,7,0,1,0,0,4,0,0,10
"4559","Male","Black",2010,28,"Substance",72,63,48,0,30,0,1,44,0,0,72
"4560","Unknown","Black",2010,28,"Substance",1,1,1,0,1,0,0,1,0,0,1
"4561","Male","Hispanic",2010,28,"Substance",7,7,6,0,3,0,0,4,0,0,7
"4562","Unknown","Other",2010,28,"Substance",1,1,1,0,1,0,0,1,0,0,1
"4563","Male","White",2010,28,"Substance",3,3,3,0,2,0,0,0,0,0,3
"4564","Female","Black",2006,30,"Substance",2,2,0,0,0,0,0,2,0,0,2
"4565","Male","Black",2006,30,"Substance",13,12,5,0,4,0,0,6,0,0,13
"4566","Male","Hispanic",2006,30,"Substance",15,15,4,0,7,0,0,8,0,0,15
"4567","Female","Other",2006,30,"Substance",1,1,0,0,1,0,0,0,0,0,1
"4568","Male","Other",2006,30,"Substance",1,0,0,0,0,0,0,0,0,0,1
"4569","Unknown","Other",2006,30,"Substance",1,1,1,0,1,0,0,0,0,0,1
"4570","Male","White",2006,30,"Substance",2,2,2,0,2,0,0,0,0,0,2
"4571","Female","Black",2007,30,"Substance",5,5,4,0,4,0,0,3,0,0,5
"4572","Male","Black",2007,30,"Substance",70,60,38,0,27,0,0,26,0,0,70
"4573","Unknown","Black",2007,30,"Substance",2,2,2,0,0,0,0,1,0,0,2
"4574","Female","Hispanic",2007,30,"Substance",1,1,0,1,1,0,0,1,0,0,1
"4575","Male","Hispanic",2007,30,"Substance",62,58,29,0,25,0,0,17,0,0,62
"4576","Unknown","Hispanic",2007,30,"Substance",1,0,0,0,0,0,0,0,0,0,1
"4577","Female","Other",2007,30,"Substance",1,1,1,0,1,0,0,1,0,0,1
"4578","Male","Other",2007,30,"Substance",5,3,1,0,2,0,0,0,0,0,5
"4579","Unknown","Other",2007,30,"Substance",12,10,8,0,5,0,0,4,0,0,12
"4580","Male","White",2007,30,"Substance",6,6,3,0,4,0,0,2,0,0,6
"4581","Male","Asian",2008,30,"Substance",1,1,1,0,0,0,0,0,0,0,1
"4582","Female","Black",2008,30,"Substance",4,3,1,0,1,0,1,2,0,0,4
"4583","Male","Black",2008,30,"Substance",42,33,22,0,8,0,0,18,0,0,42
"4584","Female","Hispanic",2008,30,"Substance",1,1,1,0,0,0,0,0,0,0,1
"4585","Male","Hispanic",2008,30,"Substance",30,23,16,0,7,0,0,10,0,0,30
"4586","Male","Other",2008,30,"Substance",3,2,2,0,0,0,0,1,0,0,3
"4587","Unknown","Other",2008,30,"Substance",1,1,1,0,0,0,0,1,0,0,1
"4588","Female","Black",2009,30,"Substance",10,7,6,0,0,0,0,1,0,0,10
"4589","Male","Black",2009,30,"Substance",101,79,55,3,28,2,0,18,0,0,101
"4590","Unknown","Black",2009,30,"Substance",1,1,1,0,0,0,0,0,0,0,1
"4591","Female","Hispanic",2009,30,"Substance",3,0,1,0,1,0,0,1,0,0,3
"4592","Male","Hispanic",2009,30,"Substance",51,45,35,0,19,0,0,14,0,0,51
"4593","Male","Native",2009,30,"Substance",1,1,1,0,1,0,0,1,0,0,1
"4594","Female","Other",2009,30,"Substance",1,1,0,0,0,0,0,0,0,0,1
"4595","Male","Other",2009,30,"Substance",1,1,1,0,0,0,0,0,0,0,1
"4596","Unknown","Other",2009,30,"Substance",2,1,2,0,1,0,0,1,0,0,2
"4597","Male","White",2009,30,"Substance",6,6,5,0,1,0,0,1,0,0,6
"4598","Female","Black",2010,30,"Substance",2,2,0,0,0,0,0,0,0,0,2
"4599","Male","Black",2010,30,"Substance",25,18,19,0,9,0,0,5,0,0,25
"4600","Female","Hispanic",2010,30,"Substance",1,1,1,0,1,0,0,0,0,0,1
"4601","Male","Hispanic",2010,30,"Substance",15,14,7,0,7,0,0,4,0,0,15
"4602","Male","Other",2010,30,"Substance",2,1,1,0,1,0,0,0,0,0,2
"4603","Female","Black",2006,32,"Substance",7,5,6,0,3,0,0,1,0,0,7
"4604","Male","Black",2006,32,"Substance",54,43,48,0,12,0,0,8,0,0,54
"4605","Unknown","Black",2006,32,"Substance",1,1,1,0,0,0,0,0,0,0,1
"4606","Male","Hispanic",2006,32,"Substance",10,9,10,0,5,0,0,1,0,0,10
"4607","Female","Black",2007,32,"Substance",7,6,6,0,3,0,0,1,0,0,7
"4608","Male","Black",2007,32,"Substance",90,79,76,0,30,0,0,20,0,0,90
"4609","Male","Hispanic",2007,32,"Substance",6,6,6,0,2,0,0,3,0,0,6
"4610","Male","White",2007,32,"Substance",1,1,1,0,0,0,0,1,0,0,1
"4611","Female","Black",2008,32,"Substance",21,18,14,0,6,0,0,13,0,0,21
"4612","Male","Black",2008,32,"Substance",161,143,131,1,63,1,1,69,0,0,161
"4613","Female","Hispanic",2008,32,"Substance",2,2,1,0,1,0,0,1,0,0,2
"4614","Male","Hispanic",2008,32,"Substance",19,16,14,0,7,0,0,7,0,0,19
"4615","Male","Native",2008,32,"Substance",1,1,1,0,0,0,0,0,0,0,1
"4616","Male","Other",2008,32,"Substance",1,0,1,0,1,0,0,0,0,0,1
"4617","Female","White",2008,32,"Substance",1,1,1,0,0,0,0,0,0,0,1
"4618","Male","Asian",2009,32,"Substance",2,0,2,0,2,0,0,2,0,0,2
"4619","Female","Black",2009,32,"Substance",15,12,8,0,3,0,0,2,0,0,15
"4620","Male","Black",2009,32,"Substance",84,71,67,0,29,1,0,32,0,0,84
"4621","Unknown","Black",2009,32,"Substance",1,1,1,0,0,0,0,0,0,0,1
"4622","Female","Hispanic",2009,32,"Substance",1,1,0,0,0,0,0,0,0,0,1
"4623","Male","Hispanic",2009,32,"Substance",15,12,13,0,7,0,0,4,0,0,15
"4624","Male","White",2009,32,"Substance",5,5,4,0,4,0,0,4,0,0,5
"4625","Female","Black",2010,32,"Substance",10,8,5,0,6,0,0,6,0,0,10
"4626","Male","Black",2010,32,"Substance",94,86,63,0,51,0,0,57,0,0,94
"4627","Female","Hispanic",2010,32,"Substance",2,2,1,0,1,0,0,1,0,0,2
"4628","Male","Hispanic",2010,32,"Substance",12,10,10,0,9,0,0,9,0,0,12
"4629","Male","Other",2010,32,"Substance",1,0,0,0,1,0,0,1,0,0,1
"4630","Male","White",2010,32,"Substance",2,1,1,0,1,0,0,1,0,0,2
"4631","Male","Black",2006,33,"Substance",6,6,3,0,2,0,0,4,0,0,6
"4632","Male","Hispanic",2006,33,"Substance",6,5,6,0,1,0,0,6,0,0,6
"4633","Unknown","Hispanic",2006,33,"Substance",1,0,1,0,0,0,0,1,0,0,1
"4634","Male","White",2006,33,"Substance",1,1,1,0,1,0,0,1,0,0,1
"4635","Male","Asian",2007,33,"Substance",1,0,1,0,1,0,0,0,0,0,1
"4636","Male","Black",2007,33,"Substance",20,12,14,0,10,0,0,5,0,0,20
"4637","Female","Hispanic",2007,33,"Substance",3,2,2,0,2,0,0,2,0,0,3
"4638","Male","Hispanic",2007,33,"Substance",48,30,37,0,32,0,0,17,0,0,48
"4639","Unknown","Hispanic",2007,33,"Substance",1,1,0,0,0,0,0,1,0,0,1
"4640","Male","Native",2007,33,"Substance",1,1,1,0,0,0,0,0,0,0,1
"4641","Male","Other",2007,33,"Substance",1,1,1,0,1,0,0,0,0,0,1
"4642","Unknown","Other",2007,33,"Substance",1,1,1,0,0,0,0,0,0,0,1
"4643","Male","White",2007,33,"Substance",7,7,7,0,5,0,0,5,0,0,7
"4644","Male","Asian",2008,33,"Substance",1,1,0,0,0,0,0,0,0,0,1
"4645","Female","Black",2008,33,"Substance",1,1,1,0,0,0,0,0,0,0,1
"4646","Male","Black",2008,33,"Substance",36,23,31,0,11,0,0,9,0,0,36
"4647","Female","Hispanic",2008,33,"Substance",2,1,2,0,0,0,0,0,0,0,2
"4648","Male","Hispanic",2008,33,"Substance",98,63,86,0,35,0,0,38,0,0,98
"4649","Male","Native",2008,33,"Substance",1,0,1,0,1,0,0,1,0,0,1
"4650","Male","Other",2008,33,"Substance",2,2,2,0,1,0,0,1,0,0,2
"4651","Male","White",2008,33,"Substance",3,1,3,0,1,0,0,1,0,0,3
"4652","Male","Asian",2009,33,"Substance",1,1,1,0,1,0,0,1,0,0,1
"4653","Female","Black",2009,33,"Substance",4,4,2,0,1,0,0,1,0,0,4
"4654","Male","Black",2009,33,"Substance",37,28,27,0,8,0,0,7,0,0,37
"4655","Female","Hispanic",2009,33,"Substance",2,2,2,0,1,0,0,2,0,0,2
"4656","Male","Hispanic",2009,33,"Substance",79,57,55,0,27,0,0,27,0,0,79
"4657","Male","Native",2009,33,"Substance",1,1,1,0,0,0,0,1,0,0,1
"4658","Male","Other",2009,33,"Substance",4,4,3,0,1,0,0,2,0,0,4
"4659","Male","White",2009,33,"Substance",5,3,3,0,2,0,0,1,0,0,5
"4660","Male","Black",2010,33,"Substance",9,9,8,0,6,0,0,5,0,0,9
"4661","Male","Hispanic",2010,33,"Substance",18,15,12,0,7,0,0,5,0,0,18
"4662","Male","White",2010,33,"Substance",2,2,1,0,0,0,0,0,0,0,2
"4663","Male","Black",2006,34,"Substance",2,2,1,0,0,0,0,0,0,0,2
"4664","Male","Hispanic",2006,34,"Substance",9,8,5,0,3,0,0,3,0,0,9
"4665","Male","White",2006,34,"Substance",1,1,1,0,0,0,0,1,0,0,1
"4666","Female","Black",2007,34,"Substance",1,0,1,0,0,0,0,0,0,0,1
"4667","Male","Black",2007,34,"Substance",10,6,8,0,3,0,0,4,0,0,10
"4668","Female","Hispanic",2007,34,"Substance",3,2,2,0,1,0,0,1,0,0,3
"4669","Male","Hispanic",2007,34,"Substance",46,37,27,0,17,0,0,12,0,0,46
"4670","Male","Other",2007,34,"Substance",1,0,0,0,0,0,0,0,0,0,1
"4671","Female","White",2007,34,"Substance",1,1,0,0,0,0,0,0,0,0,1
"4672","Male","White",2007,34,"Substance",1,1,1,0,0,0,0,0,0,0,1
"4673","Male","Asian",2008,34,"Substance",1,1,1,0,1,0,0,0,0,0,1
"4674","Female","Black",2008,34,"Substance",1,1,1,0,0,0,0,0,0,0,1
"4675","Male","Black",2008,34,"Substance",17,12,14,0,4,0,0,1,0,0,17
"4676","Female","Hispanic",2008,34,"Substance",2,2,2,0,0,0,0,1,0,0,2
"4677","Male","Hispanic",2008,34,"Substance",77,55,57,0,25,0,0,28,0,0,77
"4678","Unknown","Hispanic",2008,34,"Substance",1,1,0,0,0,0,0,0,0,0,1
"4679","Male","Other",2008,34,"Substance",2,2,1,0,0,0,0,0,0,0,2
"4680","Unknown","Other",2008,34,"Substance",1,1,0,0,0,0,0,0,0,0,1
"4681","Female","White",2008,34,"Substance",1,1,1,0,0,0,0,0,0,0,1
"4682","Male","White",2008,34,"Substance",6,5,5,0,0,0,0,0,0,0,6
"4683","Female","Black",2009,34,"Substance",3,1,1,0,0,0,0,0,0,0,3
"4684","Male","Black",2009,34,"Substance",14,14,9,0,6,0,0,10,0,0,14
"4685","Female","Hispanic",2009,34,"Substance",3,2,2,0,3,0,0,2,0,0,3
"4686","Male","Hispanic",2009,34,"Substance",76,63,57,0,33,0,1,34,0,0,76
"4687","Male","Other",2009,34,"Substance",2,1,1,0,0,0,0,0,0,0,2
"4688","Male","White",2009,34,"Substance",1,1,1,0,0,0,0,0,0,0,1
"4689","Female","Black",2010,34,"Substance",2,1,2,0,1,0,0,1,0,0,2
"4690","Male","Black",2010,34,"Substance",7,6,4,0,3,0,0,3,0,0,7
"4691","Male","Hispanic",2010,34,"Substance",40,37,31,0,9,0,0,16,0,0,40
"4692","Male","Native",2010,34,"Substance",1,0,1,0,0,0,0,0,0,0,1
"4693","Male","Other",2010,34,"Substance",1,0,1,0,1,0,0,0,0,0,1
"4694","Female","White",2010,34,"Substance",1,1,1,0,0,0,0,0,0,0,1
"4695","Female","Black",2005,40,"Substance",1,1,1,0,0,0,0,0,0,0,1
"4696","Male","Black",2005,40,"Substance",2,2,2,0,0,0,0,0,0,0,2
"4697","Male","Hispanic",2005,40,"Substance",1,1,1,0,0,0,0,0,0,0,1
"4698","Female","Black",2006,40,"Substance",6,5,4,0,2,0,0,2,0,0,6
"4699","Male","Black",2006,40,"Substance",39,35,30,0,13,0,0,10,0,0,39
"4700","Female","Hispanic",2006,40,"Substance",10,8,8,0,3,0,0,2,0,0,10
"4701","Male","Hispanic",2006,40,"Substance",75,69,60,0,26,0,0,19,0,0,75
"4702","Unknown","Hispanic",2006,40,"Substance",1,1,1,0,1,0,0,1,0,0,1
"4703","Male","Other",2006,40,"Substance",3,2,2,0,1,0,0,0,0,0,3
"4704","Unknown","Other",2006,40,"Substance",2,1,1,0,0,0,0,0,0,0,2
"4705","Male","White",2006,40,"Substance",4,3,4,0,3,0,0,0,0,0,4
"4706","Female","Black",2007,40,"Substance",7,5,5,0,2,0,0,0,0,0,7
"4707","Male","Black",2007,40,"Substance",39,34,32,0,17,0,0,10,0,0,39
"4708","Female","Hispanic",2007,40,"Substance",8,7,6,0,2,0,0,0,0,0,8
"4709","Male","Hispanic",2007,40,"Substance",52,47,44,0,22,0,0,10,0,0,52
"4710","Female","Other",2007,40,"Substance",1,0,0,0,0,0,0,0,0,0,1
"4711","Male","White",2007,40,"Substance",2,2,2,0,1,0,0,0,0,0,2
"4712","Male","Asian",2008,40,"Substance",1,1,0,0,0,0,0,0,0,0,1
"4713","Female","Black",2008,40,"Substance",8,6,6,0,4,0,0,1,0,0,8
"4714","Male","Black",2008,40,"Substance",35,29,21,0,14,1,2,10,0,0,35
"4715","Female","Hispanic",2008,40,"Substance",9,5,7,0,8,0,0,2,0,0,9
"4716","Male","Hispanic",2008,40,"Substance",59,47,47,0,31,0,0,18,0,0,59
"4717","Male","Other",2008,40,"Substance",1,1,0,0,0,0,0,0,0,0,1
"4718","Female","White",2008,40,"Substance",1,1,1,0,1,0,0,0,0,0,1
"4719","Male","White",2008,40,"Substance",4,4,3,0,2,0,0,2,0,0,4
"4720","Male","Asian",2009,40,"Substance",1,1,1,0,1,0,0,1,0,0,1
"4721","Female","Black",2009,40,"Substance",1,1,1,0,1,0,0,0,0,0,1
"4722","Male","Black",2009,40,"Substance",23,20,17,0,9,0,0,9,0,0,23
"4723","Female","Hispanic",2009,40,"Substance",2,1,1,0,1,0,0,0,0,0,2
"4724","Male","Hispanic",2009,40,"Substance",42,37,24,0,19,0,0,17,0,0,42
"4725","Female","White",2009,40,"Substance",1,0,0,0,1,0,0,1,0,0,1
"4726","Male","White",2009,40,"Substance",2,2,2,0,2,0,0,1,0,0,2
"4727","Female","Black",2010,40,"Substance",2,0,1,0,0,0,0,0,0,0,2
"4728","Male","Black",2010,40,"Substance",33,22,17,0,7,0,0,7,0,0,33
"4729","Female","Hispanic",2010,40,"Substance",1,0,0,0,0,0,0,0,0,0,1
"4730","Male","Hispanic",2010,40,"Substance",36,26,26,1,19,1,0,13,0,0,36
"4731","Female","Other",2010,40,"Substance",1,0,0,0,0,0,0,0,0,0,1
"4732","Male","Other",2010,40,"Substance",1,1,0,0,0,0,0,0,0,0,1
"4733","Female","White",2010,40,"Substance",1,1,1,0,0,0,0,1,0,0,1
"4734","Male","Black",2006,41,"Substance",3,3,2,0,1,0,0,2,0,0,3
"4735","Male","Hispanic",2006,41,"Substance",3,3,0,0,2,0,0,2,0,0,3
"4736","Male","Black",2007,41,"Substance",11,8,4,0,3,0,0,3,0,0,11
"4737","Female","Hispanic",2007,41,"Substance",1,1,0,0,0,0,0,0,0,0,1
"4738","Male","Hispanic",2007,41,"Substance",17,13,14,0,10,0,0,11,0,0,17
"4739","Unknown","Other",2007,41,"Substance",1,1,0,0,1,0,0,0,0,0,1
"4740","Female","Black",2008,41,"Substance",1,0,1,0,0,0,0,0,0,0,1
"4741","Male","Black",2008,41,"Substance",31,24,19,0,15,0,0,14,0,0,31
"4742","Female","Hispanic",2008,41,"Substance",3,3,0,0,1,0,0,2,0,0,3
"4743","Male","Hispanic",2008,41,"Substance",38,28,27,0,23,0,0,16,0,0,38
"4744","Unknown","Hispanic",2008,41,"Substance",1,1,0,0,0,0,0,1,0,0,1
"4745","Female","Other",2008,41,"Substance",2,2,0,0,0,0,0,1,0,0,2
"4746","Unknown","Other",2008,41,"Substance",2,2,1,0,2,0,0,0,0,0,2
"4747","Male","White",2008,41,"Substance",1,1,1,0,1,0,0,0,0,0,1
"4748","Female","Black",2009,41,"Substance",7,5,3,0,2,0,0,4,0,0,7
"4749","Male","Black",2009,41,"Substance",14,13,8,0,4,0,0,7,0,0,14
"4750","Female","Hispanic",2009,41,"Substance",6,4,1,0,3,0,0,5,0,0,6
"4751","Male","Hispanic",2009,41,"Substance",35,30,22,0,14,0,1,21,0,0,35
"4752","Unknown","Hispanic",2009,41,"Substance",1,1,0,0,0,0,0,1,0,0,1
"4753","Male","Other",2009,41,"Substance",4,4,0,0,0,0,0,4,0,0,4
"4754","Unknown","Other",2009,41,"Substance",1,1,0,0,0,0,0,1,0,0,1
"4755","Female","Black",2010,41,"Substance",2,2,0,0,0,0,0,2,0,0,2
"4756","Male","Black",2010,41,"Substance",4,4,1,0,0,0,0,1,0,0,4
"4757","Female","Hispanic",2010,41,"Substance",4,2,0,0,0,0,0,4,0,0,4
"4758","Male","Hispanic",2010,41,"Substance",21,19,9,0,2,0,0,12,0,0,21
"4759","Unknown","Hispanic",2010,41,"Substance",1,1,0,0,0,0,0,1,0,0,1
"4760","Male","Other",2010,41,"Substance",1,0,0,0,0,0,0,1,0,0,1
"4761","Unknown","Other",2010,41,"Substance",1,1,0,0,0,0,0,1,0,0,1
"4762","Male","White",2010,41,"Substance",1,1,0,0,0,0,0,0,0,0,1
"4763","Male","Black",2005,42,"Substance",1,0,1,0,0,0,0,0,0,0,1
"4764","Male","Hispanic",2005,42,"Substance",2,2,2,0,0,0,0,0,0,0,2
"4765","Female","Black",2006,42,"Substance",7,5,5,0,2,0,0,2,0,0,7
"4766","Male","Black",2006,42,"Substance",52,45,37,0,21,1,0,18,0,0,52
"4767","Female","Hispanic",2006,42,"Substance",7,6,2,0,2,0,0,3,0,0,7
"4768","Male","Hispanic",2006,42,"Substance",29,26,18,0,11,0,0,9,0,0,29
"4769","Male","Other",2006,42,"Substance",3,3,2,0,0,0,0,0,0,0,3
"4770","Unknown","Other",2006,42,"Substance",7,5,4,0,5,0,1,4,0,0,7
"4771","Female","Black",2007,42,"Substance",6,4,2,0,0,0,0,0,0,0,6
"4772","Male","Black",2007,42,"Substance",34,29,27,0,10,0,0,7,0,0,34
"4773","Female","Hispanic",2007,42,"Substance",2,1,1,0,0,0,0,0,0,0,2
"4774","Male","Hispanic",2007,42,"Substance",24,21,17,0,6,0,0,5,0,0,24
"4775","Male","Other",2007,42,"Substance",2,2,1,0,0,0,0,0,0,0,2
"4776","Unknown","Other",2007,42,"Substance",1,1,1,0,0,0,0,0,0,0,1
"4777","Female","Black",2008,42,"Substance",10,8,4,0,3,0,0,2,0,0,10
"4778","Male","Black",2008,42,"Substance",57,49,42,0,15,0,0,19,0,0,57
"4779","Unknown","Black",2008,42,"Substance",2,2,1,0,1,0,0,1,0,0,2
"4780","Female","Hispanic",2008,42,"Substance",3,2,2,0,1,0,0,1,0,0,3
"4781","Male","Hispanic",2008,42,"Substance",29,24,16,0,7,1,0,10,0,0,29
"4782","Male","Other",2008,42,"Substance",1,1,1,0,0,0,0,0,0,0,1
"4783","Female","Black",2009,42,"Substance",4,2,2,0,2,0,0,1,0,0,4
"4784","Male","Black",2009,42,"Substance",30,21,20,0,12,0,0,10,0,0,30
"4785","Female","Hispanic",2009,42,"Substance",5,4,4,0,2,0,0,1,0,0,5
"4786","Male","Hispanic",2009,42,"Substance",13,13,9,0,6,0,0,5,0,0,13
"4787","Female","Black",2010,42,"Substance",9,5,4,0,0,0,0,2,0,0,9
"4788","Male","Black",2010,42,"Substance",42,37,29,0,13,0,0,13,0,0,42
"4789","Female","Hispanic",2010,42,"Substance",8,7,6,0,5,0,0,2,0,0,8
"4790","Male","Hispanic",2010,42,"Substance",45,39,34,0,15,0,0,18,0,0,45
"4791","Unknown","Hispanic",2010,42,"Substance",1,1,1,0,0,0,0,0,0,0,1
"4792","Male","Other",2010,42,"Substance",1,1,0,0,0,0,0,0,0,0,1
"4793","Unknown","Other",2010,42,"Substance",1,0,1,0,0,0,0,0,0,0,1
"4794","Male","Black",2005,43,"Substance",2,2,0,0,1,0,0,1,0,0,2
"4795","Female","Black",2006,43,"Substance",6,4,3,0,2,0,0,1,0,0,6
"4796","Male","Black",2006,43,"Substance",72,57,25,0,32,0,0,21,0,0,72
"4797","Female","Hispanic",2006,43,"Substance",9,9,2,0,8,0,0,2,0,0,9
"4798","Male","Hispanic",2006,43,"Substance",80,53,40,0,23,0,0,18,0,0,80
"4799","Male","Other",2006,43,"Substance",4,4,3,0,2,0,0,3,0,0,4
"4800","Male","White",2006,43,"Substance",4,3,1,0,1,0,0,0,0,0,4
"4801","Female","Black",2007,43,"Substance",10,8,4,0,1,0,0,1,0,0,10
"4802","Male","Black",2007,43,"Substance",45,37,25,1,16,1,2,13,0,0,45
"4803","Female","Hispanic",2007,43,"Substance",3,3,2,0,2,0,0,1,0,0,3
"4804","Male","Hispanic",2007,43,"Substance",60,54,42,0,14,0,0,19,0,0,60
"4805","Male","Native",2007,43,"Substance",1,1,1,0,0,0,0,0,0,0,1
"4806","Female","White",2007,43,"Substance",4,4,3,0,2,0,0,2,0,0,4
"4807","Male","White",2007,43,"Substance",2,2,2,0,0,0,0,0,0,0,2
"4808","Male","Asian",2008,43,"Substance",4,4,0,0,4,0,0,1,0,0,4
"4809","Female","Black",2008,43,"Substance",14,13,12,0,5,0,0,3,0,0,14
"4810","Male","Black",2008,43,"Substance",38,31,24,0,12,0,1,14,0,0,38
"4811","Unknown","Black",2008,43,"Substance",1,1,1,0,1,0,0,1,0,0,1
"4812","Female","Hispanic",2008,43,"Substance",17,12,12,0,5,0,0,6,0,0,17
"4813","Male","Hispanic",2008,43,"Substance",50,41,38,0,18,0,0,16,0,0,50
"4814","Male","Native",2008,43,"Substance",1,1,1,0,1,0,0,1,0,0,1
"4815","Male","Other",2008,43,"Substance",5,5,4,0,1,0,0,3,0,0,5
"4816","Unknown","Other",2008,43,"Substance",2,1,1,0,0,0,0,0,0,0,2
"4817","Female","White",2008,43,"Substance",2,1,0,0,1,0,0,0,0,0,2
"4818","Male","White",2008,43,"Substance",2,0,0,0,0,0,0,2,0,0,2
"4819","Male","Asian",2009,43,"Substance",3,2,2,0,1,0,0,0,0,0,3
"4820","Female","Black",2009,43,"Substance",8,1,4,0,1,0,0,1,0,0,8
"4821","Male","Black",2009,43,"Substance",78,53,53,0,23,0,1,25,0,0,78
"4822","Female","Hispanic",2009,43,"Substance",6,3,5,0,4,0,0,3,0,0,6
"4823","Male","Hispanic",2009,43,"Substance",65,49,45,0,32,0,1,20,0,0,65
"4824","Male","Other",2009,43,"Substance",2,1,1,0,0,0,0,1,0,0,2
"4825","Female","White",2009,43,"Substance",3,3,3,0,3,0,0,2,0,0,3
"4826","Male","White",2009,43,"Substance",7,1,4,0,0,0,0,0,0,0,7
"4827","Male","Asian",2010,43,"Substance",1,1,0,0,0,0,0,0,0,0,1
"4828","Female","Black",2010,43,"Substance",6,5,4,0,3,0,0,2,0,0,6
"4829","Male","Black",2010,43,"Substance",28,22,20,0,5,0,0,3,0,0,28
"4830","Female","Hispanic",2010,43,"Substance",3,3,1,0,1,0,0,0,0,0,3
"4831","Male","Hispanic",2010,43,"Substance",28,26,19,0,11,0,0,12,0,0,28
"4832","Male","Other",2010,43,"Substance",2,2,2,0,0,0,0,0,0,0,2
"4833","Female","White",2010,43,"Substance",1,1,0,0,0,0,0,0,0,0,1
"4834","Male","White",2010,43,"Substance",2,2,1,0,1,0,0,1,0,0,2
"4835","Female","White",2005,44,"Substance",1,0,0,0,0,0,0,0,0,0,1
"4836","Male","White",2005,44,"Substance",3,0,0,0,0,0,0,0,0,0,3
"4837","Female","Black",2006,44,"Substance",1,0,0,0,1,0,0,1,0,0,1
"4838","Male","Black",2006,44,"Substance",21,18,15,0,11,0,0,11,0,0,21
"4839","Unknown","Black",2006,44,"Substance",1,0,0,0,0,0,0,0,0,0,1
"4840","Male","Hispanic",2006,44,"Substance",28,17,19,0,22,0,1,13,0,0,28
"4841","Male","Other",2006,44,"Substance",1,0,0,0,0,0,0,0,0,0,1
"4842","Male","White",2006,44,"Substance",3,2,3,0,2,0,0,1,0,0,3
"4843","Female","Black",2007,44,"Substance",1,1,1,0,0,0,0,0,0,0,1
"4844","Male","Black",2007,44,"Substance",18,15,13,0,9,0,0,7,0,0,18
"4845","Male","Hispanic",2007,44,"Substance",19,14,13,0,10,0,0,5,0,0,19
"4846","Unknown","Other",2007,44,"Substance",4,4,4,0,2,0,0,4,0,0,4
"4847","Female","White",2007,44,"Substance",1,0,0,0,0,0,0,0,0,0,1
"4848","Male","White",2007,44,"Substance",1,1,1,0,0,0,0,0,0,0,1
"4849","Unknown","White",2007,44,"Substance",1,1,1,0,1,0,0,1,0,0,1
"4850","Female","Black",2008,44,"Substance",2,1,1,0,1,0,0,0,0,0,2
"4851","Male","Black",2008,44,"Substance",18,14,13,0,5,0,0,10,0,0,18
"4852","Unknown","Black",2008,44,"Substance",2,1,1,0,1,0,0,0,0,0,2
"4853","Female","Hispanic",2008,44,"Substance",2,1,1,0,0,0,0,0,0,0,2
"4854","Male","Hispanic",2008,44,"Substance",15,11,8,0,1,0,0,5,0,0,15
"4855","Male","Other",2008,44,"Substance",2,1,2,0,0,0,0,1,0,0,2
"4856","Unknown","Other",2008,44,"Substance",1,1,1,0,0,0,0,0,0,0,1
"4857","Male","White",2008,44,"Substance",3,1,2,0,2,0,0,1,0,0,3
"4858","Female","Black",2009,44,"Substance",2,0,0,0,0,0,0,0,0,0,2
"4859","Male","Black",2009,44,"Substance",26,19,17,0,7,0,2,14,0,0,26
"4860","Unknown","Black",2009,44,"Substance",1,1,0,0,0,0,0,0,0,0,1
"4861","Male","Hispanic",2009,44,"Substance",23,15,14,0,9,0,0,2,0,0,23
"4862","Male","Other",2009,44,"Substance",2,2,2,0,1,0,0,1,0,0,2
"4863","Unknown","Other",2009,44,"Substance",3,2,1,0,0,0,0,0,0,0,3
"4864","Male","Asian",2010,44,"Substance",1,1,1,0,0,0,0,1,0,0,1
"4865","Female","Black",2010,44,"Substance",2,2,2,0,1,0,0,1,0,0,2
"4866","Male","Black",2010,44,"Substance",25,22,14,1,11,0,0,11,0,0,25
"4867","Female","Hispanic",2010,44,"Substance",2,1,2,0,0,0,0,0,0,0,2
"4868","Male","Hispanic",2010,44,"Substance",24,23,17,0,9,0,0,13,0,0,24
"4869","Unknown","Hispanic",2010,44,"Substance",1,1,0,0,0,0,0,0,0,0,1
"4870","Unknown","Other",2010,44,"Substance",1,1,1,0,0,0,0,0,0,0,1
"4871","Male","White",2010,44,"Substance",3,3,3,0,2,0,0,1,0,0,3
"4872","Male","Black",2006,45,"Substance",10,10,6,0,3,0,2,7,0,0,10
"4873","Female","Hispanic",2006,45,"Substance",1,1,1,0,1,0,0,0,0,0,1
"4874","Male","Hispanic",2006,45,"Substance",13,12,8,0,5,0,3,9,0,0,13
"4875","Unknown","Hispanic",2006,45,"Substance",2,2,2,0,0,0,0,1,0,0,2
"4876","Female","White",2006,45,"Substance",1,1,1,0,1,0,0,1,0,0,1
"4877","Male","White",2006,45,"Substance",7,5,5,0,3,0,1,5,0,0,7
"4878","Male","Black",2007,45,"Substance",9,6,4,0,6,0,1,4,0,0,9
"4879","Male","Hispanic",2007,45,"Substance",15,14,12,0,9,0,2,9,0,0,15
"4880","Female","Other",2007,45,"Substance",1,1,1,0,0,0,0,1,0,0,1
"4881","Male","Other",2007,45,"Substance",1,1,0,0,0,0,0,1,0,0,1
"4882","Unknown","Other",2007,45,"Substance",2,2,2,0,2,0,0,2,0,0,2
"4883","Female","White",2007,45,"Substance",1,1,1,0,1,0,0,1,0,0,1
"4884","Male","White",2007,45,"Substance",14,11,13,0,8,0,0,7,0,0,14
"4885","Female","Black",2008,45,"Substance",1,0,1,0,1,0,0,0,0,0,1
"4886","Male","Black",2008,45,"Substance",13,9,8,0,6,0,0,5,0,0,13
"4887","Female","Hispanic",2008,45,"Substance",1,1,1,0,1,0,0,1,0,0,1
"4888","Male","Hispanic",2008,45,"Substance",9,6,4,0,4,0,0,2,0,0,9
"4889","Female","White",2008,45,"Substance",2,2,2,0,0,0,0,0,0,0,2
"4890","Male","White",2008,45,"Substance",7,7,6,0,1,0,0,2,0,0,7
"4891","Female","Black",2009,45,"Substance",2,2,2,0,1,0,0,1,0,0,2
"4892","Male","Black",2009,45,"Substance",10,9,5,0,2,0,0,1,0,0,10
"4893","Female","Hispanic",2009,45,"Substance",2,0,1,0,0,0,0,0,0,0,2
"4894","Male","Hispanic",2009,45,"Substance",14,13,11,0,5,0,0,5,0,0,14
"4895","Male","Other",2009,45,"Substance",1,1,0,0,0,0,0,0,0,0,1
"4896","Male","White",2009,45,"Substance",5,5,5,0,2,0,0,0,0,0,5
"4897","Female","Black",2010,45,"Substance",1,0,0,0,0,0,0,0,0,0,1
"4898","Male","Black",2010,45,"Substance",11,9,8,0,7,0,0,6,0,0,11
"4899","Male","Hispanic",2010,45,"Substance",8,7,6,0,3,0,0,2,0,0,8
"4900","Male","White",2010,45,"Substance",1,0,0,0,0,0,0,0,0,0,1
"4901","Female","Black",2006,46,"Substance",1,1,0,0,0,0,0,1,0,0,1
"4902","Male","Black",2006,46,"Substance",29,26,21,0,15,0,1,10,0,0,29
"4903","Female","Hispanic",2006,46,"Substance",6,5,2,0,2,0,0,1,0,0,6
"4904","Male","Hispanic",2006,46,"Substance",39,34,22,0,18,0,0,18,0,0,39
"4905","Male","Native",2006,46,"Substance",1,1,1,0,1,0,0,1,0,0,1
"4906","Unknown","Other",2006,46,"Substance",4,3,3,0,2,0,0,3,0,0,4
"4907","Female","Black",2007,46,"Substance",2,2,1,0,2,0,0,0,0,0,2
"4908","Male","Black",2007,46,"Substance",21,21,11,0,10,0,0,9,0,0,21
"4909","Male","Hispanic",2007,46,"Substance",17,16,13,0,10,0,0,6,0,0,17
"4910","Male","Other",2007,46,"Substance",1,1,0,0,0,0,0,1,0,0,1
"4911","Unknown","Other",2007,46,"Substance",3,3,2,0,2,0,0,2,0,0,3
"4912","Female","White",2007,46,"Substance",1,1,0,0,0,0,0,0,0,0,1
"4913","Male","White",2007,46,"Substance",1,1,0,0,0,0,0,0,0,0,1
"4914","Male","Black",2008,46,"Substance",12,12,1,0,2,0,0,5,0,0,12
"4915","Unknown","Black",2008,46,"Substance",1,1,0,0,0,0,0,1,0,0,1
"4916","Male","Hispanic",2008,46,"Substance",14,11,7,0,5,0,0,6,0,0,14
"4917","Unknown","Hispanic",2008,46,"Substance",1,1,0,0,0,0,0,1,0,0,1
"4918","Male","Other",2008,46,"Substance",1,1,1,0,1,0,0,1,0,0,1
"4919","Female","Black",2009,46,"Substance",3,3,1,0,0,0,0,2,0,0,3
"4920","Male","Black",2009,46,"Substance",11,7,5,0,3,0,0,3,0,0,11
"4921","Female","Hispanic",2009,46,"Substance",1,1,0,0,0,0,0,0,0,0,1
"4922","Male","Hispanic",2009,46,"Substance",13,11,8,0,4,0,1,5,0,0,13
"4923","Male","Other",2009,46,"Substance",5,4,2,0,1,0,0,2,0,0,5
"4924","Female","Black",2010,46,"Substance",1,1,1,0,1,0,0,1,0,0,1
"4925","Male","Black",2010,46,"Substance",12,10,9,0,9,0,0,9,0,0,12
"4926","Male","Hispanic",2010,46,"Substance",7,7,6,0,6,0,0,6,0,0,7
"4927","Male","White",2010,46,"Substance",1,1,0,0,0,0,0,0,0,0,1
"4928","Male","Black",2005,47,"Substance",1,1,0,0,0,0,0,0,0,0,1
"4929","Male","White",2005,47,"Substance",1,1,1,0,1,0,0,1,0,0,1
"4930","Female","Black",2006,47,"Substance",7,6,2,0,1,0,0,0,0,0,7
"4931","Male","Black",2006,47,"Substance",59,53,31,0,28,1,0,32,0,0,59
"4932","Female","Hispanic",2006,47,"Substance",5,4,1,0,1,0,0,1,0,0,5
"4933","Male","Hispanic",2006,47,"Substance",23,18,9,0,5,0,0,4,0,0,23
"4934","Male","Other",2006,47,"Substance",2,2,2,0,1,0,0,1,0,0,2
"4935","Unknown","Other",2006,47,"Substance",3,2,2,0,2,0,0,1,0,0,3
"4936","Male","White",2006,47,"Substance",5,3,2,0,1,0,0,1,0,0,5
"4937","Female","Black",2007,47,"Substance",2,1,1,0,2,0,0,1,0,0,2
"4938","Male","Black",2007,47,"Substance",58,51,37,0,25,0,2,17,0,0,58
"4939","Female","Hispanic",2007,47,"Substance",1,1,1,0,0,0,0,0,0,0,1
"4940","Male","Hispanic",2007,47,"Substance",11,8,6,0,4,0,0,4,0,0,11
"4941","Male","Other",2007,47,"Substance",2,1,1,0,0,0,0,1,0,0,2
"4942","Male","White",2007,47,"Substance",6,6,4,0,2,0,0,1,0,0,6
"4943","Male","Asian",2008,47,"Substance",3,2,0,0,1,0,0,2,0,0,3
"4944","Female","Black",2008,47,"Substance",5,5,5,0,2,0,0,1,0,0,5
"4945","Male","Black",2008,47,"Substance",72,59,51,0,20,0,0,19,0,0,72
"4946","Female","Hispanic",2008,47,"Substance",1,0,1,0,0,0,0,0,0,0,1
"4947","Male","Hispanic",2008,47,"Substance",17,11,10,0,5,0,0,7,0,0,17
"4948","Female","Other",2008,47,"Substance",1,1,1,0,0,0,0,0,0,0,1
"4949","Male","Other",2008,47,"Substance",2,1,1,0,1,0,0,0,0,0,2
"4950","Unknown","Other",2008,47,"Substance",1,1,1,0,0,0,0,0,0,0,1
"4951","Male","White",2008,47,"Substance",3,3,3,0,1,0,0,1,0,0,3
"4952","Female","Black",2009,47,"Substance",3,3,3,0,1,0,0,1,0,0,3
"4953","Male","Black",2009,47,"Substance",38,33,30,0,17,0,0,8,0,0,38
"4954","Female","Hispanic",2009,47,"Substance",2,1,1,0,1,0,0,2,0,0,2
"4955","Male","Hispanic",2009,47,"Substance",9,7,4,0,5,0,0,3,0,0,9
"4956","Male","Other",2009,47,"Substance",2,2,2,0,0,0,0,1,0,0,2
"4957","Male","White",2009,47,"Substance",4,4,2,0,0,0,0,0,0,0,4
"4958","Male","Asian",2010,47,"Substance",1,1,1,0,1,0,0,1,0,0,1
"4959","Female","Black",2010,47,"Substance",18,13,10,0,10,0,4,7,0,0,18
"4960","Male","Black",2010,47,"Substance",100,87,69,0,51,1,3,45,0,0,100
"4961","Female","Hispanic",2010,47,"Substance",2,1,1,0,1,0,0,0,0,0,2
"4962","Male","Hispanic",2010,47,"Substance",11,9,4,0,6,0,0,4,0,0,11
"4963","Male","Other",2010,47,"Substance",2,0,0,0,1,0,0,1,0,0,2
"4964","Unknown","Other",2010,47,"Substance",1,1,0,0,1,0,0,1,0,0,1
"4965","Female","White",2010,47,"Substance",1,1,0,0,0,0,0,1,0,0,1
"4966","Male","White",2010,47,"Substance",7,7,5,0,3,0,0,2,0,0,7
"4967","Female","Black",2006,48,"Substance",2,1,2,0,1,0,0,0,0,0,2
"4968","Male","Black",2006,48,"Substance",14,13,8,0,4,0,0,4,0,0,14
"4969","Female","Hispanic",2006,48,"Substance",1,1,1,0,1,0,0,1,0,0,1
"4970","Male","Hispanic",2006,48,"Substance",14,10,7,0,5,0,0,4,0,0,14
"4971","Female","Black",2007,48,"Substance",1,1,1,0,1,0,0,0,0,0,1
"4972","Male","Black",2007,48,"Substance",10,8,6,0,4,0,0,1,0,0,10
"4973","Male","Hispanic",2007,48,"Substance",9,7,7,0,3,0,0,4,0,0,9
"4974","Male","White",2007,48,"Substance",1,1,0,0,0,0,0,1,0,0,1
"4975","Female","Black",2008,48,"Substance",1,1,0,0,0,0,0,1,0,0,1
"4976","Male","Black",2008,48,"Substance",12,10,4,0,2,0,0,1,0,0,12
"4977","Female","Hispanic",2008,48,"Substance",3,2,2,0,1,0,0,2,0,0,3
"4978","Male","Hispanic",2008,48,"Substance",29,23,19,0,9,0,0,11,0,0,29
"4979","Male","White",2008,48,"Substance",1,1,1,0,0,0,0,1,0,0,1
"4980","Female","Black",2009,48,"Substance",1,1,0,0,1,0,0,0,0,0,1
"4981","Male","Black",2009,48,"Substance",13,12,11,0,7,0,0,7,0,0,13
"4982","Female","Hispanic",2009,48,"Substance",2,1,0,0,0,0,0,1,0,0,2
"4983","Male","Hispanic",2009,48,"Substance",13,12,10,0,3,0,0,3,0,0,13
"4984","Female","Black",2010,48,"Substance",1,1,1,0,0,0,0,0,0,0,1
"4985","Male","Black",2010,48,"Substance",12,12,8,0,6,0,0,5,0,0,12
"4986","Female","Hispanic",2010,48,"Substance",7,5,3,0,2,0,0,2,0,0,7
"4987","Male","Hispanic",2010,48,"Substance",20,19,13,0,8,0,0,9,0,0,20
"4988","Male","Other",2010,48,"Substance",2,2,0,0,0,0,0,0,0,0,2
"4989","Male","White",2010,48,"Substance",2,2,2,0,1,0,0,1,0,0,2
"4990","Male","Asian",2006,49,"Substance",1,1,0,0,0,0,0,1,0,0,1
"4991","Male","Black",2006,49,"Substance",7,7,6,0,4,0,0,5,0,0,7
"4992","Male","Hispanic",2006,49,"Substance",7,5,7,0,3,0,0,4,0,0,7
"4993","Male","White",2006,49,"Substance",2,2,2,0,1,0,0,1,0,0,2
"4994","Female","Black",2007,49,"Substance",1,1,1,0,1,0,0,1,0,0,1
"4995","Male","Black",2007,49,"Substance",12,9,4,0,3,0,0,5,0,0,12
"4996","Male","Hispanic",2007,49,"Substance",8,6,3,0,2,0,0,4,0,0,8
"4997","Male","White",2007,49,"Substance",2,1,1,0,1,0,0,1,0,0,2
"4998","Female","Black",2008,49,"Substance",3,3,2,0,0,0,0,1,0,0,3
"4999","Male","Black",2008,49,"Substance",17,16,11,0,5,0,0,2,0,0,17
"5000","Female","Hispanic",2008,49,"Substance",2,1,2,0,0,0,0,1,0,0,2
"5001","Male","Hispanic",2008,49,"Substance",18,14,11,0,9,0,0,7,0,0,18
"5002","Male","Other",2008,49,"Substance",1,1,1,0,1,0,0,1,0,0,1
"5003","Male","White",2008,49,"Substance",3,2,2,0,0,0,0,1,0,0,3
"5004","Female","Black",2009,49,"Substance",1,1,1,0,0,0,0,1,0,0,1
"5005","Male","Black",2009,49,"Substance",14,13,8,0,4,0,0,7,0,0,14
"5006","Male","Hispanic",2009,49,"Substance",19,15,14,0,3,0,0,3,0,0,19
"5007","Female","Other",2009,49,"Substance",1,1,1,0,0,0,0,1,0,0,1
"5008","Male","Other",2009,49,"Substance",2,1,1,0,0,0,0,1,0,0,2
"5009","Male","White",2009,49,"Substance",4,4,4,0,2,0,0,4,0,0,4
"5010","Female","Black",2010,49,"Substance",1,1,1,0,0,0,0,0,0,0,1
"5011","Male","Black",2010,49,"Substance",11,9,10,0,0,0,0,0,0,0,11
"5012","Female","Hispanic",2010,49,"Substance",2,1,1,0,0,0,0,0,0,0,2
"5013","Male","Hispanic",2010,49,"Substance",14,14,11,0,3,0,0,3,0,0,14
"5014","Male","White",2010,49,"Substance",2,2,1,0,0,0,0,1,0,0,2
"5015","Male","Black",2007,50,"Substance",6,6,4,0,2,0,0,3,0,0,6
"5016","Male","Hispanic",2007,50,"Substance",8,8,5,0,2,0,0,5,0,0,8
"5017","Male","White",2007,50,"Substance",4,3,1,0,2,0,0,1,0,0,4
"5018","Male","Black",2008,50,"Substance",3,3,1,0,0,0,0,0,0,0,3
"5019","Female","Hispanic",2008,50,"Substance",1,0,0,0,0,0,0,0,0,0,1
"5020","Male","Hispanic",2008,50,"Substance",6,6,5,0,2,0,0,5,0,0,6
"5021","Male","Other",2008,50,"Substance",1,1,1,0,0,0,0,0,0,0,1
"5022","Male","White",2008,50,"Substance",1,1,0,0,0,0,0,1,0,0,1
"5023","Male","Black",2009,50,"Substance",1,1,0,0,0,0,0,1,0,0,1
"5024","Male","Hispanic",2009,50,"Substance",3,3,2,0,1,0,0,2,0,0,3
"5025","Male","White",2009,50,"Substance",1,0,0,0,0,0,0,0,0,0,1
"5026","Female","Asian",2010,50,"Substance",1,1,0,0,1,0,0,0,0,0,1
"5027","Female","Black",2010,50,"Substance",1,1,0,0,1,0,0,1,0,0,1
"5028","Male","Black",2010,50,"Substance",7,6,7,0,2,0,0,4,0,0,7
"5029","Male","Hispanic",2010,50,"Substance",1,1,1,0,0,0,0,1,0,0,1
"5030","Male","White",2010,50,"Substance",2,2,2,0,0,0,0,0,0,0,2
"5031","Male","Black",2006,52,"Substance",5,4,3,0,1,0,0,1,0,0,5
"5032","Male","Hispanic",2006,52,"Substance",21,15,15,0,7,0,0,5,0,0,21
"5033","Male","Other",2006,52,"Substance",1,1,0,0,0,0,0,1,0,0,1
"5034","Unknown","Other",2006,52,"Substance",1,1,0,0,0,0,0,1,0,0,1
"5035","Male","White",2006,52,"Substance",2,0,0,0,0,0,0,0,0,0,2
"5036","Female","Black",2007,52,"Substance",4,3,1,0,0,0,0,1,0,0,4
"5037","Male","Black",2007,52,"Substance",14,7,4,0,2,0,0,4,0,0,14
"5038","Female","Hispanic",2007,52,"Substance",4,1,0,0,1,0,0,1,0,0,4
"5039","Male","Hispanic",2007,52,"Substance",35,26,22,0,12,0,0,15,0,0,35
"5040","Male","Other",2007,52,"Substance",4,4,4,0,3,0,0,3,0,0,4
"5041","Unknown","Other",2007,52,"Substance",2,2,2,0,1,0,0,2,0,0,2
"5042","Female","White",2007,52,"Substance",2,2,1,0,1,0,0,0,0,0,2
"5043","Male","White",2007,52,"Substance",1,0,0,0,0,0,0,0,0,0,1
"5044","Male","Asian",2008,52,"Substance",1,1,1,0,1,0,0,0,0,0,1
"5045","Female","Black",2008,52,"Substance",1,1,1,0,1,0,0,0,0,0,1
"5046","Male","Black",2008,52,"Substance",16,12,7,0,4,0,0,8,0,0,16
"5047","Female","Hispanic",2008,52,"Substance",2,1,2,0,0,0,0,2,0,0,2
"5048","Male","Hispanic",2008,52,"Substance",22,22,19,0,11,0,0,7,0,0,22
"5049","Male","Other",2008,52,"Substance",2,2,1,0,0,0,0,2,0,0,2
"5050","Unknown","Other",2008,52,"Substance",1,1,1,0,1,0,0,0,0,0,1
"5051","Male","White",2008,52,"Substance",2,2,2,0,1,0,0,1,0,0,2
"5052","Male","Asian",2009,52,"Substance",2,0,2,0,0,0,0,0,0,0,2
"5053","Female","Black",2009,52,"Substance",2,1,2,0,2,0,0,2,0,0,2
"5054","Male","Black",2009,52,"Substance",27,22,21,0,9,0,0,10,0,0,27
"5055","Female","Hispanic",2009,52,"Substance",7,6,4,0,2,0,0,3,0,0,7
"5056","Male","Hispanic",2009,52,"Substance",41,37,29,0,12,0,0,15,0,0,41
"5057","Male","Native",2009,52,"Substance",1,1,0,0,0,0,0,0,0,0,1
"5058","Male","Other",2009,52,"Substance",2,2,2,0,2,0,0,1,0,0,2
"5059","Female","White",2009,52,"Substance",1,1,1,0,0,0,0,0,0,0,1
"5060","Male","White",2009,52,"Substance",6,6,5,0,1,0,0,2,0,0,6
"5061","Male","Asian",2010,52,"Substance",1,1,0,0,0,0,0,0,0,0,1
"5062","Male","Black",2010,52,"Substance",10,8,8,0,4,0,0,0,0,0,10
"5063","Male","Hispanic",2010,52,"Substance",25,23,20,0,8,0,0,3,0,0,25
"5064","Female","Black",2005,60,"Substance",2,1,1,0,1,0,0,1,0,0,2
"5065","Male","Black",2005,60,"Substance",10,10,5,0,6,0,0,5,0,0,10
"5066","Female","Hispanic",2005,60,"Substance",1,1,0,0,0,0,0,0,0,0,1
"5067","Male","Hispanic",2005,60,"Substance",7,6,4,0,5,0,0,3,0,0,7
"5068","Female","White",2005,60,"Substance",2,2,1,0,1,0,0,0,0,0,2
"5069","Male","White",2005,60,"Substance",7,7,6,0,7,0,0,5,0,0,7
"5070","Male","Asian",2006,60,"Substance",1,1,0,0,1,0,0,1,0,0,1
"5071","Female","Black",2006,60,"Substance",1,1,1,0,1,0,0,0,0,0,1
"5072","Male","Black",2006,60,"Substance",63,62,58,0,39,0,2,37,0,0,63
"5073","Female","Hispanic",2006,60,"Substance",1,1,1,0,1,0,0,0,0,0,1
"5074","Male","Hispanic",2006,60,"Substance",21,21,21,0,11,0,0,14,0,0,21
"5075","Male","Other",2006,60,"Substance",1,1,1,0,1,0,0,1,0,0,1
"5076","Unknown","Other",2006,60,"Substance",1,1,0,0,1,0,0,1,0,0,1
"5077","Male","White",2006,60,"Substance",9,6,7,0,5,0,0,3,0,0,9
"5078","Male","Asian",2007,60,"Substance",2,2,2,0,2,0,0,0,0,0,2
"5079","Female","Black",2007,60,"Substance",3,3,3,0,2,0,0,0,0,0,3
"5080","Male","Black",2007,60,"Substance",30,23,21,0,16,0,1,14,0,0,30
"5081","Unknown","Black",2007,60,"Substance",1,1,1,0,1,0,0,0,0,0,1
"5082","Female","Hispanic",2007,60,"Substance",4,2,1,0,0,0,0,1,0,0,4
"5083","Male","Hispanic",2007,60,"Substance",13,12,9,0,5,0,1,5,0,0,13
"5084","Unknown","Other",2007,60,"Substance",1,1,1,0,0,0,0,0,0,0,1
"5085","Male","White",2007,60,"Substance",17,16,15,0,7,0,0,6,0,0,17
"5086","Female","Black",2008,60,"Substance",10,1,8,0,5,0,0,6,0,0,10
"5087","Male","Black",2008,60,"Substance",32,21,22,0,13,0,0,17,0,0,32
"5088","Female","Hispanic",2008,60,"Substance",2,1,2,0,0,0,0,0,0,0,2
"5089","Male","Hispanic",2008,60,"Substance",20,16,13,0,6,0,1,6,0,0,20
"5090","Male","Native",2008,60,"Substance",1,1,1,0,1,0,0,1,0,0,1
"5091","Female","Other",2008,60,"Substance",1,0,0,0,0,0,0,0,0,0,1
"5092","Male","Other",2008,60,"Substance",3,2,3,0,0,0,0,1,0,0,3
"5093","Female","White",2008,60,"Substance",1,1,1,0,1,0,0,0,0,0,1
"5094","Male","White",2008,60,"Substance",13,11,8,0,5,0,0,7,0,0,13
"5095","Female","Black",2009,60,"Substance",1,1,1,0,0,0,0,0,0,0,1
"5096","Male","Black",2009,60,"Substance",40,31,33,0,19,0,0,16,0,0,40
"5097","Female","Hispanic",2009,60,"Substance",3,1,1,0,2,0,0,0,0,0,3
"5098","Male","Hispanic",2009,60,"Substance",18,14,12,0,3,0,0,5,0,0,18
"5099","Male","Native",2009,60,"Substance",1,0,0,0,0,0,0,0,0,0,1
"5100","Female","Other",2009,60,"Substance",1,0,0,0,0,0,0,1,0,0,1
"5101","Female","White",2009,60,"Substance",6,3,3,0,1,0,0,2,0,0,6
"5102","Male","White",2009,60,"Substance",15,11,11,0,5,1,0,3,0,0,15
"5103","Female","Asian",2010,60,"Substance",1,1,1,0,1,0,0,1,0,0,1
"5104","Female","Black",2010,60,"Substance",4,3,4,0,1,0,0,1,0,0,4
"5105","Male","Black",2010,60,"Substance",32,27,24,0,16,0,0,14,0,0,32
"5106","Female","Hispanic",2010,60,"Substance",3,3,3,0,0,0,0,0,0,0,3
"5107","Male","Hispanic",2010,60,"Substance",12,10,5,0,6,0,0,7,0,0,12
"5108","Female","White",2010,60,"Substance",6,4,5,0,3,0,0,3,0,0,6
"5109","Male","White",2010,60,"Substance",9,8,8,0,3,0,0,3,0,0,9
"5110","Male","Black",2006,61,"Substance",17,15,11,0,3,0,0,4,0,0,17
"5111","Male","Hispanic",2006,61,"Substance",7,3,3,0,2,0,0,2,0,0,7
"5112","Unknown","Other",2006,61,"Substance",1,1,0,0,0,0,0,0,0,0,1
"5113","Female","White",2006,61,"Substance",4,1,1,0,1,0,0,0,0,0,4
"5114","Male","White",2006,61,"Substance",25,8,9,0,1,0,0,1,0,0,25
"5115","Female","Black",2007,61,"Substance",2,1,1,0,0,0,0,1,0,0,2
"5116","Male","Black",2007,61,"Substance",12,9,7,0,5,0,0,4,0,0,12
"5117","Male","Hispanic",2007,61,"Substance",11,4,3,0,2,0,0,0,0,0,11
"5118","Male","Other",2007,61,"Substance",2,1,1,0,0,0,0,1,0,0,2
"5119","Unknown","Other",2007,61,"Substance",1,1,1,0,0,0,0,0,0,0,1
"5120","Female","White",2007,61,"Substance",3,2,0,0,0,0,0,0,0,0,3
"5121","Male","White",2007,61,"Substance",31,20,18,0,4,0,0,5,0,0,31
"5122","Female","Black",2008,61,"Substance",1,1,0,0,0,0,0,1,0,0,1
"5123","Male","Black",2008,61,"Substance",13,12,12,0,7,0,0,7,0,0,13
"5124","Female","Hispanic",2008,61,"Substance",1,1,1,0,1,0,0,1,0,0,1
"5125","Male","Hispanic",2008,61,"Substance",5,5,4,0,4,0,0,3,0,0,5
"5126","Male","Other",2008,61,"Substance",2,2,2,0,2,0,0,1,0,0,2
"5127","Female","White",2008,61,"Substance",1,0,1,0,0,0,0,0,0,0,1
"5128","Male","White",2008,61,"Substance",26,25,24,0,22,0,0,6,0,0,26
"5129","Female","Black",2009,61,"Substance",3,0,2,0,1,0,0,0,0,0,3
"5130","Male","Black",2009,61,"Substance",17,14,11,0,9,0,0,4,0,0,17
"5131","Male","Hispanic",2009,61,"Substance",3,3,3,0,2,0,0,1,0,0,3
"5132","Male","White",2009,61,"Substance",14,13,10,0,4,0,0,6,0,0,14
"5133","Female","Asian",2010,61,"Substance",1,1,1,0,1,0,0,1,0,0,1
"5134","Male","Asian",2010,61,"Substance",5,5,2,0,1,0,0,1,0,0,5
"5135","Male","Black",2010,61,"Substance",9,8,9,0,5,0,0,3,0,0,9
"5136","Female","Hispanic",2010,61,"Substance",1,1,1,0,0,0,0,1,0,0,1
"5137","Male","Hispanic",2010,61,"Substance",5,5,5,0,4,0,0,4,0,0,5
"5138","Female","White",2010,61,"Substance",1,1,1,0,0,0,0,0,0,0,1
"5139","Male","White",2010,61,"Substance",12,7,7,0,2,0,0,3,0,0,12
"5140","Male","White",2005,62,"Substance",1,0,0,0,0,0,0,0,0,0,1
"5141","Male","Hispanic",2006,62,"Substance",2,2,2,0,0,0,0,0,0,0,2
"5142","Male","White",2006,62,"Substance",7,7,7,0,0,0,0,1,0,0,7
"5143","Unknown","White",2006,62,"Substance",1,1,1,0,0,0,0,0,0,0,1
"5144","Male","Black",2007,62,"Substance",2,1,1,0,0,0,0,0,0,0,2
"5145","Male","Hispanic",2007,62,"Substance",8,8,8,0,1,0,1,2,0,0,8
"5146","Male","White",2007,62,"Substance",8,7,6,0,1,0,0,2,0,0,8
"5147","Male","Black",2008,62,"Substance",1,1,1,0,0,0,0,0,0,0,1
"5148","Male","Hispanic",2008,62,"Substance",6,6,5,0,0,0,0,0,0,0,6
"5149","Female","White",2008,62,"Substance",1,0,0,0,0,0,0,0,0,0,1
"5150","Male","White",2008,62,"Substance",8,8,6,0,0,0,0,0,0,0,8
"5151","Male","Asian",2009,62,"Substance",2,1,1,0,1,0,0,1,0,0,2
"5152","Male","Black",2009,62,"Substance",5,2,4,0,2,0,0,0,0,0,5
"5153","Male","Hispanic",2009,62,"Substance",6,5,6,0,3,0,0,3,0,0,6
"5154","Female","Other",2009,62,"Substance",1,1,1,0,1,0,0,0,0,0,1
"5155","Female","White",2009,62,"Substance",2,1,0,0,1,0,0,0,0,0,2
"5156","Male","White",2009,62,"Substance",20,14,14,0,9,0,1,6,0,0,20
"5157","Male","Asian",2010,62,"Substance",1,1,1,0,1,0,0,1,0,0,1
"5158","Female","Black",2010,62,"Substance",1,1,1,0,0,0,0,0,0,0,1
"5159","Male","Hispanic",2010,62,"Substance",5,5,4,0,0,0,0,0,0,0,5
"5160","Male","Other",2010,62,"Substance",1,1,1,0,0,0,0,0,0,0,1
"5161","Male","White",2010,62,"Substance",10,8,10,0,5,0,0,4,0,0,10
"5162","Male","Black",2005,63,"Substance",2,2,2,0,2,0,0,2,0,0,2
"5163","Male","Black",2006,63,"Substance",7,5,2,0,1,0,0,1,0,0,7
"5164","Female","Black",2007,63,"Substance",1,1,1,0,0,0,0,0,0,0,1
"5165","Male","Black",2007,63,"Substance",3,3,3,0,2,0,0,2,0,0,3
"5166","Unknown","Black",2007,63,"Substance",1,1,0,0,0,0,0,0,0,0,1
"5167","Male","Hispanic",2007,63,"Substance",1,1,0,0,0,0,0,0,0,0,1
"5168","Unknown","Other",2007,63,"Substance",1,1,1,0,1,0,0,1,0,0,1
"5169","Female","Asian",2008,63,"Substance",1,0,1,0,0,0,0,1,0,0,1
"5170","Male","Asian",2008,63,"Substance",1,0,1,0,1,0,0,1,0,0,1
"5171","Male","Black",2008,63,"Substance",2,2,2,0,0,0,0,0,0,0,2
"5172","Male","Hispanic",2008,63,"Substance",1,1,1,0,0,0,0,0,0,0,1
"5173","Male","White",2008,63,"Substance",6,4,6,0,2,0,0,4,0,0,6
"5174","Male","Black",2009,63,"Substance",6,5,2,0,3,0,0,4,0,0,6
"5175","Male","White",2009,63,"Substance",1,0,0,0,1,0,0,1,0,0,1
"5176","Male","Asian",2010,63,"Substance",1,0,0,0,0,0,0,0,0,0,1
"5177","Male","Black",2010,63,"Substance",7,6,4,0,2,0,0,7,0,0,7
"5178","Unknown","White",2010,63,"Substance",1,1,0,0,0,0,0,0,0,0,1
"5179","Male","Hispanic",2005,66,"Substance",2,1,1,0,0,0,1,0,0,0,2
"5180","Male","White",2005,66,"Substance",2,2,2,0,0,0,0,0,0,0,2
"5181","Male","Hispanic",2006,66,"Substance",4,4,0,0,2,0,0,4,0,0,4
"5182","Male","Native",2006,66,"Substance",1,1,0,0,0,0,0,0,0,0,1
"5183","Male","White",2006,66,"Substance",2,2,1,0,0,0,0,1,0,0,2
"5184","Male","Asian",2007,66,"Substance",10,10,6,0,6,0,0,8,0,0,10
"5185","Male","Black",2007,66,"Substance",8,8,6,0,4,0,0,4,0,0,8
"5186","Female","Hispanic",2007,66,"Substance",2,1,1,0,1,0,0,1,0,0,2
"5187","Male","Hispanic",2007,66,"Substance",20,20,11,0,4,0,1,16,0,0,20
"5188","Male","Other",2007,66,"Substance",1,1,1,0,0,0,0,0,0,0,1
"5189","Female","White",2007,66,"Substance",2,2,2,0,2,0,0,2,0,0,2
"5190","Male","White",2007,66,"Substance",7,7,5,0,2,0,0,4,0,0,7
"5191","Male","Asian",2008,66,"Substance",1,1,0,0,0,0,0,0,0,0,1
"5192","Male","Black",2008,66,"Substance",1,1,1,0,1,0,0,0,0,0,1
"5193","Female","Hispanic",2008,66,"Substance",2,2,1,0,0,0,0,0,0,0,2
"5194","Male","Hispanic",2008,66,"Substance",9,9,6,0,3,0,0,3,0,0,9
"5195","Male","Native",2008,66,"Substance",2,2,2,0,0,0,0,0,0,0,2
"5196","Female","White",2008,66,"Substance",3,3,0,0,2,0,0,0,0,0,3
"5197","Male","White",2008,66,"Substance",3,3,2,0,0,0,0,1,0,0,3
"5198","Male","Hispanic",2009,66,"Substance",13,13,12,0,6,0,0,3,0,0,13
"5199","Male","Native",2009,66,"Substance",1,1,1,0,1,0,0,1,0,0,1
"5200","Female","White",2009,66,"Substance",1,1,1,0,0,0,0,0,0,0,1
"5201","Male","White",2009,66,"Substance",3,3,3,0,1,0,0,1,0,0,3
"5202","Male","Black",2010,66,"Substance",1,1,1,0,1,0,0,1,0,0,1
"5203","Female","Hispanic",2010,66,"Substance",1,0,0,0,1,0,0,1,0,0,1
"5204","Male","Hispanic",2010,66,"Substance",6,4,4,0,3,0,0,5,0,0,6
"5205","Male","Other",2010,66,"Substance",2,1,0,0,2,0,0,2,0,0,2
"5206","Male","White",2010,66,"Substance",2,2,2,0,1,0,1,1,0,0,2
"5207","Female","Black",2006,67,"Substance",2,2,2,0,0,0,0,0,0,0,2
"5208","Male","Black",2006,67,"Substance",35,32,24,0,17,0,1,24,0,0,35
"5209","Male","Hispanic",2006,67,"Substance",2,2,2,0,2,0,0,2,0,0,2
"5210","Male","White",2006,67,"Substance",2,1,1,0,0,0,0,0,0,0,2
"5211","Male","Asian",2007,67,"Substance",2,2,1,0,1,0,0,1,0,0,2
"5212","Female","Black",2007,67,"Substance",2,2,1,0,1,0,0,1,0,0,2
"5213","Male","Black",2007,67,"Substance",192,178,69,0,41,0,0,95,0,0,192
"5214","Male","Hispanic",2007,67,"Substance",9,8,6,0,4,0,0,7,0,0,9
"5215","Male","White",2007,67,"Substance",2,2,1,0,0,0,0,2,0,0,2
"5216","Male","Asian",2008,67,"Substance",2,2,1,0,0,0,0,1,0,0,2
"5217","Male","Black",2008,67,"Substance",68,61,32,0,22,0,0,21,0,0,68
"5218","Male","Hispanic",2008,67,"Substance",5,4,3,0,1,0,0,2,0,0,5
"5219","Male","Other",2008,67,"Substance",2,2,2,0,2,0,0,1,0,0,2
"5220","Male","Asian",2009,67,"Substance",2,2,2,0,2,0,0,2,0,0,2
"5221","Female","Black",2009,67,"Substance",5,4,2,0,1,1,0,1,0,0,5
"5222","Male","Black",2009,67,"Substance",137,127,125,0,91,1,0,87,0,0,137
"5223","Male","Hispanic",2009,67,"Substance",2,2,2,0,1,0,0,1,0,0,2
"5224","Male","Other",2009,67,"Substance",1,1,0,0,0,0,0,1,0,0,1
"5225","Male","Asian",2010,67,"Substance",1,1,1,0,1,0,0,0,0,0,1
"5226","Female","Black",2010,67,"Substance",1,0,1,0,0,0,0,0,0,0,1
"5227","Male","Black",2010,67,"Substance",42,31,31,0,25,0,1,19,0,0,42
"5228","Male","Hispanic",2010,67,"Substance",1,1,1,0,1,0,0,1,0,0,1
"5229","Male","White",2005,68,"Substance",2,2,2,0,2,0,0,0,0,0,2
"5230","Male","Black",2006,68,"Substance",1,1,1,0,1,0,0,0,0,0,1
"5231","Female","Hispanic",2006,68,"Substance",1,1,1,0,1,0,0,0,0,0,1
"5232","Male","Hispanic",2006,68,"Substance",8,7,7,0,4,0,0,1,0,0,8
"5233","Female","White",2006,68,"Substance",2,2,2,0,2,0,0,0,0,0,2
"5234","Male","White",2006,68,"Substance",7,7,6,0,3,0,0,3,0,0,7
"5235","Male","Black",2007,68,"Substance",1,1,1,0,1,0,0,1,0,0,1
"5236","Female","Hispanic",2007,68,"Substance",1,1,0,0,1,0,0,1,0,0,1
"5237","Male","Hispanic",2007,68,"Substance",12,12,12,0,8,0,1,6,0,0,12
"5238","Male","White",2007,68,"Substance",12,12,12,0,7,0,0,2,0,0,12
"5239","Male","Asian",2008,68,"Substance",1,1,1,0,0,0,0,0,0,0,1
"5240","Male","Hispanic",2008,68,"Substance",4,3,2,0,0,0,0,0,0,0,4
"5241","Male","White",2008,68,"Substance",18,17,14,0,3,0,0,3,0,0,18
"5242","Female","Black",2009,68,"Substance",1,1,1,0,0,0,0,1,0,0,1
"5243","Female","Hispanic",2009,68,"Substance",1,1,1,0,0,0,0,0,0,0,1
"5244","Male","Hispanic",2009,68,"Substance",9,8,7,0,1,0,0,2,0,0,9
"5245","Female","White",2009,68,"Substance",2,2,2,0,1,0,0,1,0,0,2
"5246","Male","White",2009,68,"Substance",33,29,23,0,6,0,0,8,0,0,33
"5247","Male","Black",2010,68,"Substance",1,1,1,0,1,0,0,1,0,0,1
"5248","Male","Hispanic",2010,68,"Substance",7,5,7,0,1,0,0,1,0,0,7
"5249","Female","White",2010,68,"Substance",2,1,2,0,2,0,0,2,0,0,2
"5250","Male","White",2010,68,"Substance",26,23,22,0,6,0,0,5,0,0,26
"5251","Male","Black",2006,69,"Substance",22,22,20,0,13,0,0,12,0,0,22
"5252","Male","White",2006,69,"Substance",2,2,2,0,1,0,0,1,0,0,2
"5253","Female","Black",2007,69,"Substance",3,2,2,0,3,0,0,3,0,0,3
"5254","Male","Black",2007,69,"Substance",56,54,43,0,31,1,1,28,0,0,56
"5255","Female","Hispanic",2007,69,"Substance",1,1,1,0,1,0,0,1,0,0,1
"5256","Male","Hispanic",2007,69,"Substance",2,2,2,0,1,0,0,1,0,0,2
"5257","Male","White",2007,69,"Substance",1,1,1,0,0,0,0,0,0,0,1
"5258","Female","Asian",2008,69,"Substance",2,2,2,0,2,0,0,2,0,0,2
"5259","Female","Black",2008,69,"Substance",3,2,2,0,1,0,0,3,0,0,3
"5260","Male","Black",2008,69,"Substance",25,23,15,0,14,0,0,23,0,0,25
"5261","Female","Hispanic",2008,69,"Substance",1,1,1,0,1,0,0,1,0,0,1
"5262","Female","Black",2009,69,"Substance",2,2,2,0,2,0,0,2,0,0,2
"5263","Male","Black",2009,69,"Substance",21,21,17,0,15,0,1,16,0,0,21
"5264","Female","Hispanic",2009,69,"Substance",1,1,1,0,0,0,0,1,0,0,1
"5265","Male","Hispanic",2009,69,"Substance",5,5,3,0,3,0,0,4,0,0,5
"5266","Male","White",2009,69,"Substance",1,0,0,0,1,0,0,0,0,0,1
"5267","Female","Black",2010,69,"Substance",3,0,1,0,1,0,0,2,0,0,3
"5268","Male","Black",2010,69,"Substance",14,11,9,0,8,0,1,9,0,0,14
"5269","Female","Black",2006,70,"Substance",1,0,0,0,0,0,0,0,0,0,1
"5270","Male","Black",2006,70,"Substance",44,39,35,0,14,0,0,14,0,0,44
"5271","Female","Hispanic",2006,70,"Substance",2,2,1,0,2,0,0,1,0,0,2
"5272","Male","Hispanic",2006,70,"Substance",4,4,3,0,1,0,0,1,0,0,4
"5273","Male","Native",2006,70,"Substance",1,1,1,0,0,0,0,1,0,0,1
"5274","Male","White",2006,70,"Substance",4,4,2,0,0,0,0,1,0,0,4
"5275","Male","Asian",2007,70,"Substance",1,1,1,0,1,0,0,0,0,0,1
"5276","Female","Black",2007,70,"Substance",2,1,1,0,2,0,0,0,0,0,2
"5277","Male","Black",2007,70,"Substance",11,10,10,0,8,0,0,0,0,0,11
"5278","Male","Hispanic",2007,70,"Substance",6,6,6,0,5,0,0,1,0,0,6
"5279","Male","Native",2007,70,"Substance",1,1,0,0,0,0,0,0,0,0,1
"5280","Male","White",2007,70,"Substance",4,3,3,0,4,0,0,2,0,0,4
"5281","Male","Asian",2008,70,"Substance",1,1,1,0,0,0,0,1,0,0,1
"5282","Female","Black",2008,70,"Substance",1,1,1,0,0,0,0,0,0,0,1
"5283","Male","Black",2008,70,"Substance",23,18,12,0,18,0,0,18,0,0,23
"5284","Male","Hispanic",2008,70,"Substance",3,3,1,0,1,0,0,1,0,0,3
"5285","Male","White",2008,70,"Substance",2,0,0,0,2,0,0,2,0,0,2
"5286","Male","Asian",2009,70,"Substance",2,2,2,0,2,0,0,2,0,0,2
"5287","Male","Black",2009,70,"Substance",12,11,11,0,12,0,0,8,0,0,12
"5288","Male","Hispanic",2009,70,"Substance",4,3,3,0,3,0,0,3,0,0,4
"5289","Female","Black",2010,70,"Substance",2,2,2,0,1,0,0,1,0,0,2
"5290","Male","Black",2010,70,"Substance",12,11,10,0,11,0,0,10,0,0,12
"5291","Male","Hispanic",2010,70,"Substance",4,4,1,0,4,0,0,4,0,0,4
"5292","Male","White",2010,70,"Substance",1,1,1,0,1,0,0,1,0,0,1
"5293","Female","Black",2006,71,"Substance",2,1,1,0,1,0,0,1,0,0,2
"5294","Male","Black",2006,71,"Substance",92,18,18,0,34,0,0,19,0,0,92
"5295","Male","Hispanic",2006,71,"Substance",3,0,0,0,1,0,0,1,0,0,3
"5296","Male","Other",2006,71,"Substance",1,0,0,0,1,0,0,0,0,0,1
"5297","Unknown","Other",2006,71,"Substance",1,0,0,0,1,0,0,0,0,0,1
"5298","Male","White",2006,71,"Substance",3,0,0,0,0,0,0,0,0,0,3
"5299","Female","Black",2007,71,"Substance",1,1,1,0,1,0,0,1,0,0,1
"5300","Male","Black",2007,71,"Substance",26,23,16,0,15,0,0,12,0,0,26
"5301","Male","Other",2007,71,"Substance",1,1,0,0,0,0,0,0,0,0,1
"5302","Unknown","Other",2007,71,"Substance",1,0,0,0,1,0,0,0,0,0,1
"5303","Male","White",2007,71,"Substance",2,2,0,0,1,0,0,1,0,0,2
"5304","Male","Black",2008,71,"Substance",30,21,21,0,8,0,0,13,0,0,30
"5305","Female","Black",2009,71,"Substance",3,2,1,0,1,0,0,1,0,0,3
"5306","Male","Black",2009,71,"Substance",46,40,31,2,23,1,0,18,0,0,46
"5307","Male","Hispanic",2009,71,"Substance",1,1,0,0,1,0,0,1,0,0,1
"5308","Female","Black",2010,71,"Substance",3,3,2,0,1,0,0,1,0,0,3
"5309","Male","Black",2010,71,"Substance",26,20,11,0,7,0,0,9,0,0,26
"5310","Male","Hispanic",2010,71,"Substance",4,3,4,0,3,0,0,2,0,0,4
"5311","Male","White",2010,71,"Substance",1,1,1,0,1,0,0,1,0,0,1
"5312","Female","Black",2006,72,"Substance",2,2,2,0,1,0,0,1,0,0,2
"5313","Male","Black",2006,72,"Substance",7,5,6,0,4,0,0,5,0,0,7
"5314","Male","Hispanic",2006,72,"Substance",11,9,10,0,6,0,0,6,0,0,11
"5315","Unknown","Other",2006,72,"Substance",1,1,0,0,0,0,0,1,0,0,1
"5316","Male","Asian",2007,72,"Substance",1,0,0,0,0,0,0,1,0,0,1
"5317","Male","Black",2007,72,"Substance",4,4,3,0,1,0,0,1,0,0,4
"5318","Male","Hispanic",2007,72,"Substance",13,13,12,0,6,0,0,6,0,0,13
"5319","Male","White",2007,72,"Substance",2,2,2,0,1,0,0,1,0,0,2
"5320","Male","Hispanic",2008,72,"Substance",4,4,2,0,1,0,0,3,0,0,4
"5321","Male","White",2008,72,"Substance",2,2,1,0,1,0,0,2,0,0,2
"5322","Male","Black",2009,72,"Substance",6,6,6,0,2,0,0,4,0,0,6
"5323","Female","Hispanic",2009,72,"Substance",1,1,1,0,1,0,0,0,0,0,1
"5324","Male","Hispanic",2009,72,"Substance",28,28,28,1,17,0,0,11,0,0,28
"5325","Female","Other",2009,72,"Substance",1,1,0,0,1,0,0,1,0,0,1
"5326","Female","White",2009,72,"Substance",1,1,1,0,1,0,0,1,0,0,1
"5327","Male","White",2009,72,"Substance",4,4,4,0,3,0,0,3,0,0,4
"5328","Male","Black",2010,72,"Substance",1,1,1,0,0,0,0,0,0,0,1
"5329","Female","Hispanic",2010,72,"Substance",1,0,0,0,0,0,0,0,0,0,1
"5330","Male","Hispanic",2010,72,"Substance",8,6,7,0,5,0,0,2,0,0,8
"5331","Male","White",2010,72,"Substance",1,1,1,0,1,0,0,0,0,0,1
"5332","Female","Black",2005,73,"Substance",3,2,2,0,0,0,0,0,0,0,3
"5333","Male","Black",2005,73,"Substance",14,10,11,0,4,0,0,3,0,0,14
"5334","Female","Black",2006,73,"Substance",2,2,1,0,0,0,0,0,0,0,2
"5335","Male","Black",2006,73,"Substance",20,17,11,0,4,0,0,5,0,0,20
"5336","Male","Hispanic",2006,73,"Substance",3,3,2,0,0,0,0,1,0,0,3
"5337","Female","Black",2007,73,"Substance",10,6,6,0,3,0,0,1,0,0,10
"5338","Male","Black",2007,73,"Substance",77,65,48,0,22,0,0,22,0,0,77
"5339","Male","Hispanic",2007,73,"Substance",9,6,6,0,5,0,0,5,0,0,9
"5340","Male","Other",2007,73,"Substance",2,2,2,0,2,0,0,1,0,0,2
"5341","Unknown","Other",2007,73,"Substance",1,1,0,0,0,0,0,0,0,0,1
"5342","Male","White",2007,73,"Substance",1,1,1,0,1,0,0,0,0,0,1
"5343","Female","Black",2008,73,"Substance",1,0,1,0,0,0,0,0,0,0,1
"5344","Male","Black",2008,73,"Substance",66,51,48,0,30,0,0,17,0,0,66
"5345","Female","Hispanic",2008,73,"Substance",2,1,0,0,1,0,0,0,0,0,2
"5346","Male","Hispanic",2008,73,"Substance",7,6,6,0,3,0,0,0,0,0,7
"5347","Unknown","Other",2008,73,"Substance",2,2,2,0,1,0,0,0,0,0,2
"5348","Male","Asian",2009,73,"Substance",2,2,2,0,1,0,0,1,0,0,2
"5349","Female","Black",2009,73,"Substance",9,6,5,0,2,0,0,4,0,0,9
"5350","Male","Black",2009,73,"Substance",53,40,33,0,15,0,0,12,0,0,53
"5351","Female","Hispanic",2009,73,"Substance",1,0,0,0,0,0,0,0,0,0,1
"5352","Male","Hispanic",2009,73,"Substance",3,3,1,0,1,0,0,2,0,0,3
"5353","Female","Other",2009,73,"Substance",1,1,0,0,0,0,0,1,0,0,1
"5354","Male","Other",2009,73,"Substance",1,1,0,0,0,0,0,1,0,0,1
"5355","Unknown","Other",2009,73,"Substance",2,2,2,0,2,0,0,2,0,0,2
"5356","Male","Asian",2010,73,"Substance",1,1,1,0,0,0,0,0,0,0,1
"5357","Female","Black",2010,73,"Substance",8,6,5,0,2,0,0,2,0,0,8
"5358","Male","Black",2010,73,"Substance",41,33,22,0,14,0,0,15,0,0,41
"5359","Male","Hispanic",2010,73,"Substance",3,1,1,0,1,0,0,1,0,0,3
"5360","Male","Black",2005,75,"Substance",3,3,3,0,1,0,0,1,0,0,3
"5361","Male","Other",2005,75,"Substance",1,1,1,0,0,0,0,0,0,0,1
"5362","Male","Asian",2006,75,"Substance",1,1,0,0,0,0,0,0,0,0,1
"5363","Female","Black",2006,75,"Substance",10,4,5,0,0,0,0,0,0,0,10
"5364","Male","Black",2006,75,"Substance",95,56,45,0,16,1,1,10,0,0,95
"5365","Unknown","Black",2006,75,"Substance",1,1,1,0,1,0,0,0,0,0,1
"5366","Female","Hispanic",2006,75,"Substance",3,3,1,0,0,0,0,0,0,0,3
"5367","Male","Hispanic",2006,75,"Substance",29,20,12,0,3,0,1,3,0,0,29
"5368","Unknown","Native",2006,75,"Substance",1,1,0,0,0,0,0,1,0,0,1
"5369","Female","Other",2006,75,"Substance",1,0,1,0,0,0,0,0,0,0,1
"5370","Unknown","Other",2006,75,"Substance",1,1,1,0,0,0,0,0,0,0,1
"5371","Female","White",2006,75,"Substance",1,1,0,0,0,0,0,0,0,0,1
"5372","Male","White",2006,75,"Substance",5,4,1,0,1,0,0,1,0,0,5
"5373","Male","Asian",2007,75,"Substance",2,1,1,0,1,0,0,1,0,0,2
"5374","Female","Black",2007,75,"Substance",15,12,11,0,1,0,0,3,0,0,15
"5375","Male","Black",2007,75,"Substance",95,71,56,0,29,1,1,27,0,0,95
"5376","Female","Hispanic",2007,75,"Substance",3,2,2,0,0,0,0,2,0,0,3
"5377","Male","Hispanic",2007,75,"Substance",44,32,30,0,7,0,0,5,0,0,44
"5378","Unknown","Hispanic",2007,75,"Substance",1,1,1,0,0,0,0,0,0,0,1
"5379","Female","Other",2007,75,"Substance",1,1,0,0,0,0,0,0,0,0,1
"5380","Unknown","Other",2007,75,"Substance",7,4,3,0,0,0,0,1,0,0,7
"5381","Female","White",2007,75,"Substance",2,1,2,0,0,0,0,0,0,0,2
"5382","Male","White",2007,75,"Substance",4,4,2,0,1,0,0,1,0,0,4
"5383","Female","Black",2008,75,"Substance",4,0,2,0,0,0,0,0,0,0,4
"5384","Male","Black",2008,75,"Substance",63,49,42,0,32,0,0,16,0,0,63
"5385","Unknown","Black",2008,75,"Substance",1,1,1,0,1,0,0,0,0,0,1
"5386","Female","Hispanic",2008,75,"Substance",3,1,2,0,0,0,0,0,0,0,3
"5387","Male","Hispanic",2008,75,"Substance",20,16,15,0,11,0,0,4,0,0,20
"5388","Female","White",2008,75,"Substance",1,1,1,0,1,0,0,1,0,0,1
"5389","Male","White",2008,75,"Substance",1,1,1,0,1,0,0,1,0,0,1
"5390","Male","Asian",2009,75,"Substance",4,2,4,0,2,0,0,2,0,0,4
"5391","Female","Black",2009,75,"Substance",13,8,11,0,4,0,0,4,0,0,13
"5392","Male","Black",2009,75,"Substance",89,63,60,0,36,1,0,21,0,0,89
"5393","Female","Hispanic",2009,75,"Substance",1,1,1,0,0,0,0,1,0,0,1
"5394","Male","Hispanic",2009,75,"Substance",33,26,24,0,16,0,0,10,0,0,33
"5395","Female","White",2009,75,"Substance",2,2,0,0,0,0,0,1,0,0,2
"5396","Male","Asian",2010,75,"Substance",6,3,6,0,4,0,0,2,0,0,6
"5397","Female","Black",2010,75,"Substance",6,0,4,0,5,0,0,1,0,0,6
"5398","Male","Black",2010,75,"Substance",62,45,54,0,39,1,0,26,0,0,62
"5399","Unknown","Black",2010,75,"Substance",1,1,0,0,0,0,0,0,0,0,1
"5400","Male","Hispanic",2010,75,"Substance",21,14,17,0,15,0,0,6,0,0,21
"5401","Male","Other",2010,75,"Substance",2,2,2,0,0,0,0,1,0,0,2
"5402","Female","White",2010,75,"Substance",1,1,1,0,1,0,0,0,0,0,1
"5403","Male","White",2010,75,"Substance",1,1,0,0,0,0,0,0,0,0,1
"5404","Male","Black",2005,76,"Substance",1,1,1,0,1,0,0,1,0,0,1
"5405","Male","Hispanic",2005,76,"Substance",3,2,2,0,1,0,0,1,0,0,3
"5406","Male","Asian",2006,76,"Substance",1,1,0,0,1,0,0,1,0,0,1
"5407","Female","Black",2006,76,"Substance",2,2,1,0,1,0,0,1,0,0,2
"5408","Male","Black",2006,76,"Substance",20,18,16,0,11,0,0,8,0,0,20
"5409","Female","Hispanic",2006,76,"Substance",4,2,2,0,2,0,0,0,0,0,4
"5410","Male","Hispanic",2006,76,"Substance",13,11,11,0,7,0,0,5,0,0,13
"5411","Female","White",2006,76,"Substance",3,2,3,0,3,0,0,0,0,0,3
"5412","Male","White",2006,76,"Substance",11,7,7,0,4,0,0,5,0,0,11
"5413","Female","Black",2007,76,"Substance",7,4,4,0,6,0,0,4,0,0,7
"5414","Male","Black",2007,76,"Substance",47,39,39,1,29,0,0,24,0,0,47
"5415","Female","Hispanic",2007,76,"Substance",1,0,0,0,1,0,0,0,0,0,1
"5416","Male","Hispanic",2007,76,"Substance",34,27,22,1,18,0,0,13,0,0,34
"5417","Female","Other",2007,76,"Substance",1,0,1,0,1,0,0,0,0,0,1
"5418","Male","Other",2007,76,"Substance",2,1,2,0,1,0,0,0,0,0,2
"5419","Female","White",2007,76,"Substance",2,1,1,0,1,0,0,0,0,0,2
"5420","Male","White",2007,76,"Substance",17,17,13,0,10,0,0,10,0,0,17
"5421","Male","Asian",2008,76,"Substance",3,2,2,0,2,0,0,1,0,0,3
"5422","Female","Black",2008,76,"Substance",8,7,5,0,6,0,0,4,0,0,8
"5423","Male","Black",2008,76,"Substance",32,28,23,0,18,1,1,19,0,0,32
"5424","Female","Hispanic",2008,76,"Substance",8,6,5,0,3,0,0,3,0,0,8
"5425","Male","Hispanic",2008,76,"Substance",29,26,24,1,20,1,0,16,0,0,29
"5426","Male","Other",2008,76,"Substance",1,1,1,0,1,0,0,0,0,0,1
"5427","Female","White",2008,76,"Substance",2,2,0,0,1,0,0,2,0,0,2
"5428","Male","White",2008,76,"Substance",9,9,7,0,4,0,0,5,0,0,9
"5429","Female","Black",2009,76,"Substance",3,2,2,0,2,0,0,2,0,0,3
"5430","Male","Black",2009,76,"Substance",43,35,30,0,19,0,0,24,0,0,43
"5431","Female","Hispanic",2009,76,"Substance",9,5,5,0,4,0,0,3,0,0,9
"5432","Male","Hispanic",2009,76,"Substance",46,40,36,0,15,0,0,22,0,0,46
"5433","Female","White",2009,76,"Substance",4,4,3,0,2,0,0,3,0,0,4
"5434","Male","White",2009,76,"Substance",14,11,11,0,6,0,0,9,0,0,14
"5435","Male","Asian",2010,76,"Substance",1,0,0,0,0,0,0,0,0,0,1
"5436","Female","Black",2010,76,"Substance",5,3,4,0,2,0,0,3,0,0,5
"5437","Male","Black",2010,76,"Substance",22,22,18,1,11,0,0,10,0,0,22
"5438","Female","Hispanic",2010,76,"Substance",1,1,1,0,1,0,0,0,0,0,1
"5439","Male","Hispanic",2010,76,"Substance",12,12,11,0,7,0,0,6,0,0,12
"5440","Male","Native",2010,76,"Substance",1,1,1,0,0,0,0,0,0,0,1
"5441","Male","Other",2010,76,"Substance",1,1,1,0,1,0,0,1,0,0,1
"5442","Female","White",2010,76,"Substance",2,2,2,0,2,0,0,2,0,0,2
"5443","Male","White",2010,76,"Substance",11,11,6,0,3,0,0,9,0,0,11
"5444","Male","Asian",2005,77,"Substance",1,1,1,0,1,0,0,1,0,0,1
"5445","Female","Black",2005,77,"Substance",5,5,4,0,3,0,0,3,0,0,5
"5446","Male","Black",2005,77,"Substance",53,39,34,0,11,0,0,22,0,0,53
"5447","Unknown","Black",2005,77,"Substance",1,1,1,0,1,0,0,1,0,0,1
"5448","Male","Hispanic",2005,77,"Substance",3,2,1,0,0,0,0,0,0,0,3
"5449","Male","Other",2005,77,"Substance",1,1,0,0,1,0,0,1,0,0,1
"5450","Female","White",2005,77,"Substance",1,0,0,0,0,0,0,0,0,0,1
"5451","Female","Black",2006,77,"Substance",4,3,3,0,1,0,0,0,0,0,4
"5452","Male","Black",2006,77,"Substance",31,27,23,1,12,1,0,7,0,0,31
"5453","Male","Hispanic",2006,77,"Substance",2,2,1,0,0,0,0,1,0,0,2
"5454","Unknown","Other",2006,77,"Substance",3,1,0,0,0,0,0,0,0,0,3
"5455","Male","Asian",2007,77,"Substance",1,0,1,0,0,0,0,0,0,0,1
"5456","Female","Black",2007,77,"Substance",13,11,11,0,5,0,0,4,0,0,13
"5457","Male","Black",2007,77,"Substance",135,120,100,0,41,0,0,53,0,0,135
"5458","Unknown","Black",2007,77,"Substance",1,0,0,0,1,0,0,0,0,0,1
"5459","Female","Hispanic",2007,77,"Substance",1,1,1,0,1,0,0,1,0,0,1
"5460","Male","Hispanic",2007,77,"Substance",5,4,3,0,0,0,0,1,0,0,5
"5461","Female","Other",2007,77,"Substance",1,1,1,0,0,0,0,0,0,0,1
"5462","Unknown","Other",2007,77,"Substance",3,3,3,0,0,0,0,2,0,0,3
"5463","Male","White",2007,77,"Substance",2,2,1,0,0,0,0,0,0,0,2
"5464","Male","Asian",2008,77,"Substance",1,1,0,0,0,0,0,0,0,0,1
"5465","Female","Black",2008,77,"Substance",39,25,23,0,9,0,0,11,0,0,39
"5466","Male","Black",2008,77,"Substance",310,256,232,1,110,0,0,136,0,0,310
"5467","Female","Hispanic",2008,77,"Substance",6,4,4,0,2,0,0,2,0,0,6
"5468","Male","Hispanic",2008,77,"Substance",17,16,11,0,6,0,0,8,0,0,17
"5469","Male","Native",2008,77,"Substance",1,1,1,0,0,0,0,0,0,0,1
"5470","Female","Other",2008,77,"Substance",1,1,1,0,1,0,0,1,0,0,1
"5471","Male","Other",2008,77,"Substance",3,3,2,0,0,0,0,2,0,0,3
"5472","Unknown","Other",2008,77,"Substance",3,3,2,0,0,0,0,1,0,0,3
"5473","Female","White",2008,77,"Substance",3,1,1,0,0,0,0,0,0,0,3
"5474","Male","White",2008,77,"Substance",4,3,4,0,2,0,0,2,0,0,4
"5475","Male","Asian",2009,77,"Substance",1,1,0,0,0,0,0,0,0,0,1
"5476","Female","Black",2009,77,"Substance",22,10,6,0,0,0,0,1,0,0,22
"5477","Male","Black",2009,77,"Substance",250,164,107,0,52,0,3,52,0,0,250
"5478","Unknown","Black",2009,77,"Substance",1,0,1,0,0,0,0,0,0,0,1
"5479","Female","Hispanic",2009,77,"Substance",3,1,1,0,0,0,0,0,0,0,3
"5480","Male","Hispanic",2009,77,"Substance",13,7,3,0,1,0,0,2,0,0,13
"5481","Male","Native",2009,77,"Substance",1,1,0,0,0,0,0,1,0,0,1
"5482","Female","Other",2009,77,"Substance",1,0,0,0,0,0,0,0,0,0,1
"5483","Male","Other",2009,77,"Substance",2,2,0,0,0,0,0,1,0,0,2
"5484","Unknown","Other",2009,77,"Substance",3,1,0,0,1,0,0,1,0,0,3
"5485","Female","White",2009,77,"Substance",2,0,0,0,0,0,0,0,0,0,2
"5486","Male","White",2009,77,"Substance",4,2,3,0,0,0,0,1,0,0,4
"5487","Male","Asian",2010,77,"Substance",1,0,0,0,0,0,0,0,0,0,1
"5488","Female","Black",2010,77,"Substance",15,6,6,0,1,0,0,1,0,0,15
"5489","Male","Black",2010,77,"Substance",116,82,59,0,7,0,0,6,0,0,116
"5490","Female","Hispanic",2010,77,"Substance",3,2,0,0,0,0,0,0,0,0,3
"5491","Male","Hispanic",2010,77,"Substance",4,1,2,0,1,0,0,1,0,0,4
"5492","Male","White",2010,77,"Substance",1,1,1,0,0,0,0,0,0,0,1
"5493","Male","Asian",2006,78,"Substance",1,1,1,0,0,0,0,0,0,0,1
"5494","Female","Black",2006,78,"Substance",1,0,0,0,1,0,0,1,0,0,1
"5495","Male","Black",2006,78,"Substance",30,30,29,0,17,0,0,15,0,0,30
"5496","Female","Hispanic",2006,78,"Substance",1,1,1,0,1,0,0,1,0,0,1
"5497","Male","Hispanic",2006,78,"Substance",9,9,8,0,6,0,0,2,0,0,9
"5498","Male","Other",2006,78,"Substance",1,1,1,0,1,0,0,1,0,0,1
"5499","Male","White",2006,78,"Substance",2,2,2,0,1,0,0,0,0,0,2
"5500","Male","Black",2007,78,"Substance",7,4,3,0,0,0,0,1,0,0,7
"5501","Female","Hispanic",2007,78,"Substance",1,1,1,0,0,0,0,0,0,0,1
"5502","Male","Hispanic",2007,78,"Substance",7,3,2,0,0,0,0,1,0,0,7
"5503","Female","White",2007,78,"Substance",1,1,1,0,1,0,0,1,0,0,1
"5504","Male","Black",2008,78,"Substance",2,1,2,0,0,0,0,0,0,0,2
"5505","Female","Hispanic",2008,78,"Substance",1,0,0,0,0,0,0,0,0,0,1
"5506","Male","Hispanic",2008,78,"Substance",2,2,2,0,2,0,0,2,0,0,2
"5507","Male","Hispanic",2009,78,"Substance",2,2,1,0,0,0,0,0,0,0,2
"5508","Male","White",2009,78,"Substance",1,1,1,0,1,0,0,1,0,0,1
"5509","Male","Black",2010,78,"Substance",2,2,1,0,0,0,0,0,0,0,2
"5510","Male","Hispanic",2010,78,"Substance",1,1,0,0,0,0,0,0,0,0,1
"5511","Male","Black",2005,79,"Substance",15,10,11,0,2,0,0,3,0,0,15
"5512","Male","Hispanic",2005,79,"Substance",1,0,1,0,0,0,0,0,0,0,1
"5513","Male","Black",2006,79,"Substance",17,14,12,0,5,0,0,5,0,0,17
"5514","Male","Hispanic",2006,79,"Substance",4,3,2,0,1,0,0,1,0,0,4
"5515","Unknown","Other",2006,79,"Substance",1,1,1,0,0,0,0,0,0,0,1
"5516","Male","White",2006,79,"Substance",1,0,1,0,1,0,0,0,0,0,1
"5517","Male","Asian",2007,79,"Substance",1,1,0,0,1,0,0,1,0,0,1
"5518","Female","Black",2007,79,"Substance",23,11,5,0,9,0,0,4,0,0,23
"5519","Male","Black",2007,79,"Substance",185,138,93,1,77,2,0,54,0,0,185
"5520","Unknown","Black",2007,79,"Substance",1,0,0,0,0,0,0,1,0,0,1
"5521","Female","Hispanic",2007,79,"Substance",3,1,0,0,1,0,0,1,0,0,3
"5522","Male","Hispanic",2007,79,"Substance",25,20,14,0,10,0,1,9,0,0,25
"5523","Male","Other",2007,79,"Substance",6,2,0,0,1,0,0,1,0,0,6
"5524","Unknown","Other",2007,79,"Substance",8,7,5,0,4,0,0,2,0,0,8
"5525","Female","White",2007,79,"Substance",1,1,0,0,0,0,0,0,0,0,1
"5526","Male","White",2007,79,"Substance",7,4,4,0,4,0,0,2,0,0,7
"5527","Unknown","White",2007,79,"Substance",1,1,1,0,1,0,0,0,0,0,1
"5528","Male","Asian",2008,79,"Substance",2,0,1,0,0,0,0,0,0,0,2
"5529","Female","Black",2008,79,"Substance",19,11,6,0,4,0,0,4,0,0,19
"5530","Male","Black",2008,79,"Substance",181,109,96,0,73,0,1,58,0,0,181
"5531","Unknown","Black",2008,79,"Substance",1,1,1,0,1,0,0,0,0,0,1
"5532","Female","Hispanic",2008,79,"Substance",5,5,0,0,3,0,0,2,0,0,5
"5533","Male","Hispanic",2008,79,"Substance",28,20,17,0,15,0,0,6,0,0,28
"5534","Unknown","Hispanic",2008,79,"Substance",1,1,0,0,1,0,0,0,0,0,1
"5535","Male","Native",2008,79,"Substance",1,0,0,0,0,0,0,0,0,0,1
"5536","Male","Other",2008,79,"Substance",5,3,3,0,0,0,0,1,0,0,5
"5537","Unknown","Other",2008,79,"Substance",2,2,1,0,2,0,0,1,0,0,2
"5538","Female","White",2008,79,"Substance",2,1,0,0,1,0,0,0,0,0,2
"5539","Male","White",2008,79,"Substance",2,1,1,0,2,0,0,1,0,0,2
"5540","Male","Asian",2009,79,"Substance",2,1,1,0,1,0,0,0,0,0,2
"5541","Female","Black",2009,79,"Substance",23,22,6,0,6,0,0,6,0,0,23
"5542","Male","Black",2009,79,"Substance",160,128,105,0,57,0,2,60,0,0,160
"5543","Unknown","Black",2009,79,"Substance",1,1,1,0,0,0,0,0,0,0,1
"5544","Female","Hispanic",2009,79,"Substance",3,3,2,0,1,0,0,1,0,0,3
"5545","Male","Hispanic",2009,79,"Substance",26,23,20,0,19,0,3,10,0,0,26
"5546","Unknown","Hispanic",2009,79,"Substance",1,1,1,0,1,0,0,0,0,0,1
"5547","Female","Other",2009,79,"Substance",1,1,1,0,1,0,0,1,0,0,1
"5548","Male","Other",2009,79,"Substance",4,4,1,0,1,0,1,1,0,0,4
"5549","Female","White",2009,79,"Substance",2,1,1,0,0,0,0,1,0,0,2
"5550","Male","White",2009,79,"Substance",4,3,3,0,1,0,0,1,0,0,4
"5551","Male","Asian",2010,79,"Substance",3,1,2,0,1,0,0,0,0,0,3
"5552","Female","Black",2010,79,"Substance",12,11,8,0,6,0,0,1,0,0,12
"5553","Male","Black",2010,79,"Substance",57,52,41,0,27,0,0,23,0,0,57
"5554","Female","Hispanic",2010,79,"Substance",3,1,0,0,1,0,0,0,0,0,3
"5555","Male","Hispanic",2010,79,"Substance",13,9,9,0,6,0,0,3,0,0,13
"5556","Male","Other",2010,79,"Substance",1,1,1,0,0,0,0,0,0,0,1
"5557","Female","White",2010,79,"Substance",1,1,1,0,1,0,0,0,0,0,1
"5558","Male","White",2010,79,"Substance",5,5,3,0,1,0,0,1,0,0,5
"5559","Female","Black",2005,81,"Substance",2,2,1,0,0,0,0,0,0,0,2
"5560","Male","Black",2005,81,"Substance",5,5,2,0,1,0,0,0,0,0,5
"5561","Male","Hispanic",2005,81,"Substance",4,3,2,0,0,0,0,1,0,0,4
"5562","Female","Other",2005,81,"Substance",2,2,2,0,0,0,0,0,0,0,2
"5563","Male","Black",2006,81,"Substance",8,7,3,0,3,0,0,3,0,0,8
"5564","Male","Hispanic",2006,81,"Substance",1,1,0,0,0,0,0,0,0,0,1
"5565","Female","Black",2007,81,"Substance",10,3,7,0,1,0,0,6,0,0,10
"5566","Male","Black",2007,81,"Substance",66,52,38,0,13,0,1,23,0,0,66
"5567","Male","Hispanic",2007,81,"Substance",2,2,1,0,0,0,0,1,0,0,2
"5568","Unknown","Other",2007,81,"Substance",1,1,1,0,0,0,0,0,0,0,1
"5569","Male","White",2007,81,"Substance",1,1,1,0,0,0,0,0,0,0,1
"5570","Female","Black",2008,81,"Substance",13,12,10,0,8,0,0,5,0,0,13
"5571","Male","Black",2008,81,"Substance",86,71,69,0,47,0,0,22,0,0,86
"5572","Female","Hispanic",2008,81,"Substance",1,1,1,0,0,0,0,0,0,0,1
"5573","Male","Hispanic",2008,81,"Substance",7,7,3,0,2,0,0,1,0,0,7
"5574","Female","Other",2008,81,"Substance",1,1,0,0,0,0,0,1,0,0,1
"5575","Unknown","Other",2008,81,"Substance",1,1,1,0,0,0,0,0,0,0,1
"5576","Female","Black",2009,81,"Substance",7,6,5,0,1,0,0,1,0,0,7
"5577","Male","Black",2009,81,"Substance",102,77,48,0,30,0,0,20,0,0,102
"5578","Male","Hispanic",2009,81,"Substance",3,2,1,0,1,0,0,0,0,0,3
"5579","Male","Native",2009,81,"Substance",1,1,1,0,0,0,0,0,0,0,1
"5580","Male","Other",2009,81,"Substance",2,2,2,0,2,0,0,2,0,0,2
"5581","Unknown","Other",2009,81,"Substance",1,0,0,0,0,0,0,0,0,0,1
"5582","Female","White",2009,81,"Substance",1,0,0,0,0,0,0,0,0,0,1
"5583","Male","Asian",2010,81,"Substance",1,1,0,0,0,0,0,0,0,0,1
"5584","Female","Black",2010,81,"Substance",4,2,1,0,1,0,0,2,0,0,4
"5585","Male","Black",2010,81,"Substance",55,38,22,0,16,0,0,9,0,0,55
"5586","Female","Hispanic",2010,81,"Substance",1,0,0,0,0,0,0,0,0,0,1
"5587","Male","Hispanic",2010,81,"Substance",11,7,4,0,3,0,0,3,0,0,11
"5588","Male","White",2010,81,"Substance",1,1,1,0,1,0,0,1,0,0,1
"5589","Male","Black",2005,83,"Substance",1,1,1,0,1,0,0,0,0,0,1
"5590","Male","Hispanic",2005,83,"Substance",3,3,3,0,2,0,0,1,0,0,3
"5591","Male","Hispanic",2006,83,"Substance",6,6,3,0,2,0,0,3,0,0,6
"5592","Male","Black",2007,83,"Substance",27,26,24,0,14,0,0,6,0,0,27
"5593","Female","Hispanic",2007,83,"Substance",1,1,1,0,1,0,0,1,0,0,1
"5594","Male","Hispanic",2007,83,"Substance",36,34,27,0,15,0,0,13,0,0,36
"5595","Male","Other",2007,83,"Substance",2,2,0,0,1,0,0,0,0,0,2
"5596","Female","White",2007,83,"Substance",1,1,0,0,1,0,0,0,0,0,1
"5597","Male","White",2007,83,"Substance",6,6,3,0,3,0,0,0,0,0,6
"5598","Female","Black",2008,83,"Substance",5,4,4,0,2,0,0,1,0,0,5
"5599","Male","Black",2008,83,"Substance",43,29,26,0,19,0,0,13,0,0,43
"5600","Female","Hispanic",2008,83,"Substance",11,9,8,0,1,0,0,0,0,0,11
"5601","Male","Hispanic",2008,83,"Substance",94,84,83,0,53,0,0,32,0,0,94
"5602","Female","Other",2008,83,"Substance",1,1,1,0,0,0,0,0,0,0,1
"5603","Male","Other",2008,83,"Substance",1,1,1,0,0,0,0,0,0,0,1
"5604","Unknown","Other",2008,83,"Substance",1,1,1,0,0,0,0,0,0,0,1
"5605","Male","White",2008,83,"Substance",7,6,6,0,3,0,0,3,0,0,7
"5606","Female","Black",2009,83,"Substance",4,4,4,0,1,0,0,1,0,0,4
"5607","Male","Black",2009,83,"Substance",52,46,47,0,26,0,0,12,0,0,52
"5608","Female","Hispanic",2009,83,"Substance",8,8,7,0,2,0,0,1,0,0,8
"5609","Male","Hispanic",2009,83,"Substance",67,61,57,0,23,0,0,15,0,0,67
"5610","Female","White",2009,83,"Substance",1,1,1,0,0,0,0,0,0,0,1
"5611","Male","White",2009,83,"Substance",9,8,7,0,4,0,0,4,0,0,9
"5612","Female","Black",2010,83,"Substance",1,1,1,0,1,0,0,1,0,0,1
"5613","Male","Black",2010,83,"Substance",18,16,14,0,11,0,0,8,0,0,18
"5614","Female","Hispanic",2010,83,"Substance",2,0,0,0,1,0,0,0,0,0,2
"5615","Male","Hispanic",2010,83,"Substance",17,16,13,0,6,0,0,2,0,0,17
"5616","Female","Other",2010,83,"Substance",1,0,0,0,1,0,0,1,0,0,1
"5617","Male","White",2010,83,"Substance",2,2,1,0,0,0,0,0,0,0,2
"5618","Male","Black",2005,84,"Substance",2,2,2,0,1,0,0,0,0,0,2
"5619","Male","Hispanic",2005,84,"Substance",1,1,1,0,1,0,0,0,0,0,1
"5620","Female","Black",2006,84,"Substance",2,1,2,0,1,0,0,0,0,0,2
"5621","Male","Black",2006,84,"Substance",10,8,7,0,4,0,0,6,0,0,10
"5622","Male","Hispanic",2006,84,"Substance",5,2,2,0,0,0,0,0,0,0,5
"5623","Female","Black",2007,84,"Substance",1,1,0,0,0,0,0,0,0,0,1
"5624","Male","Black",2007,84,"Substance",21,16,12,0,4,0,2,3,0,0,21
"5625","Male","Hispanic",2007,84,"Substance",4,4,2,0,2,0,0,1,0,0,4
"5626","Male","White",2007,84,"Substance",4,4,2,0,0,0,0,0,0,0,4
"5627","Female","Black",2008,84,"Substance",2,2,1,0,0,0,0,0,0,0,2
"5628","Male","Black",2008,84,"Substance",72,55,39,1,8,1,0,3,0,0,72
"5629","Female","Hispanic",2008,84,"Substance",3,2,2,0,2,0,0,2,0,0,3
"5630","Male","Hispanic",2008,84,"Substance",17,11,10,0,5,0,0,1,0,0,17
"5631","Male","Other",2008,84,"Substance",1,0,0,0,0,0,0,0,0,0,1
"5632","Female","White",2008,84,"Substance",3,2,2,0,0,0,0,0,0,0,3
"5633","Male","White",2008,84,"Substance",10,7,8,0,0,0,0,0,0,0,10
"5634","Female","Black",2009,84,"Substance",4,2,2,0,1,0,0,0,0,0,4
"5635","Male","Black",2009,84,"Substance",28,24,13,0,6,0,1,5,0,0,28
"5636","Female","Hispanic",2009,84,"Substance",1,0,0,0,0,0,0,0,0,0,1
"5637","Male","Hispanic",2009,84,"Substance",3,2,1,0,1,0,0,1,0,0,3
"5638","Male","Native",2009,84,"Substance",1,1,0,0,0,0,0,0,0,0,1
"5639","Male","Other",2009,84,"Substance",1,0,0,0,1,0,0,0,0,0,1
"5640","Male","White",2009,84,"Substance",2,1,1,0,0,0,0,0,0,0,2
"5641","Male","Asian",2010,84,"Substance",1,0,0,0,0,0,0,0,0,0,1
"5642","Female","Black",2010,84,"Substance",3,3,3,0,0,0,0,0,0,0,3
"5643","Male","Black",2010,84,"Substance",12,10,4,0,1,0,0,0,0,0,12
"5644","Male","Hispanic",2010,84,"Substance",2,1,2,0,0,0,0,0,0,0,2
"5645","Male","White",2010,84,"Substance",4,3,3,0,0,0,0,0,0,0,4
"5646","Female","Black",2005,88,"Substance",8,6,2,0,1,0,0,1,0,0,8
"5647","Male","Black",2005,88,"Substance",38,24,5,0,4,0,0,5,0,0,38
"5648","Male","Hispanic",2005,88,"Substance",5,3,1,0,0,0,0,1,0,0,5
"5649","Male","White",2005,88,"Substance",3,2,1,0,0,0,0,0,0,0,3
"5650","Male","Asian",2006,88,"Substance",1,1,1,0,1,0,0,0,0,0,1
"5651","Female","Black",2006,88,"Substance",20,15,8,0,1,0,0,1,0,0,20
"5652","Male","Black",2006,88,"Substance",141,94,74,0,24,0,0,23,0,0,141
"5653","Unknown","Black",2006,88,"Substance",2,2,2,0,0,0,0,2,0,0,2
"5654","Female","Hispanic",2006,88,"Substance",3,1,1,0,0,0,0,0,0,0,3
"5655","Male","Hispanic",2006,88,"Substance",24,11,11,0,5,0,0,3,0,0,24
"5656","Female","Other",2006,88,"Substance",1,1,1,0,0,0,0,1,0,0,1
"5657","Male","Other",2006,88,"Substance",8,7,6,0,1,0,0,4,0,0,8
"5658","Unknown","Other",2006,88,"Substance",3,3,3,0,1,0,0,3,0,0,3
"5659","Female","White",2006,88,"Substance",1,0,1,0,0,0,0,0,0,0,1
"5660","Male","White",2006,88,"Substance",7,5,3,0,2,0,0,0,0,0,7
"5661","Female","Black",2007,88,"Substance",12,6,8,0,1,0,0,1,0,0,12
"5662","Male","Black",2007,88,"Substance",135,95,62,0,32,0,1,30,0,0,135
"5663","Female","Hispanic",2007,88,"Substance",1,0,0,0,0,0,0,0,0,0,1
"5664","Male","Hispanic",2007,88,"Substance",15,7,7,0,4,0,0,3,0,0,15
"5665","Unknown","Hispanic",2007,88,"Substance",1,1,1,0,0,0,0,0,0,0,1
"5666","Male","Other",2007,88,"Substance",1,0,0,0,0,0,0,0,0,0,1
"5667","Unknown","Other",2007,88,"Substance",4,2,3,0,1,0,0,0,0,0,4
"5668","Female","White",2007,88,"Substance",1,1,0,0,1,0,0,1,0,0,1
"5669","Male","White",2007,88,"Substance",3,1,2,0,0,0,0,2,0,0,3
"5670","Male","Asian",2008,88,"Substance",2,1,0,0,0,0,0,0,0,0,2
"5671","Female","Black",2008,88,"Substance",11,9,7,0,3,0,0,3,0,0,11
"5672","Male","Black",2008,88,"Substance",108,81,45,0,17,1,1,21,0,0,108
"5673","Female","Hispanic",2008,88,"Substance",1,1,1,0,0,0,0,0,0,0,1
"5674","Male","Hispanic",2008,88,"Substance",17,11,7,0,1,0,0,0,0,0,17
"5675","Unknown","Hispanic",2008,88,"Substance",1,0,0,0,0,0,0,0,0,0,1
"5676","Female","Other",2008,88,"Substance",1,0,1,0,0,0,0,0,0,0,1
"5677","Male","Other",2008,88,"Substance",2,1,1,0,0,0,0,0,0,0,2
"5678","Unknown","Other",2008,88,"Substance",2,1,1,0,0,0,0,1,0,0,2
"5679","Female","White",2008,88,"Substance",1,1,0,0,0,0,0,0,0,0,1
"5680","Male","White",2008,88,"Substance",4,1,1,0,0,0,0,1,0,0,4
"5681","Unknown","White",2008,88,"Substance",1,1,1,0,0,0,0,0,0,0,1
"5682","Male","Asian",2009,88,"Substance",1,1,0,0,0,0,0,0,0,0,1
"5683","Female","Black",2009,88,"Substance",4,3,2,0,0,0,0,1,0,0,4
"5684","Male","Black",2009,88,"Substance",69,48,22,0,26,0,0,18,0,0,69
"5685","Female","Hispanic",2009,88,"Substance",2,0,1,0,0,0,0,0,0,0,2
"5686","Male","Hispanic",2009,88,"Substance",10,6,4,0,3,0,0,3,0,0,10
"5687","Male","Native",2009,88,"Substance",1,0,0,0,0,0,0,0,0,0,1
"5688","Female","White",2009,88,"Substance",1,0,0,0,0,0,0,0,0,0,1
"5689","Male","White",2009,88,"Substance",8,3,1,0,0,0,0,0,0,0,8
"5690","Female","Black",2010,88,"Substance",1,0,0,0,0,0,0,0,0,0,1
"5691","Male","Black",2010,88,"Substance",49,34,19,0,14,0,0,9,0,0,49
"5692","Male","Hispanic",2010,88,"Substance",11,9,5,0,4,0,0,2,0,0,11
"5693","Male","White",2010,88,"Substance",2,1,1,0,1,0,0,1,0,0,2
"5694","Male","Black",2005,90,"Substance",7,6,5,0,1,0,0,0,0,0,7
"5695","Male","Hispanic",2005,90,"Substance",7,6,7,0,1,0,0,1,0,0,7
"5696","Male","White",2005,90,"Substance",1,0,0,0,0,0,0,0,0,0,1
"5697","Male","Black",2006,90,"Substance",3,2,1,0,1,0,0,1,0,0,3
"5698","Female","Hispanic",2006,90,"Substance",1,1,0,0,1,0,0,0,0,0,1
"5699","Male","Hispanic",2006,90,"Substance",2,1,0,0,0,0,0,0,0,0,2
"5700","Male","Other",2006,90,"Substance",1,0,0,0,0,0,0,0,0,0,1
"5701","Unknown","Other",2006,90,"Substance",1,0,0,0,0,0,0,0,0,0,1
"5702","Male","White",2006,90,"Substance",1,1,0,0,0,0,0,0,0,0,1
"5703","Male","Asian",2007,90,"Substance",1,1,1,0,0,0,0,0,0,0,1
"5704","Female","Black",2007,90,"Substance",6,5,5,0,1,0,0,1,0,0,6
"5705","Male","Black",2007,90,"Substance",28,22,19,0,4,0,0,6,0,0,28
"5706","Female","Hispanic",2007,90,"Substance",6,4,5,0,1,0,0,0,0,0,6
"5707","Male","Hispanic",2007,90,"Substance",49,44,36,0,8,0,1,7,0,0,49
"5708","Male","Native",2007,90,"Substance",1,1,1,0,0,0,0,1,0,0,1
"5709","Female","White",2007,90,"Substance",3,3,2,0,0,0,0,1,0,0,3
"5710","Male","White",2007,90,"Substance",4,2,3,0,1,0,0,1,0,0,4
"5711","Female","Black",2008,90,"Substance",2,2,1,0,1,0,0,0,0,0,2
"5712","Male","Black",2008,90,"Substance",22,18,16,0,8,0,0,7,0,0,22
"5713","Female","Hispanic",2008,90,"Substance",9,6,5,0,3,0,0,1,0,0,9
"5714","Male","Hispanic",2008,90,"Substance",55,34,37,0,23,0,0,10,0,0,55
"5715","Female","Other",2008,90,"Substance",1,0,0,0,0,0,0,0,0,0,1
"5716","Male","Other",2008,90,"Substance",1,1,1,0,1,0,0,0,0,0,1
"5717","Female","White",2008,90,"Substance",3,2,2,0,1,0,0,2,0,0,3
"5718","Male","White",2008,90,"Substance",9,5,6,0,2,0,0,2,0,0,9
"5719","Female","Black",2009,90,"Substance",1,1,1,0,1,0,0,1,0,0,1
"5720","Male","Black",2009,90,"Substance",28,24,21,0,12,0,1,11,0,0,28
"5721","Male","Hispanic",2009,90,"Substance",46,38,38,0,21,0,0,17,0,0,46
"5722","Male","Native",2009,90,"Substance",1,1,1,0,1,0,0,0,0,0,1
"5723","Female","White",2009,90,"Substance",1,0,0,0,1,0,0,0,0,0,1
"5724","Male","White",2009,90,"Substance",6,5,5,0,2,0,0,1,0,0,6
"5725","Female","Black",2010,90,"Substance",1,1,0,0,0,0,0,0,0,0,1
"5726","Male","Black",2010,90,"Substance",21,20,17,0,7,0,0,4,0,0,21
"5727","Female","Hispanic",2010,90,"Substance",3,2,2,0,1,0,0,1,0,0,3
"5728","Male","Hispanic",2010,90,"Substance",49,42,40,0,24,0,0,14,0,0,49
"5729","Female","White",2010,90,"Substance",1,1,1,0,0,0,0,0,0,0,1
"5730","Male","White",2010,90,"Substance",9,9,7,0,3,0,0,3,0,0,9
"5731","Male","White",2005,94,"Substance",1,1,1,0,1,0,0,0,0,0,1
"5732","Male","Black",2006,94,"Substance",1,1,0,0,0,0,0,0,0,0,1
"5733","Male","Hispanic",2006,94,"Substance",3,1,1,0,0,0,0,0,0,0,3
"5734","Female","Other",2006,94,"Substance",1,1,1,0,0,0,0,0,0,0,1
"5735","Female","White",2006,94,"Substance",1,1,1,0,0,0,0,0,0,0,1
"5736","Male","White",2006,94,"Substance",3,2,2,0,0,0,0,1,0,0,3
"5737","Male","Black",2007,94,"Substance",1,1,1,0,0,0,0,0,0,0,1
"5738","Male","Hispanic",2007,94,"Substance",2,2,2,0,0,0,0,0,0,0,2
"5739","Female","White",2007,94,"Substance",1,1,1,0,1,0,0,1,0,0,1
"5740","Male","White",2007,94,"Substance",6,6,5,0,2,0,0,0,0,0,6
"5741","Male","Black",2008,94,"Substance",1,1,1,0,1,0,0,1,0,0,1
"5742","Female","Hispanic",2008,94,"Substance",1,1,1,0,0,0,0,0,0,0,1
"5743","Male","Hispanic",2008,94,"Substance",13,12,9,0,3,0,0,3,0,0,13
"5744","Male","White",2008,94,"Substance",13,13,11,0,4,0,0,3,0,0,13
"5745","Male","Black",2009,94,"Substance",4,3,1,0,0,0,0,0,0,0,4
"5746","Male","Hispanic",2009,94,"Substance",9,8,8,0,2,0,0,1,0,0,9
"5747","Male","White",2009,94,"Substance",13,12,11,0,5,0,0,1,0,0,13
"5748","Female","Black",2010,94,"Substance",2,2,2,0,0,0,0,0,0,0,2
"5749","Male","Black",2010,94,"Substance",1,1,1,0,0,0,0,0,0,0,1
"5750","Female","Hispanic",2010,94,"Substance",1,1,1,0,0,0,0,0,0,0,1
"5751","Male","Hispanic",2010,94,"Substance",5,5,5,0,0,0,0,0,0,0,5
"5752","Female","White",2010,94,"Substance",2,2,2,0,2,0,0,0,0,0,2
"5753","Male","White",2010,94,"Substance",7,7,7,0,3,0,0,1,0,0,7
"5754","Female","Hispanic",2005,100,"Substance",2,2,2,0,2,0,0,2,0,0,2
"5755","Male","Black",2006,100,"Substance",14,9,14,0,8,0,0,7,0,0,14
"5756","Male","Hispanic",2006,100,"Substance",3,2,3,0,1,0,0,1,0,0,3
"5757","Female","White",2006,100,"Substance",1,1,1,0,0,0,0,0,0,0,1
"5758","Male","White",2006,100,"Substance",3,3,2,0,2,0,0,2,0,0,3
"5759","Male","Asian",2007,100,"Substance",1,1,1,0,0,0,0,1,0,0,1
"5760","Male","Black",2007,100,"Substance",17,15,13,0,8,0,0,9,0,0,17
"5761","Female","Hispanic",2007,100,"Substance",1,1,1,0,1,0,0,1,0,0,1
"5762","Male","Hispanic",2007,100,"Substance",4,3,3,0,2,0,0,2,0,0,4
"5763","Female","White",2007,100,"Substance",1,1,1,0,1,0,0,1,0,0,1
"5764","Male","White",2007,100,"Substance",15,12,11,0,4,0,0,6,0,0,15
"5765","Male","Black",2008,100,"Substance",24,21,20,0,19,0,0,16,0,0,24
"5766","Male","Hispanic",2008,100,"Substance",4,3,3,0,3,0,0,3,0,0,4
"5767","Male","White",2008,100,"Substance",3,3,1,0,0,0,0,0,0,0,3
"5768","Female","Black",2009,100,"Substance",2,1,0,0,1,0,0,1,0,0,2
"5769","Male","Black",2009,100,"Substance",18,17,15,0,10,0,0,13,0,0,18
"5770","Male","Hispanic",2009,100,"Substance",4,4,3,0,3,0,0,4,0,0,4
"5771","Male","White",2009,100,"Substance",3,2,3,0,3,0,0,2,0,0,3
"5772","Male","Black",2010,100,"Substance",10,4,10,0,7,0,0,9,0,0,10
"5773","Female","Hispanic",2010,100,"Substance",1,1,1,0,1,0,0,0,0,0,1
"5774","Male","Hispanic",2010,100,"Substance",7,6,7,0,6,0,0,4,0,0,7
"5775","Male","White",2010,100,"Substance",5,5,4,0,4,0,0,2,0,0,5
"5776","Male","Black",2005,101,"Substance",3,3,2,0,1,0,0,2,0,0,3
"5777","Male","Asian",2006,101,"Substance",4,4,4,0,2,0,0,4,0,0,4
"5778","Female","Black",2006,101,"Substance",12,10,5,0,10,0,0,4,0,0,12
"5779","Male","Black",2006,101,"Substance",174,96,62,0,47,0,1,34,0,0,174
"5780","Female","Hispanic",2006,101,"Substance",1,0,0,0,0,0,0,0,0,0,1
"5781","Male","Hispanic",2006,101,"Substance",19,12,10,0,6,0,0,5,0,0,19
"5782","Male","Other",2006,101,"Substance",5,1,1,0,0,0,0,0,0,0,5
"5783","Unknown","Other",2006,101,"Substance",3,2,0,0,1,0,0,1,0,0,3
"5784","Female","White",2006,101,"Substance",2,2,1,0,1,0,0,2,0,0,2
"5785","Male","White",2006,101,"Substance",13,6,4,0,4,0,0,2,0,0,13
"5786","Female","Black",2007,101,"Substance",5,3,4,0,3,0,0,1,0,0,5
"5787","Male","Black",2007,101,"Substance",135,96,90,1,57,0,0,29,0,0,135
"5788","Female","Hispanic",2007,101,"Substance",3,1,1,0,0,0,0,1,0,0,3
"5789","Male","Hispanic",2007,101,"Substance",24,17,14,0,13,0,0,5,0,0,24
"5790","Male","Other",2007,101,"Substance",1,0,0,0,0,0,0,0,0,0,1
"5791","Female","White",2007,101,"Substance",1,0,0,0,0,0,0,0,0,0,1
"5792","Male","White",2007,101,"Substance",5,5,5,0,3,0,0,1,0,0,5
"5793","Male","Asian",2008,101,"Substance",1,1,0,0,0,0,0,0,0,0,1
"5794","Male","Black",2008,101,"Substance",105,65,74,0,41,0,0,40,0,0,105
"5795","Female","Hispanic",2008,101,"Substance",2,1,1,0,1,0,0,0,0,0,2
"5796","Male","Hispanic",2008,101,"Substance",17,13,12,0,12,0,0,9,0,0,17
"5797","Male","White",2008,101,"Substance",2,1,2,0,1,0,0,1,0,0,2
"5798","Female","Black",2009,101,"Substance",14,7,5,0,2,0,0,3,0,0,14
"5799","Male","Black",2009,101,"Substance",166,86,63,0,44,1,0,48,0,0,166
"5800","Female","Hispanic",2009,101,"Substance",2,1,1,0,0,0,0,1,0,0,2
"5801","Male","Hispanic",2009,101,"Substance",22,13,14,0,7,0,0,9,0,0,22
"5802","Male","Other",2009,101,"Substance",3,2,2,0,1,0,0,2,0,0,3
"5803","Male","White",2009,101,"Substance",2,2,0,0,1,0,0,0,0,0,2
"5804","Female","Black",2010,101,"Substance",8,3,6,0,5,0,0,5,0,0,8
"5805","Male","Black",2010,101,"Substance",50,28,32,0,19,0,2,22,0,0,50
"5806","Male","Hispanic",2010,101,"Substance",8,4,6,0,4,0,0,5,0,0,8
"5807","Male","Other",2010,101,"Substance",3,3,1,0,1,0,0,2,0,0,3
"5808","Female","White",2010,101,"Substance",1,1,1,0,0,0,0,0,0,0,1
"5809","Male","Asian",2006,102,"Substance",2,2,0,0,1,0,0,1,0,0,2
"5810","Male","Black",2006,102,"Substance",3,3,3,0,3,0,0,2,0,0,3
"5811","Male","Hispanic",2006,102,"Substance",13,13,12,0,5,0,0,5,0,0,13
"5812","Female","White",2006,102,"Substance",1,1,1,0,0,0,0,1,0,0,1
"5813","Male","White",2006,102,"Substance",2,2,2,0,0,0,0,1,0,0,2
"5814","Female","Asian",2007,102,"Substance",1,1,1,0,1,0,0,1,0,0,1
"5815","Male","Asian",2007,102,"Substance",9,8,9,0,6,0,0,6,0,0,9
"5816","Male","Black",2007,102,"Substance",15,12,14,0,8,0,0,10,0,0,15
"5817","Female","Hispanic",2007,102,"Substance",1,1,0,0,1,0,0,0,0,0,1
"5818","Male","Hispanic",2007,102,"Substance",12,9,12,0,8,0,0,5,0,0,12
"5819","Male","White",2007,102,"Substance",17,11,15,0,8,0,0,9,0,0,17
"5820","Male","Asian",2008,102,"Substance",14,12,11,0,6,0,0,9,0,0,14
"5821","Female","Black",2008,102,"Substance",1,0,1,0,0,0,0,0,0,0,1
"5822","Male","Black",2008,102,"Substance",19,16,18,0,6,0,0,10,0,0,19
"5823","Female","Hispanic",2008,102,"Substance",3,3,2,0,1,0,0,1,0,0,3
"5824","Male","Hispanic",2008,102,"Substance",38,34,32,0,17,0,0,17,0,0,38
"5825","Male","Other",2008,102,"Substance",1,1,1,0,1,0,0,1,0,0,1
"5826","Unknown","Other",2008,102,"Substance",2,2,1,0,1,0,0,1,0,0,2
"5827","Female","White",2008,102,"Substance",1,1,1,0,1,0,0,1,0,0,1
"5828","Male","White",2008,102,"Substance",10,8,10,0,7,0,0,8,0,0,10
"5829","Female","Asian",2009,102,"Substance",1,1,1,0,0,0,0,0,0,0,1
"5830","Male","Asian",2009,102,"Substance",16,14,14,0,8,0,0,8,0,0,16
"5831","Female","Black",2009,102,"Substance",2,0,0,0,0,0,0,0,0,0,2
"5832","Male","Black",2009,102,"Substance",12,12,11,0,4,0,0,6,0,0,12
"5833","Female","Hispanic",2009,102,"Substance",4,4,3,0,3,0,0,3,0,0,4
"5834","Male","Hispanic",2009,102,"Substance",37,37,36,0,23,0,0,27,0,0,37
"5835","Male","Other",2009,102,"Substance",1,1,1,0,0,0,0,1,0,0,1
"5836","Unknown","Other",2009,102,"Substance",2,2,2,0,1,0,0,1,0,0,2
"5837","Male","White",2009,102,"Substance",5,5,5,0,3,0,0,3,0,0,5
"5838","Male","Asian",2010,102,"Substance",10,10,10,0,5,0,0,4,0,0,10
"5839","Female","Black",2010,102,"Substance",2,2,1,0,0,0,0,0,0,0,2
"5840","Male","Black",2010,102,"Substance",11,9,9,0,8,0,0,7,0,0,11
"5841","Female","Hispanic",2010,102,"Substance",2,2,2,0,1,0,0,1,0,0,2
"5842","Male","Hispanic",2010,102,"Substance",19,19,15,0,8,0,0,7,0,0,19
"5843","Male","Other",2010,102,"Substance",2,2,2,0,0,0,0,0,0,0,2
"5844","Female","White",2010,102,"Substance",1,1,1,0,1,0,0,0,0,0,1
"5845","Male","White",2010,102,"Substance",3,3,2,0,0,0,0,0,0,0,3
"5846","Male","Asian",2006,103,"Substance",6,6,6,0,2,0,0,2,0,0,6
"5847","Female","Black",2006,103,"Substance",15,12,11,0,10,0,0,5,0,0,15
"5848","Male","Black",2006,103,"Substance",111,78,75,0,48,0,3,38,0,0,111
"5849","Female","Hispanic",2006,103,"Substance",1,1,0,0,1,0,0,0,0,0,1
"5850","Male","Hispanic",2006,103,"Substance",13,12,9,0,8,0,0,10,0,0,13
"5851","Female","White",2006,103,"Substance",5,5,4,0,4,0,0,4,0,0,5
"5852","Male","White",2006,103,"Substance",25,16,13,0,15,0,1,15,0,0,25
"5853","Female","Asian",2007,103,"Substance",1,1,1,0,1,0,0,1,0,0,1
"5854","Male","Asian",2007,103,"Substance",15,6,7,0,12,0,0,3,0,0,15
"5855","Female","Black",2007,103,"Substance",14,12,9,0,9,0,1,5,0,0,14
"5856","Male","Black",2007,103,"Substance",104,70,63,0,56,0,3,37,0,0,104
"5857","Male","Hispanic",2007,103,"Substance",14,8,10,0,9,0,0,5,0,0,14
"5858","Male","Native",2007,103,"Substance",1,1,0,0,0,0,0,1,0,0,1
"5859","Female","White",2007,103,"Substance",1,0,0,0,1,0,0,0,0,0,1
"5860","Male","White",2007,103,"Substance",13,6,8,0,8,0,0,4,0,0,13
"5861","Male","Asian",2008,103,"Substance",5,2,3,0,4,0,0,1,0,0,5
"5862","Female","Black",2008,103,"Substance",8,5,4,0,4,0,0,0,0,0,8
"5863","Male","Black",2008,103,"Substance",94,62,73,1,60,2,4,60,0,0,94
"5864","Female","Hispanic",2008,103,"Substance",2,1,0,0,0,0,0,1,0,0,2
"5865","Male","Hispanic",2008,103,"Substance",9,5,7,0,1,0,0,2,0,0,9
"5866","Female","Other",2008,103,"Substance",1,1,0,0,0,0,0,1,0,0,1
"5867","Male","Other",2008,103,"Substance",4,2,2,0,3,0,0,2,0,0,4
"5868","Female","White",2008,103,"Substance",2,2,1,0,0,0,0,0,0,0,2
"5869","Male","White",2008,103,"Substance",5,3,3,0,2,0,0,2,0,0,5
"5870","Male","Asian",2009,103,"Substance",6,5,2,0,1,0,0,5,0,0,6
"5871","Female","Black",2009,103,"Substance",8,3,4,0,4,0,0,1,0,0,8
"5872","Male","Black",2009,103,"Substance",113,82,78,0,54,0,0,74,0,0,113
"5873","Female","Hispanic",2009,103,"Substance",1,0,0,0,0,0,0,0,0,0,1
"5874","Male","Hispanic",2009,103,"Substance",25,21,19,0,15,0,0,15,0,0,25
"5875","Male","Native",2009,103,"Substance",2,2,2,0,0,0,0,2,0,0,2
"5876","Male","Other",2009,103,"Substance",4,4,2,0,1,0,0,1,0,0,4
"5877","Male","White",2009,103,"Substance",1,1,1,0,1,0,0,1,0,0,1
"5878","Female","Black",2010,103,"Substance",2,2,1,0,1,0,0,2,0,0,2
"5879","Male","Black",2010,103,"Substance",50,41,40,0,25,0,1,31,0,0,50
"5880","Female","Hispanic",2010,103,"Substance",1,1,1,0,1,0,0,1,0,0,1
"5881","Male","Hispanic",2010,103,"Substance",7,7,6,0,2,0,0,3,0,0,7
"5882","Male","Native",2010,103,"Substance",1,1,0,0,0,0,0,1,0,0,1
"5883","Male","White",2010,103,"Substance",1,1,1,0,0,0,0,0,0,0,1
"5884","Male","Asian",2006,104,"Substance",1,1,1,0,0,0,0,1,0,0,1
"5885","Male","Black",2006,104,"Substance",3,3,2,0,1,0,0,1,0,0,3
"5886","Male","Hispanic",2006,104,"Substance",9,6,6,0,2,0,0,2,0,0,9
"5887","Female","White",2006,104,"Substance",1,0,0,0,1,0,0,0,0,0,1
"5888","Male","White",2006,104,"Substance",9,5,2,0,0,0,0,1,0,0,9
"5889","Male","Black",2007,104,"Substance",4,4,2,0,1,0,0,0,0,0,4
"5890","Female","Hispanic",2007,104,"Substance",2,1,2,0,0,0,0,0,0,0,2
"5891","Male","Hispanic",2007,104,"Substance",23,21,13,0,1,0,0,1,0,0,23
"5892","Female","White",2007,104,"Substance",9,6,5,0,1,0,0,0,0,0,9
"5893","Male","White",2007,104,"Substance",28,26,17,0,10,0,0,5,0,0,28
"5894","Female","Asian",2008,104,"Substance",1,1,0,0,0,0,0,0,0,0,1
"5895","Male","Black",2008,104,"Substance",3,3,2,0,0,0,0,0,0,0,3
"5896","Female","Hispanic",2008,104,"Substance",2,2,2,0,0,0,0,0,0,0,2
"5897","Male","Hispanic",2008,104,"Substance",19,18,13,0,4,0,0,6,0,0,19
"5898","Male","Other",2008,104,"Substance",2,2,0,0,0,0,0,0,0,0,2
"5899","Female","White",2008,104,"Substance",8,7,4,0,0,0,0,0,0,0,8
"5900","Male","White",2008,104,"Substance",30,28,17,0,3,0,0,4,0,0,30
"5901","Male","Black",2009,104,"Substance",2,2,1,0,1,0,0,1,0,0,2
"5902","Female","Hispanic",2009,104,"Substance",1,1,0,0,0,0,0,0,0,0,1
"5903","Male","Hispanic",2009,104,"Substance",19,19,12,0,7,0,0,7,0,0,19
"5904","Male","White",2009,104,"Substance",15,14,11,0,4,0,0,3,0,0,15
"5905","Male","Hispanic",2010,104,"Substance",5,5,4,0,1,0,0,3,0,0,5
"5906","Male","White",2010,104,"Substance",4,3,1,0,4,0,0,3,0,0,4
"5907","Male","Asian",2006,105,"Substance",1,1,1,0,0,0,0,0,0,0,1
"5908","Male","Black",2006,105,"Substance",31,31,18,0,17,0,1,19,0,0,31
"5909","Female","Hispanic",2006,105,"Substance",1,1,1,0,1,0,0,0,0,0,1
"5910","Male","Hispanic",2006,105,"Substance",4,4,4,0,4,0,0,3,0,0,4
"5911","Male","Native",2006,105,"Substance",1,1,1,0,1,0,0,1,0,0,1
"5912","Unknown","Other",2006,105,"Substance",1,1,0,0,0,0,0,0,0,0,1
"5913","Male","White",2006,105,"Substance",1,1,1,0,1,0,0,0,0,0,1
"5914","Male","Asian",2007,105,"Substance",2,2,0,0,0,0,0,0,0,0,2
"5915","Male","Black",2007,105,"Substance",61,60,46,0,31,0,0,36,0,0,61
"5916","Male","Hispanic",2007,105,"Substance",8,8,6,0,4,0,0,5,0,0,8
"5917","Male","Native",2007,105,"Substance",1,1,0,0,0,0,0,0,0,0,1
"5918","Unknown","Other",2007,105,"Substance",1,1,0,0,0,0,0,1,0,0,1
"5919","Female","White",2007,105,"Substance",2,2,2,0,2,0,0,2,0,0,2
"5920","Male","White",2007,105,"Substance",19,17,12,0,11,0,0,11,0,0,19
"5921","Male","Asian",2008,105,"Substance",2,2,1,0,1,0,0,1,0,0,2
"5922","Female","Black",2008,105,"Substance",3,3,2,0,3,0,0,3,0,0,3
"5923","Male","Black",2008,105,"Substance",73,73,60,0,38,0,0,35,0,0,73
"5924","Female","Hispanic",2008,105,"Substance",2,2,2,0,2,0,0,2,0,0,2
"5925","Male","Hispanic",2008,105,"Substance",9,7,7,0,6,0,0,7,0,0,9
"5926","Male","Native",2008,105,"Substance",1,1,1,0,1,0,0,1,0,0,1
"5927","Male","Other",2008,105,"Substance",1,1,1,0,0,0,0,0,0,0,1
"5928","Unknown","Other",2008,105,"Substance",2,2,0,0,0,0,0,0,0,0,2
"5929","Female","White",2008,105,"Substance",2,2,2,0,1,0,0,1,0,0,2
"5930","Male","White",2008,105,"Substance",11,11,9,0,9,0,0,9,0,0,11
"5931","Male","Asian",2009,105,"Substance",1,1,1,0,1,0,0,1,0,0,1
"5932","Female","Black",2009,105,"Substance",10,8,10,0,7,0,0,7,0,0,10
"5933","Male","Black",2009,105,"Substance",117,112,94,0,69,0,3,65,0,0,117
"5934","Female","Hispanic",2009,105,"Substance",3,3,3,0,2,0,0,3,0,0,3
"5935","Male","Hispanic",2009,105,"Substance",25,25,20,0,13,0,0,13,0,0,25
"5936","Male","Native",2009,105,"Substance",2,2,1,0,1,0,0,1,0,0,2
"5937","Male","Other",2009,105,"Substance",3,3,2,0,1,0,0,1,0,0,3
"5938","Female","White",2009,105,"Substance",5,5,4,0,4,0,0,4,0,0,5
"5939","Male","White",2009,105,"Substance",34,32,30,0,27,0,0,25,0,0,34
"5940","Male","Asian",2010,105,"Substance",5,4,3,0,2,0,0,2,0,0,5
"5941","Female","Black",2010,105,"Substance",9,8,9,0,3,0,0,1,0,0,9
"5942","Male","Black",2010,105,"Substance",87,81,71,0,56,0,0,52,0,0,87
"5943","Female","Hispanic",2010,105,"Substance",1,1,1,0,1,0,0,1,0,0,1
"5944","Male","Hispanic",2010,105,"Substance",10,8,9,0,5,0,0,6,0,0,10
"5945","Male","Other",2010,105,"Substance",1,1,1,0,0,0,0,0,0,0,1
"5946","Female","White",2010,105,"Substance",2,2,2,0,0,0,0,0,0,0,2
"5947","Male","White",2010,105,"Substance",12,12,9,0,8,0,0,7,0,0,12
"5948","Male","Asian",2006,106,"Substance",4,3,3,0,2,0,0,2,0,0,4
"5949","Male","Black",2006,106,"Substance",6,6,5,0,3,0,0,4,0,0,6
"5950","Male","Hispanic",2006,106,"Substance",11,7,8,0,5,0,0,4,0,0,11
"5951","Male","White",2006,106,"Substance",7,6,6,0,2,0,0,2,0,0,7
"5952","Female","Asian",2007,106,"Substance",1,1,1,0,0,0,0,0,0,0,1
"5953","Male","Asian",2007,106,"Substance",12,12,9,0,1,0,0,1,0,0,12
"5954","Female","Black",2007,106,"Substance",1,0,0,0,0,0,0,0,0,0,1
"5955","Male","Black",2007,106,"Substance",15,12,11,0,3,0,0,4,0,0,15
"5956","Female","Hispanic",2007,106,"Substance",1,0,1,0,0,0,0,0,0,0,1
"5957","Male","Hispanic",2007,106,"Substance",14,14,13,0,5,0,0,6,0,0,14
"5958","Male","Other",2007,106,"Substance",4,4,4,0,3,0,0,4,0,0,4
"5959","Female","White",2007,106,"Substance",1,1,1,0,1,0,0,0,0,0,1
"5960","Male","White",2007,106,"Substance",7,5,5,0,3,0,0,2,0,0,7
"5961","Female","Asian",2008,106,"Substance",2,2,2,0,0,0,0,0,0,0,2
"5962","Male","Asian",2008,106,"Substance",21,20,16,0,1,0,0,3,0,0,21
"5963","Female","Black",2008,106,"Substance",3,3,3,0,0,0,0,0,0,0,3
"5964","Male","Black",2008,106,"Substance",19,17,18,0,8,0,0,4,0,0,19
"5965","Female","Hispanic",2008,106,"Substance",1,1,1,0,0,0,0,0,0,0,1
"5966","Male","Hispanic",2008,106,"Substance",24,23,22,0,5,0,0,5,0,0,24
"5967","Male","Other",2008,106,"Substance",5,5,4,0,1,0,0,0,0,0,5
"5968","Female","White",2008,106,"Substance",2,2,2,0,0,0,0,0,0,0,2
"5969","Male","White",2008,106,"Substance",20,20,19,0,5,0,0,1,0,0,20
"5970","Male","Asian",2009,106,"Substance",20,19,14,0,0,0,0,0,0,0,20
"5971","Female","Black",2009,106,"Substance",1,1,1,0,0,0,0,0,0,0,1
"5972","Male","Black",2009,106,"Substance",11,9,7,0,4,0,0,4,0,0,11
"5973","Male","Hispanic",2009,106,"Substance",18,17,13,0,3,0,0,3,0,0,18
"5974","Male","Other",2009,106,"Substance",3,3,3,0,1,0,0,0,0,0,3
"5975","Unknown","Other",2009,106,"Substance",1,1,1,0,0,0,0,0,0,0,1
"5976","Male","White",2009,106,"Substance",8,7,5,0,1,0,0,1,0,0,8
"5977","Male","Asian",2010,106,"Substance",2,2,2,0,1,0,0,1,0,0,2
"5978","Male","Black",2010,106,"Substance",5,5,4,0,1,0,0,0,0,0,5
"5979","Male","Hispanic",2010,106,"Substance",4,4,4,0,2,0,0,2,0,0,4
"5980","Male","White",2010,106,"Substance",1,1,1,0,0,0,0,0,0,0,1
"5981","Male","Asian",2006,107,"Substance",1,1,1,0,1,0,0,1,0,0,1
"5982","Female","Black",2006,107,"Substance",1,1,1,0,0,0,0,0,0,0,1
"5983","Male","Black",2006,107,"Substance",28,23,19,0,7,0,0,7,0,0,28
"5984","Female","Hispanic",2006,107,"Substance",2,2,2,0,2,0,0,1,0,0,2
"5985","Male","Hispanic",2006,107,"Substance",1,1,1,0,0,0,0,0,0,0,1
"5986","Female","Native",2006,107,"Substance",1,1,0,0,0,0,0,0,0,0,1
"5987","Male","Other",2006,107,"Substance",1,1,1,0,0,0,0,0,0,0,1
"5988","Unknown","Other",2006,107,"Substance",1,1,1,0,1,0,0,1,0,0,1
"5989","Male","White",2006,107,"Substance",3,3,3,0,2,0,0,1,0,0,3
"5990","Female","Black",2007,107,"Substance",1,1,1,0,0,0,0,0,0,0,1
"5991","Male","Black",2007,107,"Substance",17,14,15,0,4,0,0,5,0,0,17
"5992","Male","Hispanic",2007,107,"Substance",3,2,2,0,1,0,0,1,0,0,3
"5993","Female","White",2007,107,"Substance",3,2,2,0,2,0,0,2,0,0,3
"5994","Male","White",2007,107,"Substance",5,2,1,0,3,0,0,4,0,0,5
"5995","Male","Asian",2008,107,"Substance",5,5,5,0,5,0,0,5,0,0,5
"5996","Male","Black",2008,107,"Substance",4,4,3,0,0,0,0,0,0,0,4
"5997","Male","Hispanic",2008,107,"Substance",6,5,5,0,3,0,0,1,0,0,6
"5998","Male","Other",2008,107,"Substance",1,1,1,0,0,0,0,1,0,0,1
"5999","Male","White",2008,107,"Substance",3,2,1,0,1,0,0,0,0,0,3
"6000","Male","Black",2009,107,"Substance",4,3,3,0,1,0,1,2,0,0,4
"6001","Male","Hispanic",2009,107,"Substance",2,1,1,0,0,0,0,0,0,0,2
"6002","Male","Native",2009,107,"Substance",1,1,1,0,1,0,0,1,0,0,1
"6003","Male","White",2009,107,"Substance",1,1,1,0,1,0,0,1,0,0,1
"6004","Male","Asian",2010,107,"Substance",3,3,2,0,3,0,0,3,0,0,3
"6005","Female","Black",2010,107,"Substance",1,1,0,0,1,0,0,1,0,0,1
"6006","Male","Black",2010,107,"Substance",8,4,5,0,1,0,0,1,0,0,8
"6007","Male","Hispanic",2010,107,"Substance",1,0,0,0,0,0,0,0,0,0,1
"6008","Male","White",2010,107,"Substance",2,1,1,0,1,0,0,0,0,0,2
"6009","Male","Asian",2006,108,"Substance",1,1,1,0,0,0,0,0,0,0,1
"6010","Male","Black",2006,108,"Substance",4,4,4,0,0,0,0,0,0,0,4
"6011","Male","Hispanic",2006,108,"Substance",11,10,11,0,2,0,0,0,0,0,11
"6012","Male","White",2006,108,"Substance",4,3,4,0,1,0,0,0,0,0,4
"6013","Male","Asian",2007,108,"Substance",1,1,1,0,0,0,0,0,0,0,1
"6014","Male","Black",2007,108,"Substance",8,8,7,0,1,0,0,2,0,0,8
"6015","Female","Hispanic",2007,108,"Substance",4,4,3,0,0,0,0,0,0,0,4
"6016","Male","Hispanic",2007,108,"Substance",28,24,20,0,5,0,0,0,0,0,28
"6017","Female","White",2007,108,"Substance",1,1,1,0,1,0,0,0,0,0,1
"6018","Male","White",2007,108,"Substance",9,8,7,0,2,0,0,2,0,0,9
"6019","Male","Asian",2008,108,"Substance",4,4,4,0,0,0,0,1,0,0,4
"6020","Male","Black",2008,108,"Substance",3,3,3,0,0,0,0,0,0,0,3
"6021","Female","Hispanic",2008,108,"Substance",5,5,5,0,0,0,0,0,0,0,5
"6022","Male","Hispanic",2008,108,"Substance",22,19,16,0,2,0,0,2,0,0,22
"6023","Female","White",2008,108,"Substance",1,1,1,0,0,0,0,0,0,0,1
"6024","Male","White",2008,108,"Substance",10,9,6,0,2,0,0,1,0,0,10
"6025","Male","Asian",2009,108,"Substance",3,3,3,0,1,0,0,0,0,0,3
"6026","Male","Black",2009,108,"Substance",1,0,1,0,0,0,0,0,0,0,1
"6027","Male","Hispanic",2009,108,"Substance",20,19,19,0,8,0,0,5,0,0,20
"6028","Male","White",2009,108,"Substance",6,6,6,0,1,0,0,1,0,0,6
"6029","Male","Asian",2010,108,"Substance",3,2,2,0,0,0,0,0,0,0,3
"6030","Male","Black",2010,108,"Substance",6,6,3,0,1,0,0,0,0,0,6
"6031","Male","Hispanic",2010,108,"Substance",27,27,19,0,8,0,1,2,0,0,27
"6032","Male","White",2010,108,"Substance",11,11,9,0,1,0,0,1,0,0,11
"6033","Male","Black",2006,109,"Substance",8,6,7,0,2,0,0,2,0,0,8
"6034","Male","Hispanic",2006,109,"Substance",3,2,3,0,2,0,0,3,0,0,3
"6035","Female","White",2006,109,"Substance",2,2,2,0,2,0,0,0,0,0,2
"6036","Male","White",2006,109,"Substance",2,2,2,0,2,0,0,0,0,0,2
"6037","Female","Asian",2007,109,"Substance",1,1,0,0,0,0,0,1,0,0,1
"6038","Male","Asian",2007,109,"Substance",14,14,7,0,3,0,0,8,0,0,14
"6039","Male","Black",2007,109,"Substance",5,3,3,0,2,0,0,2,0,0,5
"6040","Female","Hispanic",2007,109,"Substance",1,1,1,0,0,0,0,1,0,0,1
"6041","Male","Hispanic",2007,109,"Substance",13,9,11,0,3,0,0,7,0,0,13
"6042","Male","Other",2007,109,"Substance",3,1,1,0,1,0,0,2,0,0,3
"6043","Male","White",2007,109,"Substance",8,7,7,0,3,0,0,4,0,0,8
"6044","Male","Asian",2008,109,"Substance",3,2,2,0,2,0,0,2,0,0,3
"6045","Female","Black",2008,109,"Substance",2,2,1,0,1,0,0,1,0,0,2
"6046","Male","Black",2008,109,"Substance",4,3,3,0,2,0,0,2,0,0,4
"6047","Male","Hispanic",2008,109,"Substance",14,14,11,0,6,0,0,8,0,0,14
"6048","Male","Other",2008,109,"Substance",1,1,1,0,1,0,0,1,0,0,1
"6049","Unknown","Other",2008,109,"Substance",1,1,1,0,1,0,0,1,0,0,1
"6050","Male","White",2008,109,"Substance",7,6,4,0,4,0,1,2,0,0,7
"6051","Male","Asian",2009,109,"Substance",6,6,6,0,4,0,0,3,0,0,6
"6052","Female","Hispanic",2009,109,"Substance",1,1,1,0,1,0,0,0,0,0,1
"6053","Male","Hispanic",2009,109,"Substance",12,11,11,0,7,0,0,8,0,0,12
"6054","Male","White",2009,109,"Substance",6,6,3,0,1,0,0,2,0,0,6
"6055","Female","Asian",2010,109,"Substance",1,0,0,0,1,0,0,1,0,0,1
"6056","Male","Asian",2010,109,"Substance",13,2,1,0,11,0,0,8,0,0,13
"6057","Male","Black",2010,109,"Substance",2,2,1,0,0,0,0,0,0,0,2
"6058","Male","Hispanic",2010,109,"Substance",9,9,9,0,7,0,0,7,0,0,9
"6059","Female","White",2010,109,"Substance",1,1,1,0,0,0,0,0,0,0,1
"6060","Male","White",2010,109,"Substance",4,4,3,0,2,0,0,2,0,0,4
"6061","Male","Black",2006,110,"Substance",4,4,3,0,2,0,0,2,0,0,4
"6062","Male","Hispanic",2006,110,"Substance",18,16,15,0,11,0,0,6,0,0,18
"6063","Male","Other",2006,110,"Substance",1,1,1,0,0,0,0,1,0,0,1
"6064","Female","White",2006,110,"Substance",1,1,1,0,0,0,0,1,0,0,1
"6065","Male","White",2006,110,"Substance",5,3,3,0,2,0,0,1,0,0,5
"6066","Male","Asian",2007,110,"Substance",1,1,0,0,0,0,0,0,0,0,1
"6067","Male","Black",2007,110,"Substance",3,3,3,0,2,0,0,2,0,0,3
"6068","Female","Hispanic",2007,110,"Substance",1,1,1,0,0,0,0,0,0,0,1
"6069","Male","Hispanic",2007,110,"Substance",16,15,11,0,7,0,0,6,0,0,16
"6070","Female","Other",2007,110,"Substance",1,0,0,0,0,0,0,1,0,0,1
"6071","Male","White",2007,110,"Substance",2,2,1,0,1,0,0,1,0,0,2
"6072","Male","Asian",2008,110,"Substance",1,1,1,0,0,0,0,1,0,0,1
"6073","Male","Black",2008,110,"Substance",1,0,1,0,1,0,0,1,0,0,1
"6074","Female","Hispanic",2008,110,"Substance",1,1,0,0,0,0,0,1,0,0,1
"6075","Male","Hispanic",2008,110,"Substance",15,14,12,0,2,0,0,10,0,0,15
"6076","Male","White",2008,110,"Substance",1,1,1,0,1,0,0,1,0,0,1
"6077","Male","Black",2009,110,"Substance",2,2,2,0,1,0,0,1,0,0,2
"6078","Female","Hispanic",2009,110,"Substance",1,0,0,0,0,0,0,0,0,0,1
"6079","Male","Hispanic",2009,110,"Substance",29,26,26,0,16,0,0,21,0,0,29
"6080","Female","White",2009,110,"Substance",1,1,1,0,0,0,0,0,0,0,1
"6081","Male","White",2009,110,"Substance",4,4,3,0,0,0,0,2,0,0,4
"6082","Male","Asian",2010,110,"Substance",3,0,0,0,0,0,0,1,0,0,3
"6083","Male","Black",2010,110,"Substance",4,3,4,0,0,0,0,3,0,0,4
"6084","Female","Hispanic",2010,110,"Substance",1,1,1,0,1,0,0,1,0,0,1
"6085","Male","Hispanic",2010,110,"Substance",23,20,22,0,17,0,0,16,0,0,23
"6086","Male","White",2010,110,"Substance",1,1,1,0,0,0,0,1,0,0,1
"6087","Male","Asian",2006,111,"Substance",1,1,0,0,0,0,0,1,0,0,1
"6088","Male","Hispanic",2006,111,"Substance",1,1,1,0,0,0,0,0,0,0,1
"6089","Female","White",2006,111,"Substance",1,1,1,0,0,0,0,0,0,0,1
"6090","Male","White",2006,111,"Substance",4,4,3,0,0,0,0,0,0,0,4
"6091","Male","Black",2007,111,"Substance",2,2,1,0,1,0,0,1,0,0,2
"6092","Male","Hispanic",2007,111,"Substance",1,1,0,0,0,0,0,0,0,0,1
"6093","Female","Other",2007,111,"Substance",2,2,0,0,0,0,0,0,0,0,2
"6094","Male","White",2007,111,"Substance",3,3,2,0,2,0,0,2,0,0,3
"6095","Male","Asian",2008,111,"Substance",8,7,4,0,2,0,0,4,0,0,8
"6096","Male","Black",2008,111,"Substance",4,4,3,0,0,0,0,0,0,0,4
"6097","Male","Hispanic",2008,111,"Substance",7,4,4,0,0,0,0,0,0,0,7
"6098","Male","Native",2008,111,"Substance",1,1,1,0,1,0,0,1,0,0,1
"6099","Male","Other",2008,111,"Substance",1,1,1,0,0,0,0,0,0,0,1
"6100","Female","White",2008,111,"Substance",1,1,1,0,0,0,0,0,0,0,1
"6101","Male","White",2008,111,"Substance",4,3,2,0,1,0,0,1,0,0,4
"6102","Male","Asian",2009,111,"Substance",1,1,1,0,0,0,0,0,0,0,1
"6103","Male","Black",2009,111,"Substance",1,1,1,0,0,0,0,1,0,0,1
"6104","Male","Hispanic",2009,111,"Substance",1,1,0,0,0,0,0,0,0,0,1
"6105","Male","White",2009,111,"Substance",5,4,3,0,0,0,0,0,0,0,5
"6106","Male","Asian",2010,111,"Substance",4,1,4,0,0,0,0,0,0,0,4
"6107","Male","Black",2010,111,"Substance",1,1,1,0,1,0,0,1,0,0,1
"6108","Female","Hispanic",2010,111,"Substance",1,1,1,0,0,0,0,0,0,0,1
"6109","Male","Hispanic",2010,111,"Substance",3,1,2,0,1,0,0,0,0,0,3
"6110","Female","White",2010,111,"Substance",1,1,0,0,0,0,0,0,0,0,1
"6111","Male","White",2010,111,"Substance",6,4,4,0,2,0,0,0,0,0,6
"6112","Male","Asian",2006,112,"Substance",1,1,1,0,0,0,0,0,0,0,1
"6113","Male","Black",2006,112,"Substance",2,2,2,0,1,0,0,1,0,0,2
"6114","Male","Hispanic",2006,112,"Substance",7,7,7,0,0,0,0,0,0,0,7
"6115","Unknown","Other",2006,112,"Substance",1,0,0,0,0,0,0,0,0,0,1
"6116","Female","White",2006,112,"Substance",1,1,0,0,0,0,0,0,0,0,1
"6117","Male","White",2006,112,"Substance",16,16,15,0,6,0,0,6,0,0,16
"6118","Male","Asian",2007,112,"Substance",1,1,1,0,1,0,0,1,0,0,1
"6119","Male","Black",2007,112,"Substance",1,1,1,0,0,0,0,1,0,0,1
"6120","Male","Hispanic",2007,112,"Substance",3,3,3,0,2,0,0,2,0,0,3
"6121","Unknown","Hispanic",2007,112,"Substance",1,1,1,0,1,0,1,1,0,0,1
"6122","Male","Other",2007,112,"Substance",1,1,1,0,0,0,0,0,0,0,1
"6123","Female","White",2007,112,"Substance",1,1,1,0,0,0,0,0,0,0,1
"6124","Male","White",2007,112,"Substance",14,14,10,0,3,0,0,8,0,0,14
"6125","Male","Asian",2008,112,"Substance",2,2,1,0,0,0,0,1,0,0,2
"6126","Male","Black",2008,112,"Substance",2,2,2,0,0,0,0,1,0,0,2
"6127","Female","Hispanic",2008,112,"Substance",1,1,1,0,0,0,0,0,0,0,1
"6128","Male","Hispanic",2008,112,"Substance",6,4,3,0,0,0,0,2,0,0,6
"6129","Male","Other",2008,112,"Substance",1,1,0,0,0,0,0,1,0,0,1
"6130","Unknown","Other",2008,112,"Substance",1,1,1,0,1,0,0,1,0,0,1
"6131","Female","White",2008,112,"Substance",3,3,2,0,1,0,0,2,0,0,3
"6132","Male","White",2008,112,"Substance",20,17,15,0,2,1,1,8,0,0,20
"6133","Male","Asian",2009,112,"Substance",2,2,1,0,0,0,0,0,0,0,2
"6134","Male","Black",2009,112,"Substance",5,5,3,0,0,0,0,0,0,0,5
"6135","Male","Hispanic",2009,112,"Substance",15,12,13,0,3,0,0,4,0,0,15
"6136","Male","Other",2009,112,"Substance",1,0,1,0,0,0,0,0,0,0,1
"6137","Female","White",2009,112,"Substance",11,8,8,0,2,0,0,3,0,0,11
"6138","Male","White",2009,112,"Substance",38,30,28,0,7,0,0,13,0,0,38
"6139","Unknown","White",2009,112,"Substance",1,1,0,0,0,0,0,0,0,0,1
"6140","Male","Asian",2010,112,"Substance",1,1,0,0,0,0,0,0,0,0,1
"6141","Male","Black",2010,112,"Substance",3,3,3,0,0,0,0,1,0,0,3
"6142","Female","Hispanic",2010,112,"Substance",1,1,1,0,0,0,0,0,0,0,1
"6143","Male","Hispanic",2010,112,"Substance",11,11,9,0,2,0,0,4,0,0,11
"6144","Unknown","Other",2010,112,"Substance",1,1,1,0,0,0,0,0,0,0,1
"6145","Female","White",2010,112,"Substance",7,7,7,0,3,0,0,3,0,0,7
"6146","Male","White",2010,112,"Substance",31,31,26,0,6,0,0,6,0,0,31
"6147","Male","Black",2006,113,"Substance",19,15,13,0,9,0,0,7,0,0,19
"6148","Male","White",2006,113,"Substance",1,1,0,0,0,0,0,1,0,0,1
"6149","Female","Black",2007,113,"Substance",3,1,2,0,2,0,0,1,0,0,3
"6150","Male","Black",2007,113,"Substance",46,37,41,0,18,1,3,25,0,0,46
"6151","Unknown","Other",2007,113,"Substance",1,1,1,0,0,0,0,0,0,0,1
"6152","Female","White",2007,113,"Substance",1,1,1,0,0,0,0,0,0,0,1
"6153","Male","White",2007,113,"Substance",1,1,1,0,0,0,0,0,0,0,1
"6154","Male","Asian",2008,113,"Substance",1,1,1,0,1,0,0,1,0,0,1
"6155","Female","Black",2008,113,"Substance",6,6,6,0,6,0,0,4,0,0,6
"6156","Male","Black",2008,113,"Substance",79,57,61,0,45,0,0,54,0,0,79
"6157","Female","Hispanic",2008,113,"Substance",1,1,0,0,0,0,0,0,0,0,1
"6158","Male","Hispanic",2008,113,"Substance",2,2,2,0,1,0,0,0,0,0,2
"6159","Male","Other",2008,113,"Substance",1,1,1,0,0,0,0,1,0,0,1
"6160","Male","White",2008,113,"Substance",1,1,1,0,0,0,0,0,0,0,1
"6161","Female","Black",2009,113,"Substance",6,4,3,0,1,0,0,1,0,0,6
"6162","Male","Black",2009,113,"Substance",75,60,57,0,37,0,0,41,0,0,75
"6163","Male","Hispanic",2009,113,"Substance",5,1,5,0,2,0,0,0,0,0,5
"6164","Male","Other",2009,113,"Substance",2,2,2,0,2,0,0,1,0,0,2
"6165","Unknown","Other",2009,113,"Substance",1,1,1,0,0,0,0,0,0,0,1
"6166","Male","Asian",2010,113,"Substance",4,2,1,0,1,0,0,0,0,0,4
"6167","Female","Black",2010,113,"Substance",5,2,3,0,1,0,0,0,0,0,5
"6168","Male","Black",2010,113,"Substance",70,50,40,0,24,0,1,31,0,0,70
"6169","Male","Hispanic",2010,113,"Substance",4,3,3,0,0,0,0,1,0,0,4
"6170","Male","Native",2010,113,"Substance",1,1,0,0,0,0,0,0,0,0,1
"6171","Male","Other",2010,113,"Substance",2,2,2,0,1,0,0,2,0,0,2
"6172","Male","White",2010,113,"Substance",5,4,5,0,1,0,0,4,0,0,5
"6173","Male","Black",2005,114,"Substance",1,1,1,0,1,0,0,0,0,0,1
"6174","Male","Asian",2006,114,"Substance",2,2,2,0,0,0,0,0,0,0,2
"6175","Female","Black",2006,114,"Substance",3,2,2,0,1,0,0,0,0,0,3
"6176","Male","Black",2006,114,"Substance",56,16,29,0,6,0,0,5,0,0,56
"6177","Female","Hispanic",2006,114,"Substance",4,2,2,0,2,0,0,1,0,0,4
"6178","Male","Hispanic",2006,114,"Substance",33,23,21,0,12,0,0,7,0,0,33
"6179","Male","Other",2006,114,"Substance",6,5,5,0,4,0,0,2,0,0,6
"6180","Unknown","Other",2006,114,"Substance",2,2,1,0,0,0,0,0,0,0,2
"6181","Male","White",2006,114,"Substance",14,10,4,0,8,0,0,3,0,0,14
"6182","Male","Asian",2007,114,"Substance",5,5,5,0,0,0,0,1,0,0,5
"6183","Female","Black",2007,114,"Substance",9,8,6,0,0,0,0,1,0,0,9
"6184","Male","Black",2007,114,"Substance",47,42,36,0,14,0,0,12,0,0,47
"6185","Unknown","Black",2007,114,"Substance",1,1,1,0,0,0,0,0,0,0,1
"6186","Male","Hispanic",2007,114,"Substance",51,46,42,0,16,0,0,14,0,0,51
"6187","Unknown","Hispanic",2007,114,"Substance",1,1,1,0,0,0,0,0,0,0,1
"6188","Female","Other",2007,114,"Substance",1,1,1,0,0,0,0,0,0,0,1
"6189","Male","Other",2007,114,"Substance",8,7,8,0,2,0,0,1,0,0,8
"6190","Unknown","Other",2007,114,"Substance",12,12,12,0,0,0,0,1,0,0,12
"6191","Female","White",2007,114,"Substance",2,2,1,0,1,0,0,1,0,0,2
"6192","Male","White",2007,114,"Substance",26,21,20,0,8,0,0,6,0,0,26
"6193","Male","Asian",2008,114,"Substance",3,3,2,0,3,0,0,2,0,0,3
"6194","Female","Black",2008,114,"Substance",4,1,3,0,1,0,0,1,0,0,4
"6195","Male","Black",2008,114,"Substance",37,25,28,1,7,0,0,13,0,0,37
"6196","Female","Hispanic",2008,114,"Substance",2,1,2,0,0,0,0,0,0,0,2
"6197","Male","Hispanic",2008,114,"Substance",25,15,18,0,6,0,1,8,0,0,25
"6198","Male","Other",2008,114,"Substance",2,2,2,0,1,0,0,1,0,0,2
"6199","Unknown","Other",2008,114,"Substance",1,0,0,0,0,0,0,0,0,0,1
"6200","Female","White",2008,114,"Substance",1,1,1,0,1,0,0,0,0,0,1
"6201","Male","White",2008,114,"Substance",10,5,7,0,1,0,0,2,0,0,10
"6202","Male","Asian",2009,114,"Substance",4,4,3,0,1,0,0,1,0,0,4
"6203","Female","Black",2009,114,"Substance",1,0,0,0,0,0,0,0,0,0,1
"6204","Male","Black",2009,114,"Substance",17,9,7,0,7,0,0,5,0,0,17
"6205","Female","Hispanic",2009,114,"Substance",2,1,0,0,0,0,0,0,0,0,2
"6206","Male","Hispanic",2009,114,"Substance",14,11,12,0,5,0,0,2,0,0,14
"6207","Female","White",2009,114,"Substance",1,1,1,0,0,0,0,0,0,0,1
"6208","Male","White",2009,114,"Substance",7,7,7,0,3,0,0,6,0,0,7
"6209","Male","Asian",2010,114,"Substance",2,2,1,0,1,0,0,1,0,0,2
"6210","Female","Black",2010,114,"Substance",2,1,1,0,0,0,0,1,0,0,2
"6211","Male","Black",2010,114,"Substance",16,11,8,0,3,0,0,5,0,0,16
"6212","Male","Hispanic",2010,114,"Substance",17,15,15,0,6,0,0,9,0,0,17
"6213","Male","White",2010,114,"Substance",5,3,4,0,3,0,0,3,0,0,5
"6214","Male","Asian",2006,115,"Substance",1,1,0,0,0,0,0,0,0,0,1
"6215","Female","Black",2006,115,"Substance",1,1,1,0,0,0,0,0,0,0,1
"6216","Male","Black",2006,115,"Substance",6,4,3,0,1,0,0,0,0,0,6
"6217","Female","Hispanic",2006,115,"Substance",2,1,1,0,1,0,0,1,0,0,2
"6218","Male","Hispanic",2006,115,"Substance",20,20,16,0,14,0,0,7,0,0,20
"6219","Unknown","Other",2006,115,"Substance",1,0,0,0,1,0,0,0,0,0,1
"6220","Male","White",2006,115,"Substance",1,1,1,0,0,0,0,0,0,0,1
"6221","Male","Black",2007,115,"Substance",5,5,4,0,3,0,2,3,0,0,5
"6222","Female","Hispanic",2007,115,"Substance",2,2,0,0,0,0,0,0,0,0,2
"6223","Male","Hispanic",2007,115,"Substance",12,9,11,0,4,0,0,3,0,0,12
"6224","Male","White",2007,115,"Substance",1,0,0,0,0,0,0,1,0,0,1
"6225","Male","Asian",2008,115,"Substance",1,1,1,0,1,0,0,1,0,0,1
"6226","Male","Black",2008,115,"Substance",16,11,15,0,9,0,0,11,0,0,16
"6227","Male","Hispanic",2008,115,"Substance",29,24,23,0,22,0,0,17,0,0,29
"6228","Male","White",2008,115,"Substance",4,3,4,0,4,0,0,3,0,0,4
"6229","Male","Asian",2009,115,"Substance",2,2,2,0,2,0,0,1,0,0,2
"6230","Male","Black",2009,115,"Substance",12,9,10,0,10,0,0,7,0,0,12
"6231","Male","Hispanic",2009,115,"Substance",50,34,47,0,33,0,0,34,0,0,50
"6232","Male","Native",2009,115,"Substance",1,1,1,0,1,0,0,0,0,0,1
"6233","Female","White",2009,115,"Substance",1,0,1,0,1,0,0,1,0,0,1
"6234","Male","White",2009,115,"Substance",8,6,8,0,8,0,0,4,0,0,8
"6235","Male","Asian",2010,115,"Substance",2,2,2,0,2,0,0,2,0,0,2
"6236","Female","Black",2010,115,"Substance",2,2,2,0,0,0,0,2,0,0,2
"6237","Male","Black",2010,115,"Substance",4,4,4,0,3,0,0,3,0,0,4
"6238","Female","Hispanic",2010,115,"Substance",2,2,1,0,1,0,0,2,0,0,2
"6239","Male","Hispanic",2010,115,"Substance",26,22,21,0,12,0,0,12,0,0,26
"6240","Male","Other",2010,115,"Substance",3,3,3,0,0,0,0,0,0,0,3
"6241","Female","White",2010,115,"Substance",1,1,1,0,1,0,0,1,0,0,1
"6242","Male","White",2010,115,"Substance",4,4,4,0,2,0,0,4,0,0,4
"6243","Female","Black",2006,120,"Substance",10,7,9,0,4,0,0,3,0,0,10
"6244","Male","Black",2006,120,"Substance",92,80,79,0,61,0,2,55,0,0,92
"6245","Female","Hispanic",2006,120,"Substance",2,2,2,0,1,0,0,0,0,0,2
"6246","Male","Hispanic",2006,120,"Substance",30,24,26,0,23,0,1,23,0,0,30
"6247","Unknown","Other",2006,120,"Substance",1,0,1,0,1,0,0,1,0,0,1
"6248","Female","White",2006,120,"Substance",7,6,5,0,2,0,0,3,0,0,7
"6249","Male","White",2006,120,"Substance",36,31,31,0,22,0,0,22,0,0,36
"6250","Female","Black",2007,120,"Substance",16,12,8,0,5,0,0,3,0,0,16
"6251","Male","Black",2007,120,"Substance",123,109,95,0,72,0,0,62,0,0,123
"6252","Unknown","Black",2007,120,"Substance",1,1,1,0,1,0,0,1,0,0,1
"6253","Female","Hispanic",2007,120,"Substance",4,4,4,0,3,0,0,1,0,0,4
"6254","Male","Hispanic",2007,120,"Substance",40,35,31,0,26,0,0,20,0,0,40
"6255","Unknown","Other",2007,120,"Substance",1,1,0,0,0,0,0,0,0,0,1
"6256","Female","White",2007,120,"Substance",13,10,8,0,7,0,0,3,0,0,13
"6257","Male","White",2007,120,"Substance",36,25,26,0,21,0,0,22,0,0,36
"6258","Male","Asian",2008,120,"Substance",2,1,1,0,1,0,0,1,0,0,2
"6259","Female","Black",2008,120,"Substance",14,10,10,0,9,0,0,4,0,0,14
"6260","Male","Black",2008,120,"Substance",154,125,116,0,75,0,2,75,0,0,154
"6261","Female","Hispanic",2008,120,"Substance",2,2,2,0,1,0,0,1,0,0,2
"6262","Male","Hispanic",2008,120,"Substance",63,50,48,0,36,0,0,36,0,0,63
"6263","Male","Native",2008,120,"Substance",1,1,1,0,1,0,0,1,0,0,1
"6264","Male","Other",2008,120,"Substance",2,2,2,0,2,0,0,2,0,0,2
"6265","Female","White",2008,120,"Substance",12,11,9,0,8,0,0,2,0,0,12
"6266","Male","White",2008,120,"Substance",39,32,35,0,23,0,0,21,0,0,39
"6267","Female","Black",2009,120,"Substance",5,5,5,0,4,0,0,2,0,0,5
"6268","Male","Black",2009,120,"Substance",117,94,92,0,65,0,1,56,0,0,117
"6269","Female","Hispanic",2009,120,"Substance",6,3,3,0,2,0,0,1,0,0,6
"6270","Male","Hispanic",2009,120,"Substance",50,40,37,0,18,0,0,15,0,0,50
"6271","Male","Other",2009,120,"Substance",4,3,4,0,1,0,0,1,0,0,4
"6272","Female","White",2009,120,"Substance",6,4,4,0,1,0,0,1,0,0,6
"6273","Male","White",2009,120,"Substance",34,31,31,0,15,0,0,12,0,0,34
"6274","Male","Asian",2010,120,"Substance",3,1,3,0,0,0,0,0,0,0,3
"6275","Female","Black",2010,120,"Substance",7,6,4,0,3,0,0,2,0,0,7
"6276","Male","Black",2010,120,"Substance",84,68,63,0,38,0,0,37,0,0,84
"6277","Female","Hispanic",2010,120,"Substance",10,6,7,0,3,0,0,2,0,0,10
"6278","Male","Hispanic",2010,120,"Substance",28,18,25,0,13,0,0,5,0,0,28
"6279","Male","Other",2010,120,"Substance",2,1,0,0,1,0,0,0,0,0,2
"6280","Female","White",2010,120,"Substance",8,7,7,0,3,0,0,3,0,0,8
"6281","Male","White",2010,120,"Substance",37,23,33,0,13,0,0,14,0,0,37
"6282","Female","Black",2006,122,"Substance",1,1,1,0,1,0,0,0,0,0,1
"6283","Male","Black",2006,122,"Substance",14,11,12,0,6,0,2,5,0,0,14
"6284","Female","Hispanic",2006,122,"Substance",1,1,0,0,1,0,0,0,0,0,1
"6285","Male","Hispanic",2006,122,"Substance",7,6,6,0,5,0,0,3,0,0,7
"6286","Unknown","Other",2006,122,"Substance",1,1,1,0,1,0,0,0,0,0,1
"6287","Female","White",2006,122,"Substance",4,4,2,0,1,0,1,2,0,0,4
"6288","Male","White",2006,122,"Substance",47,41,42,0,21,0,0,13,0,0,47
"6289","Male","Asian",2007,122,"Substance",1,1,1,0,0,0,0,0,0,0,1
"6290","Female","Black",2007,122,"Substance",1,1,1,0,0,0,0,0,0,0,1
"6291","Male","Black",2007,122,"Substance",11,9,8,0,4,0,0,3,0,0,11
"6292","Male","Hispanic",2007,122,"Substance",5,5,1,0,2,0,0,2,0,0,5
"6293","Female","Other",2007,122,"Substance",1,1,1,0,0,0,0,0,0,0,1
"6294","Male","Other",2007,122,"Substance",1,0,0,0,0,0,0,0,0,0,1
"6295","Female","White",2007,122,"Substance",3,0,1,0,1,0,0,1,0,0,3
"6296","Male","White",2007,122,"Substance",42,31,24,0,18,0,0,14,0,0,42
"6297","Male","Black",2008,122,"Substance",3,3,3,0,2,0,0,1,0,0,3
"6298","Female","Hispanic",2008,122,"Substance",1,0,1,0,0,0,0,0,0,0,1
"6299","Male","Hispanic",2008,122,"Substance",7,7,6,0,4,0,0,5,0,0,7
"6300","Male","Other",2008,122,"Substance",1,1,1,0,1,0,0,1,0,0,1
"6301","Unknown","Other",2008,122,"Substance",1,1,0,0,0,0,0,0,0,0,1
"6302","Female","White",2008,122,"Substance",1,1,0,0,0,0,0,0,0,0,1
"6303","Male","White",2008,122,"Substance",33,26,22,0,19,0,0,23,0,0,33
"6304","Male","Black",2009,122,"Substance",1,1,1,0,0,0,0,0,0,0,1
"6305","Female","Hispanic",2009,122,"Substance",1,0,1,0,1,0,0,0,0,0,1
"6306","Male","Hispanic",2009,122,"Substance",4,4,4,0,2,0,0,4,0,0,4
"6307","Male","Other",2009,122,"Substance",1,1,1,0,0,0,0,1,0,0,1
"6308","Female","White",2009,122,"Substance",3,2,2,0,2,0,0,2,0,0,3
"6309","Male","White",2009,122,"Substance",19,15,15,0,13,0,0,13,0,0,19
"6310","Female","Black",2010,122,"Substance",1,0,0,0,0,0,0,0,0,0,1
"6311","Male","Black",2010,122,"Substance",4,3,0,0,1,0,0,1,0,0,4
"6312","Male","Hispanic",2010,122,"Substance",3,2,2,0,1,0,0,2,0,0,3
"6313","Male","White",2010,122,"Substance",10,9,8,0,7,0,0,7,0,0,10
"6314","Male","Black",2006,123,"Substance",3,3,2,0,0,0,0,0,0,0,3
"6315","Female","White",2006,123,"Substance",1,1,1,0,1,0,0,1,0,0,1
"6316","Male","White",2006,123,"Substance",10,6,8,0,0,0,0,2,0,0,10
"6317","Male","Black",2007,123,"Substance",3,3,2,0,0,0,0,0,0,0,3
"6318","Male","Hispanic",2007,123,"Substance",4,4,3,0,0,0,0,1,0,0,4
"6319","Female","White",2007,123,"Substance",2,2,2,0,0,0,0,0,0,0,2
"6320","Male","White",2007,123,"Substance",30,21,23,0,1,0,0,3,0,0,30
"6321","Male","Black",2008,123,"Substance",2,2,2,0,1,0,0,1,0,0,2
"6322","Female","Hispanic",2008,123,"Substance",1,1,1,0,0,0,0,0,0,0,1
"6323","Male","Hispanic",2008,123,"Substance",4,4,2,0,1,0,0,1,0,0,4
"6324","Male","White",2008,123,"Substance",31,23,22,0,7,0,0,6,0,0,31
"6325","Male","Hispanic",2009,123,"Substance",1,1,1,0,0,0,0,0,0,0,1
"6326","Male","Other",2009,123,"Substance",1,1,1,0,0,0,0,0,0,0,1
"6327","Female","White",2009,123,"Substance",2,1,1,0,0,0,0,0,0,0,2
"6328","Male","White",2009,123,"Substance",22,20,20,0,4,0,0,2,0,0,22
"6329","Male","Black",2010,123,"Substance",1,1,1,0,0,0,0,0,0,0,1
"6330","Male","Hispanic",2010,123,"Substance",1,1,1,0,1,0,0,1,0,0,1
"6331","Female","White",2010,123,"Substance",1,1,1,0,0,0,0,0,0,0,1
"6332","Male","White",2010,123,"Substance",21,21,19,0,3,0,0,5,0,0,21
"6333","Male","Black",2006,1,"Theft",19,19,17,0,8,0,0,3,0,0,19
"6334","Male","Hispanic",2006,1,"Theft",5,4,3,0,3,0,0,3,0,0,5
"6335","Male","White",2006,1,"Theft",1,1,1,0,1,0,0,1,0,0,1
"6336","Male","Asian",2007,1,"Theft",1,0,1,0,0,0,0,0,0,0,1
"6337","Female","Black",2007,1,"Theft",9,3,3,0,2,0,0,2,0,0,9
"6338","Male","Black",2007,1,"Theft",43,38,29,0,9,0,0,11,0,0,43
"6339","Female","Hispanic",2007,1,"Theft",2,2,2,0,0,0,0,0,0,0,2
"6340","Male","Hispanic",2007,1,"Theft",7,7,5,1,2,1,1,3,0,0,7
"6341","Male","White",2007,1,"Theft",3,3,1,0,1,0,1,1,0,0,3
"6342","Male","Asian",2008,1,"Theft",2,2,2,0,0,0,0,0,0,0,2
"6343","Female","Black",2008,1,"Theft",10,5,5,0,0,0,0,0,0,0,10
"6344","Male","Black",2008,1,"Theft",79,68,50,0,20,0,4,17,0,0,79
"6345","Female","Hispanic",2008,1,"Theft",3,2,0,0,1,0,0,1,0,0,3
"6346","Male","Hispanic",2008,1,"Theft",17,13,9,0,2,0,0,7,0,0,17
"6347","Male","Other",2008,1,"Theft",1,1,1,0,0,0,0,0,0,0,1
"6348","Female","White",2008,1,"Theft",1,0,0,0,0,0,0,0,0,0,1
"6349","Male","White",2008,1,"Theft",6,5,4,0,2,0,1,3,0,0,6
"6350","Female","Asian",2009,1,"Theft",2,1,1,0,0,0,0,1,0,0,2
"6351","Male","Asian",2009,1,"Theft",6,6,6,0,4,0,0,3,0,0,6
"6352","Female","Black",2009,1,"Theft",8,8,8,0,4,0,0,1,0,0,8
"6353","Male","Black",2009,1,"Theft",74,62,55,0,21,0,1,16,0,0,74
"6354","Female","Hispanic",2009,1,"Theft",3,1,2,0,2,0,0,1,0,0,3
"6355","Male","Hispanic",2009,1,"Theft",22,16,16,0,9,0,1,7,0,0,22
"6356","Male","Native",2009,1,"Theft",1,0,0,0,0,0,0,0,0,0,1
"6357","Unknown","Other",2009,1,"Theft",1,1,1,0,0,0,0,1,0,0,1
"6358","Female","White",2009,1,"Theft",1,1,0,0,0,0,0,0,0,0,1
"6359","Male","White",2009,1,"Theft",4,2,2,0,0,0,0,0,0,0,4
"6360","Male","Asian",2010,1,"Theft",3,2,3,0,0,0,0,0,0,0,3
"6361","Female","Black",2010,1,"Theft",10,3,6,0,1,0,0,0,0,0,10
"6362","Male","Black",2010,1,"Theft",31,24,15,0,8,0,0,11,0,0,31
"6363","Female","Hispanic",2010,1,"Theft",2,2,1,0,1,0,0,0,0,0,2
"6364","Male","Hispanic",2010,1,"Theft",17,11,8,0,5,0,0,5,0,0,17
"6365","Male","White",2010,1,"Theft",2,1,1,0,0,0,0,0,0,0,2
"6366","Male","White",2005,5,"Theft",1,1,0,0,0,0,0,0,0,0,1
"6367","Male","Asian",2006,5,"Theft",4,4,1,0,2,0,0,1,0,0,4
"6368","Female","Black",2006,5,"Theft",7,5,2,0,3,0,0,4,0,0,7
"6369","Male","Black",2006,5,"Theft",38,33,23,0,16,0,1,20,0,0,38
"6370","Unknown","Black",2006,5,"Theft",1,0,0,0,0,0,0,1,0,0,1
"6371","Male","Hispanic",2006,5,"Theft",20,17,8,0,7,0,1,7,0,0,20
"6372","Female","Other",2006,5,"Theft",1,0,0,0,0,0,0,0,0,0,1
"6373","Male","Other",2006,5,"Theft",1,0,0,0,0,0,0,1,0,0,1
"6374","Female","White",2006,5,"Theft",1,1,1,0,0,0,0,0,0,0,1
"6375","Male","White",2006,5,"Theft",6,4,3,0,1,0,0,3,0,0,6
"6376","Male","Asian",2007,5,"Theft",4,4,3,0,1,0,3,1,0,0,4
"6377","Female","Black",2007,5,"Theft",5,4,3,0,2,0,0,4,0,0,5
"6378","Male","Black",2007,5,"Theft",24,20,13,0,10,0,5,14,0,0,24
"6379","Female","Hispanic",2007,5,"Theft",1,0,0,0,0,0,0,0,0,0,1
"6380","Male","Hispanic",2007,5,"Theft",21,19,15,0,8,0,2,11,0,0,21
"6381","Female","Native",2007,5,"Theft",1,1,1,0,1,0,0,1,0,0,1
"6382","Female","Other",2007,5,"Theft",2,2,2,0,1,0,0,1,0,0,2
"6383","Male","Other",2007,5,"Theft",5,5,2,0,1,0,0,2,0,0,5
"6384","Female","White",2007,5,"Theft",1,0,1,0,1,0,0,0,0,0,1
"6385","Male","White",2007,5,"Theft",9,8,5,0,3,0,0,5,0,0,9
"6386","Female","Asian",2008,5,"Theft",1,0,0,0,0,0,0,0,0,0,1
"6387","Male","Asian",2008,5,"Theft",4,4,0,0,3,0,0,3,0,0,4
"6388","Female","Black",2008,5,"Theft",7,6,6,0,1,0,0,3,0,0,7
"6389","Male","Black",2008,5,"Theft",45,38,19,0,16,0,0,11,0,0,45
"6390","Female","Hispanic",2008,5,"Theft",4,2,3,0,1,0,0,0,0,0,4
"6391","Male","Hispanic",2008,5,"Theft",37,33,15,1,15,0,1,8,0,0,37
"6392","Female","Other",2008,5,"Theft",2,0,2,0,1,0,0,0,0,0,2
"6393","Male","Other",2008,5,"Theft",4,3,2,0,2,0,0,0,0,0,4
"6394","Male","White",2008,5,"Theft",9,7,2,0,2,0,0,2,0,0,9
"6395","Female","Asian",2009,5,"Theft",5,1,0,0,4,0,0,5,0,0,5
"6396","Male","Asian",2009,5,"Theft",4,4,2,0,2,0,0,1,0,0,4
"6397","Female","Black",2009,5,"Theft",6,6,5,0,4,0,0,3,0,0,6
"6398","Male","Black",2009,5,"Theft",32,29,21,0,23,0,2,13,0,0,32
"6399","Female","Hispanic",2009,5,"Theft",4,1,2,0,1,0,0,0,0,0,4
"6400","Male","Hispanic",2009,5,"Theft",23,19,12,0,7,0,3,8,0,0,23
"6401","Female","Other",2009,5,"Theft",1,1,1,0,1,0,0,0,0,0,1
"6402","Male","Other",2009,5,"Theft",5,2,2,0,3,0,0,0,0,0,5
"6403","Male","White",2009,5,"Theft",12,11,5,0,6,0,1,9,0,0,12
"6404","Female","Asian",2010,5,"Theft",1,0,0,0,1,0,0,0,0,0,1
"6405","Male","Asian",2010,5,"Theft",7,7,6,0,5,0,0,4,0,0,7
"6406","Female","Black",2010,5,"Theft",7,7,0,0,7,0,0,0,0,0,7
"6407","Male","Black",2010,5,"Theft",25,23,16,0,19,0,1,13,0,0,25
"6408","Female","Hispanic",2010,5,"Theft",4,4,2,0,4,0,0,2,0,0,4
"6409","Male","Hispanic",2010,5,"Theft",12,11,4,0,9,0,0,7,0,0,12
"6410","Male","Other",2010,5,"Theft",1,1,1,0,0,0,0,0,0,0,1
"6411","Male","White",2010,5,"Theft",2,2,1,0,1,0,0,1,0,0,2
"6412","Female","Black",2006,6,"Theft",3,3,3,0,1,0,0,0,0,0,3
"6413","Male","Black",2006,6,"Theft",24,20,16,0,15,0,0,10,0,0,24
"6414","Male","Hispanic",2006,6,"Theft",11,10,10,0,4,0,0,4,0,0,11
"6415","Female","Other",2006,6,"Theft",1,1,1,0,0,0,1,1,0,0,1
"6416","Male","White",2006,6,"Theft",9,8,6,0,5,0,0,6,0,0,9
"6417","Male","Asian",2007,6,"Theft",1,1,1,0,0,0,0,1,0,0,1
"6418","Female","Black",2007,6,"Theft",4,3,3,0,0,0,0,0,0,0,4
"6419","Male","Black",2007,6,"Theft",50,43,43,0,21,1,1,12,0,0,50
"6420","Male","Hispanic",2007,6,"Theft",8,8,8,0,1,0,0,1,0,0,8
"6421","Male","Other",2007,6,"Theft",3,3,3,0,1,0,1,1,0,0,3
"6422","Female","White",2007,6,"Theft",3,3,3,0,2,0,0,1,0,0,3
"6423","Male","White",2007,6,"Theft",11,9,8,0,6,0,0,3,0,0,11
"6424","Female","Asian",2008,6,"Theft",1,1,1,0,0,0,0,0,0,0,1
"6425","Male","Asian",2008,6,"Theft",3,3,2,0,3,0,0,2,0,0,3
"6426","Female","Black",2008,6,"Theft",3,3,3,0,2,0,0,1,0,0,3
"6427","Male","Black",2008,6,"Theft",74,59,59,0,28,0,1,33,0,0,74
"6428","Female","Hispanic",2008,6,"Theft",3,1,0,0,0,0,0,0,0,0,3
"6429","Male","Hispanic",2008,6,"Theft",18,18,16,0,9,0,1,6,0,0,18
"6430","Female","Other",2008,6,"Theft",1,1,1,0,0,0,0,0,0,0,1
"6431","Male","Other",2008,6,"Theft",1,1,1,0,0,0,0,0,0,0,1
"6432","Female","White",2008,6,"Theft",6,4,3,0,0,0,0,0,0,0,6
"6433","Male","White",2008,6,"Theft",9,8,7,0,2,0,0,3,0,0,9
"6434","Female","Asian",2009,6,"Theft",1,1,1,0,1,0,0,1,0,0,1
"6435","Male","Asian",2009,6,"Theft",2,1,1,0,1,0,0,1,0,0,2
"6436","Female","Black",2009,6,"Theft",2,1,0,0,0,0,0,0,0,0,2
"6437","Male","Black",2009,6,"Theft",42,38,33,0,13,0,2,13,0,0,42
"6438","Female","Hispanic",2009,6,"Theft",1,1,1,0,1,0,0,0,0,0,1
"6439","Male","Hispanic",2009,6,"Theft",13,12,10,0,8,0,0,4,0,0,13
"6440","Male","Native",2009,6,"Theft",1,0,0,0,0,0,0,0,0,0,1
"6441","Male","Other",2009,6,"Theft",2,1,1,0,1,0,0,0,0,0,2
"6442","Female","White",2009,6,"Theft",2,2,1,0,2,0,0,1,0,0,2
"6443","Male","White",2009,6,"Theft",7,6,5,0,1,0,1,1,0,0,7
"6444","Male","Asian",2010,6,"Theft",1,0,1,0,0,0,0,0,0,0,1
"6445","Female","Black",2010,6,"Theft",2,2,2,0,0,0,0,0,0,0,2
"6446","Male","Black",2010,6,"Theft",34,23,25,0,16,0,1,14,0,0,34
"6447","Male","Hispanic",2010,6,"Theft",10,6,7,0,6,0,1,7,0,0,10
"6448","Male","Other",2010,6,"Theft",2,2,0,0,1,0,0,1,0,0,2
"6449","Female","White",2010,6,"Theft",1,0,0,0,1,0,0,0,0,0,1
"6450","Male","White",2010,6,"Theft",11,11,10,0,9,0,1,4,0,0,11
"6451","Male","Black",2005,7,"Theft",3,2,2,0,0,0,0,0,0,0,3
"6452","Male","Hispanic",2005,7,"Theft",4,3,4,0,0,0,0,0,0,0,4
"6453","Male","White",2005,7,"Theft",3,3,3,0,1,0,0,0,0,0,3
"6454","Male","Asian",2006,7,"Theft",2,2,2,0,1,0,0,1,0,0,2
"6455","Female","Black",2006,7,"Theft",5,4,5,0,1,0,0,1,0,0,5
"6456","Male","Black",2006,7,"Theft",36,34,23,0,14,2,2,13,0,0,36
"6457","Male","Hispanic",2006,7,"Theft",29,26,25,0,8,0,0,9,0,0,29
"6458","Female","Other",2006,7,"Theft",1,0,1,0,0,0,0,0,0,0,1
"6459","Male","Other",2006,7,"Theft",6,5,4,0,1,0,0,2,0,0,6
"6460","Male","White",2006,7,"Theft",9,6,7,0,3,0,1,3,0,0,9
"6461","Female","Asian",2007,7,"Theft",1,1,1,0,0,0,0,0,0,0,1
"6462","Male","Asian",2007,7,"Theft",2,2,0,0,1,0,0,1,0,0,2
"6463","Male","Black",2007,7,"Theft",31,28,24,0,11,0,0,17,0,0,31
"6464","Female","Hispanic",2007,7,"Theft",5,5,2,0,2,0,1,3,0,0,5
"6465","Male","Hispanic",2007,7,"Theft",29,29,19,0,9,0,0,16,0,0,29
"6466","Male","Other",2007,7,"Theft",2,1,1,0,0,0,0,1,0,0,2
"6467","Female","White",2007,7,"Theft",2,2,1,0,2,0,0,1,0,0,2
"6468","Male","White",2007,7,"Theft",16,14,13,0,8,0,3,8,0,0,16
"6469","Female","Asian",2008,7,"Theft",1,0,0,0,0,0,0,0,0,0,1
"6470","Male","Black",2008,7,"Theft",44,40,27,0,11,0,3,20,0,0,44
"6471","Female","Hispanic",2008,7,"Theft",2,2,1,0,1,0,0,1,0,0,2
"6472","Male","Hispanic",2008,7,"Theft",37,30,12,0,15,0,2,13,0,0,37
"6473","Female","Other",2008,7,"Theft",1,1,1,0,1,0,0,1,0,0,1
"6474","Male","Other",2008,7,"Theft",2,1,1,0,0,0,0,0,0,0,2
"6475","Female","White",2008,7,"Theft",2,1,2,0,2,0,0,2,0,0,2
"6476","Male","White",2008,7,"Theft",12,10,7,0,5,0,0,5,0,0,12
"6477","Female","Asian",2009,7,"Theft",2,2,1,0,0,0,0,2,0,0,2
"6478","Male","Asian",2009,7,"Theft",4,4,4,0,1,0,0,3,0,0,4
"6479","Female","Black",2009,7,"Theft",2,2,1,0,0,0,0,1,0,0,2
"6480","Male","Black",2009,7,"Theft",27,23,20,0,7,2,1,10,0,0,27
"6481","Female","Hispanic",2009,7,"Theft",3,3,2,0,0,0,0,0,0,0,3
"6482","Male","Hispanic",2009,7,"Theft",22,22,15,0,6,0,0,7,0,0,22
"6483","Male","Native",2009,7,"Theft",1,1,1,0,0,0,0,1,0,0,1
"6484","Unknown","Other",2009,7,"Theft",1,1,1,0,0,0,0,0,0,0,1
"6485","Female","White",2009,7,"Theft",3,2,1,0,0,0,0,1,0,0,3
"6486","Male","White",2009,7,"Theft",6,4,3,0,0,0,0,0,0,0,6
"6487","Male","Asian",2010,7,"Theft",1,1,1,0,1,0,0,0,0,0,1
"6488","Male","Black",2010,7,"Theft",12,11,7,0,3,0,1,5,0,0,12
"6489","Male","Hispanic",2010,7,"Theft",14,13,12,0,4,0,3,6,0,0,14
"6490","Male","Other",2010,7,"Theft",2,2,1,0,0,0,0,0,0,0,2
"6491","Unknown","Other",2010,7,"Theft",1,1,0,0,0,0,0,0,0,0,1
"6492","Male","White",2010,7,"Theft",5,1,3,0,0,0,0,1,0,0,5
"6493","Male","Black",2005,9,"Theft",1,1,0,0,0,0,0,1,0,0,1
"6494","Male","Asian",2006,9,"Theft",8,7,4,0,1,0,0,3,0,0,8
"6495","Female","Black",2006,9,"Theft",4,1,1,0,0,0,0,1,0,0,4
"6496","Male","Black",2006,9,"Theft",54,46,31,0,15,0,3,26,0,0,54
"6497","Female","Hispanic",2006,9,"Theft",2,1,1,0,0,0,0,0,0,0,2
"6498","Male","Hispanic",2006,9,"Theft",28,22,12,0,10,1,0,7,0,0,28
"6499","Male","Other",2006,9,"Theft",2,2,2,0,1,0,0,1,0,0,2
"6500","Unknown","Other",2006,9,"Theft",2,2,1,0,0,0,0,2,0,0,2
"6501","Female","White",2006,9,"Theft",3,2,1,0,1,0,0,1,0,0,3
"6502","Male","White",2006,9,"Theft",14,10,5,0,4,0,1,5,0,0,14
"6503","Male","Asian",2007,9,"Theft",2,2,1,0,2,0,0,2,0,0,2
"6504","Male","Black",2007,9,"Theft",21,20,11,0,9,0,0,9,0,0,21
"6505","Male","Hispanic",2007,9,"Theft",35,29,24,1,9,0,1,14,0,0,35
"6506","Female","White",2007,9,"Theft",3,1,1,0,0,0,0,1,0,0,3
"6507","Male","White",2007,9,"Theft",19,17,14,0,11,0,0,10,0,0,19
"6508","Female","Asian",2008,9,"Theft",2,2,2,0,1,0,0,0,0,0,2
"6509","Male","Asian",2008,9,"Theft",4,4,2,0,1,0,0,3,0,0,4
"6510","Female","Black",2008,9,"Theft",7,4,5,0,2,0,0,1,0,0,7
"6511","Male","Black",2008,9,"Theft",47,42,30,0,20,0,4,22,0,0,47
"6512","Female","Hispanic",2008,9,"Theft",5,3,2,0,1,0,0,1,0,0,5
"6513","Male","Hispanic",2008,9,"Theft",44,41,33,0,24,0,2,22,0,0,44
"6514","Male","Native",2008,9,"Theft",1,1,1,0,1,0,0,1,0,0,1
"6515","Male","Other",2008,9,"Theft",1,1,1,0,1,0,0,1,0,0,1
"6516","Female","White",2008,9,"Theft",7,5,6,0,4,0,0,0,0,0,7
"6517","Male","White",2008,9,"Theft",19,18,14,0,8,0,1,8,0,0,19
"6518","Male","Asian",2009,9,"Theft",2,2,2,0,2,0,0,2,0,0,2
"6519","Female","Black",2009,9,"Theft",9,4,5,0,3,0,0,0,0,0,9
"6520","Male","Black",2009,9,"Theft",49,40,31,0,20,0,0,20,0,0,49
"6521","Female","Hispanic",2009,9,"Theft",7,7,5,0,2,0,0,2,0,0,7
"6522","Male","Hispanic",2009,9,"Theft",47,40,35,0,23,0,1,23,0,0,47
"6523","Unknown","Other",2009,9,"Theft",1,1,1,0,0,0,0,0,0,0,1
"6524","Male","White",2009,9,"Theft",26,22,14,0,10,0,2,9,0,0,26
"6525","Male","Asian",2010,9,"Theft",1,1,0,0,0,0,0,1,0,0,1
"6526","Female","Black",2010,9,"Theft",6,2,2,0,2,0,0,1,0,0,6
"6527","Male","Black",2010,9,"Theft",41,36,22,0,19,1,0,14,0,0,41
"6528","Female","Hispanic",2010,9,"Theft",3,2,2,0,2,0,0,2,0,0,3
"6529","Male","Hispanic",2010,9,"Theft",27,24,16,0,9,0,0,7,0,0,27
"6530","Male","Other",2010,9,"Theft",2,2,2,0,1,0,0,0,0,0,2
"6531","Unknown","Other",2010,9,"Theft",1,1,1,0,0,0,0,1,0,0,1
"6532","Female","White",2010,9,"Theft",4,0,0,0,1,0,0,1,0,0,4
"6533","Male","White",2010,9,"Theft",16,13,9,0,7,0,0,5,0,0,16
"6534","Male","Asian",2006,10,"Theft",1,1,1,0,0,0,0,0,0,0,1
"6535","Female","Black",2006,10,"Theft",4,2,2,0,0,0,0,2,0,0,4
"6536","Male","Black",2006,10,"Theft",38,27,23,0,8,0,1,15,0,0,38
"6537","Male","Hispanic",2006,10,"Theft",20,19,19,0,9,0,3,12,0,0,20
"6538","Female","White",2006,10,"Theft",1,1,1,0,1,0,0,1,0,0,1
"6539","Male","White",2006,10,"Theft",12,11,9,0,5,0,0,7,0,0,12
"6540","Female","Black",2007,10,"Theft",2,0,2,0,0,0,0,0,0,0,2
"6541","Male","Black",2007,10,"Theft",35,31,26,0,12,0,2,16,0,0,35
"6542","Male","Hispanic",2007,10,"Theft",17,16,15,0,4,0,2,5,0,0,17
"6543","Male","Native",2007,10,"Theft",1,1,1,0,1,0,0,1,0,0,1
"6544","Unknown","Other",2007,10,"Theft",2,2,1,0,1,0,0,1,0,0,2
"6545","Male","White",2007,10,"Theft",11,11,9,0,7,0,0,4,0,0,11
"6546","Female","Asian",2008,10,"Theft",1,1,1,0,1,0,0,0,0,0,1
"6547","Male","Asian",2008,10,"Theft",2,1,2,0,2,0,0,1,0,0,2
"6548","Female","Black",2008,10,"Theft",4,3,3,0,2,0,1,1,0,0,4
"6549","Male","Black",2008,10,"Theft",62,56,38,0,20,0,4,28,0,0,62
"6550","Female","Hispanic",2008,10,"Theft",4,3,2,0,3,0,0,2,0,0,4
"6551","Male","Hispanic",2008,10,"Theft",24,19,13,0,7,0,0,15,0,0,24
"6552","Male","Native",2008,10,"Theft",1,1,1,0,1,0,0,1,0,0,1
"6553","Female","White",2008,10,"Theft",1,1,0,0,1,0,0,1,0,0,1
"6554","Male","White",2008,10,"Theft",7,5,6,0,3,0,0,1,0,0,7
"6555","Male","Asian",2009,10,"Theft",5,3,3,0,2,0,0,3,0,0,5
"6556","Female","Black",2009,10,"Theft",5,4,1,0,0,0,0,1,0,0,5
"6557","Male","Black",2009,10,"Theft",51,48,35,0,18,1,0,20,0,0,51
"6558","Female","Hispanic",2009,10,"Theft",3,3,3,0,2,0,0,1,0,0,3
"6559","Male","Hispanic",2009,10,"Theft",28,21,15,0,8,0,0,10,0,0,28
"6560","Male","Native",2009,10,"Theft",1,1,1,0,0,0,0,0,0,0,1
"6561","Female","White",2009,10,"Theft",1,1,1,0,1,0,0,0,0,0,1
"6562","Male","White",2009,10,"Theft",10,8,4,0,2,0,0,5,0,0,10
"6563","Male","Asian",2010,10,"Theft",3,3,2,0,0,0,0,0,0,0,3
"6564","Female","Black",2010,10,"Theft",11,7,7,0,4,0,0,0,0,0,11
"6565","Male","Black",2010,10,"Theft",36,33,21,0,15,0,0,15,0,0,36
"6566","Female","Hispanic",2010,10,"Theft",2,2,1,0,0,0,1,0,0,0,2
"6567","Male","Hispanic",2010,10,"Theft",15,15,11,0,7,0,0,8,0,0,15
"6568","Male","Native",2010,10,"Theft",1,1,1,0,0,0,0,0,0,0,1
"6569","Male","Other",2010,10,"Theft",2,1,1,0,1,0,0,1,0,0,2
"6570","Female","White",2010,10,"Theft",2,1,1,0,2,0,0,0,0,0,2
"6571","Male","White",2010,10,"Theft",10,9,6,0,3,0,1,6,0,0,10
"6572","Female","Black",2006,13,"Theft",4,3,1,0,1,0,0,0,0,0,4
"6573","Male","Black",2006,13,"Theft",55,49,39,0,28,1,3,25,0,0,55
"6574","Female","Hispanic",2006,13,"Theft",2,2,1,0,1,0,0,0,0,0,2
"6575","Male","Hispanic",2006,13,"Theft",28,24,15,0,9,0,2,12,0,0,28
"6576","Male","Other",2006,13,"Theft",4,4,3,0,2,0,0,4,0,0,4
"6577","Female","White",2006,13,"Theft",1,1,1,0,1,0,0,1,0,0,1
"6578","Male","White",2006,13,"Theft",4,2,2,0,1,0,0,3,0,0,4
"6579","Female","Asian",2007,13,"Theft",1,0,0,0,0,0,0,0,0,0,1
"6580","Male","Asian",2007,13,"Theft",3,3,3,0,0,0,0,1,0,0,3
"6581","Female","Black",2007,13,"Theft",7,1,1,0,2,0,0,2,0,0,7
"6582","Male","Black",2007,13,"Theft",48,40,29,0,21,0,1,28,0,0,48
"6583","Female","Hispanic",2007,13,"Theft",3,2,2,0,2,0,0,0,0,0,3
"6584","Male","Hispanic",2007,13,"Theft",35,34,30,0,16,0,3,21,0,0,35
"6585","Female","Other",2007,13,"Theft",1,1,1,0,1,0,0,0,0,0,1
"6586","Female","White",2007,13,"Theft",2,1,1,0,2,0,0,2,0,0,2
"6587","Male","White",2007,13,"Theft",10,10,7,0,6,0,0,8,0,0,10
"6588","Male","Asian",2008,13,"Theft",3,3,2,0,2,0,0,3,0,0,3
"6589","Female","Black",2008,13,"Theft",11,4,6,0,5,0,0,4,0,0,11
"6590","Male","Black",2008,13,"Theft",72,55,46,0,29,1,1,37,0,0,72
"6591","Male","Hispanic",2008,13,"Theft",54,38,34,0,19,0,1,13,0,0,54
"6592","Male","Other",2008,13,"Theft",4,4,4,0,2,0,0,1,0,0,4
"6593","Female","White",2008,13,"Theft",3,2,1,0,1,0,0,0,0,0,3
"6594","Male","White",2008,13,"Theft",19,14,16,0,12,0,1,12,0,0,19
"6595","Female","Asian",2009,13,"Theft",1,1,1,0,1,0,0,1,0,0,1
"6596","Male","Asian",2009,13,"Theft",5,4,1,0,0,0,0,1,0,0,5
"6597","Female","Black",2009,13,"Theft",9,2,2,0,1,0,0,0,0,0,9
"6598","Male","Black",2009,13,"Theft",74,51,45,0,22,0,3,24,0,0,74
"6599","Female","Hispanic",2009,13,"Theft",1,0,0,0,0,0,0,0,0,0,1
"6600","Male","Hispanic",2009,13,"Theft",45,36,25,0,16,0,1,15,0,0,45
"6601","Unknown","Hispanic",2009,13,"Theft",1,1,1,0,0,0,0,0,0,0,1
"6602","Male","Other",2009,13,"Theft",7,5,5,0,2,0,0,2,0,0,7
"6603","Unknown","Other",2009,13,"Theft",2,1,1,0,1,0,0,1,0,0,2
"6604","Male","White",2009,13,"Theft",15,13,9,0,9,0,0,7,0,0,15
"6605","Male","Asian",2010,13,"Theft",1,1,1,0,1,0,0,0,0,0,1
"6606","Female","Black",2010,13,"Theft",4,2,0,0,1,0,0,1,0,0,4
"6607","Male","Black",2010,13,"Theft",38,31,23,1,10,0,2,16,0,0,38
"6608","Female","Hispanic",2010,13,"Theft",1,0,0,0,0,0,0,0,0,0,1
"6609","Male","Hispanic",2010,13,"Theft",24,20,13,0,13,0,0,11,0,0,24
"6610","Male","Native",2010,13,"Theft",1,1,0,0,0,0,0,0,0,0,1
"6611","Female","Other",2010,13,"Theft",1,0,0,0,0,0,0,0,0,0,1
"6612","Male","Other",2010,13,"Theft",4,3,3,0,2,0,1,2,0,0,4
"6613","Female","White",2010,13,"Theft",3,1,1,0,1,0,0,1,0,0,3
"6614","Male","White",2010,13,"Theft",11,9,6,0,5,0,0,3,0,0,11
"6615","Female","Black",2005,14,"Theft",1,0,0,0,0,0,0,0,0,0,1
"6616","Male","Black",2005,14,"Theft",1,1,1,0,0,0,0,0,0,0,1
"6617","Female","Asian",2006,14,"Theft",1,1,1,0,1,0,0,1,0,0,1
"6618","Female","Black",2006,14,"Theft",3,1,1,0,1,0,0,0,0,0,3
"6619","Male","Black",2006,14,"Theft",92,66,59,0,36,0,1,34,0,0,92
"6620","Female","Hispanic",2006,14,"Theft",1,1,1,0,1,0,0,1,0,0,1
"6621","Male","Hispanic",2006,14,"Theft",34,29,22,0,16,1,1,5,0,0,34
"6622","Male","Native",2006,14,"Theft",1,1,0,0,0,0,0,0,0,0,1
"6623","Male","Other",2006,14,"Theft",1,0,0,0,0,0,0,0,0,0,1
"6624","Male","White",2006,14,"Theft",9,7,5,0,5,0,0,4,0,0,9
"6625","Male","Asian",2007,14,"Theft",3,3,1,0,0,0,0,2,0,0,3
"6626","Female","Black",2007,14,"Theft",16,6,6,0,5,0,0,6,0,0,16
"6627","Male","Black",2007,14,"Theft",143,113,98,1,60,6,1,58,0,0,143
"6628","Unknown","Black",2007,14,"Theft",1,1,1,0,1,0,0,0,0,0,1
"6629","Female","Hispanic",2007,14,"Theft",6,3,4,0,1,0,0,1,0,0,6
"6630","Male","Hispanic",2007,14,"Theft",66,55,47,0,32,2,0,27,0,0,66
"6631","Female","Other",2007,14,"Theft",1,1,0,0,0,0,0,0,0,0,1
"6632","Male","Other",2007,14,"Theft",3,1,2,0,0,0,0,0,0,0,3
"6633","Unknown","Other",2007,14,"Theft",1,0,1,0,1,0,0,1,0,0,1
"6634","Female","White",2007,14,"Theft",3,3,2,0,1,0,0,1,0,0,3
"6635","Male","White",2007,14,"Theft",17,11,10,0,5,0,0,3,0,0,17
"6636","Male","Asian",2008,14,"Theft",6,4,1,0,1,0,0,2,0,0,6
"6637","Female","Black",2008,14,"Theft",15,2,1,0,8,0,0,3,0,0,15
"6638","Male","Black",2008,14,"Theft",156,116,94,0,59,0,0,52,0,0,156
"6639","Female","Hispanic",2008,14,"Theft",5,3,2,0,2,0,0,1,0,0,5
"6640","Male","Hispanic",2008,14,"Theft",60,43,38,0,24,0,0,13,0,0,60
"6641","Male","Native",2008,14,"Theft",1,0,0,0,0,0,0,0,0,0,1
"6642","Male","Other",2008,14,"Theft",6,4,3,0,1,0,0,1,0,0,6
"6643","Unknown","Other",2008,14,"Theft",3,3,3,0,3,0,0,2,0,0,3
"6644","Female","White",2008,14,"Theft",1,0,0,0,0,0,0,0,0,0,1
"6645","Male","White",2008,14,"Theft",12,8,8,0,3,0,0,5,0,0,12
"6646","Unknown","White",2008,14,"Theft",1,1,1,0,0,0,0,1,0,0,1
"6647","Female","Asian",2009,14,"Theft",5,3,4,0,3,0,1,1,0,0,5
"6648","Male","Asian",2009,14,"Theft",5,5,5,0,5,0,0,3,0,0,5
"6649","Female","Black",2009,14,"Theft",17,14,11,0,8,0,0,6,0,0,17
"6650","Male","Black",2009,14,"Theft",162,118,106,0,70,0,3,61,0,0,162
"6651","Female","Hispanic",2009,14,"Theft",4,2,3,0,3,0,0,3,0,0,4
"6652","Male","Hispanic",2009,14,"Theft",55,34,32,0,21,0,0,18,0,0,55
"6653","Unknown","Hispanic",2009,14,"Theft",1,1,1,0,0,0,0,0,0,0,1
"6654","Male","Other",2009,14,"Theft",11,4,3,0,1,0,0,1,0,0,11
"6655","Unknown","Other",2009,14,"Theft",2,2,1,0,0,0,0,2,0,0,2
"6656","Female","White",2009,14,"Theft",1,1,1,0,1,0,0,0,0,0,1
"6657","Male","White",2009,14,"Theft",15,13,10,0,12,0,1,7,0,0,15
"6658","Male","Asian",2010,14,"Theft",5,3,1,0,1,0,0,2,0,0,5
"6659","Female","Black",2010,14,"Theft",21,8,5,0,4,0,0,4,0,0,21
"6660","Male","Black",2010,14,"Theft",154,102,94,0,49,1,0,42,0,0,154
"6661","Unknown","Black",2010,14,"Theft",1,1,1,0,1,0,0,1,0,0,1
"6662","Female","Hispanic",2010,14,"Theft",7,6,4,0,2,0,0,2,0,0,7
"6663","Male","Hispanic",2010,14,"Theft",62,37,29,0,16,0,0,6,0,0,62
"6664","Male","Native",2010,14,"Theft",1,0,0,0,0,0,0,0,0,0,1
"6665","Male","Other",2010,14,"Theft",2,1,1,0,1,0,0,0,0,0,2
"6666","Unknown","Other",2010,14,"Theft",5,5,5,0,4,0,0,1,0,0,5
"6667","Female","White",2010,14,"Theft",6,2,1,0,1,0,0,1,0,0,6
"6668","Male","White",2010,14,"Theft",15,13,12,0,5,0,1,4,0,0,15
"6669","Male","Asian",2006,17,"Theft",3,1,1,0,1,0,0,1,0,0,3
"6670","Female","Black",2006,17,"Theft",2,1,1,0,0,0,0,1,0,0,2
"6671","Male","Black",2006,17,"Theft",20,14,13,0,6,0,2,9,0,0,20
"6672","Female","Hispanic",2006,17,"Theft",3,1,0,0,0,0,0,0,0,0,3
"6673","Male","Hispanic",2006,17,"Theft",5,3,3,0,2,0,0,3,0,0,5
"6674","Female","White",2006,17,"Theft",3,2,2,0,0,0,0,2,0,0,3
"6675","Male","White",2006,17,"Theft",13,9,9,0,6,0,0,4,0,0,13
"6676","Female","Asian",2007,17,"Theft",1,1,1,0,0,0,0,0,0,0,1
"6677","Male","Asian",2007,17,"Theft",1,0,0,0,0,0,0,0,0,0,1
"6678","Female","Black",2007,17,"Theft",4,3,2,0,2,0,0,2,0,0,4
"6679","Male","Black",2007,17,"Theft",15,11,11,0,3,0,0,8,0,0,15
"6680","Female","Hispanic",2007,17,"Theft",1,0,0,0,0,0,0,0,0,0,1
"6681","Male","Hispanic",2007,17,"Theft",14,10,7,0,8,0,0,10,0,0,14
"6682","Unknown","Hispanic",2007,17,"Theft",2,0,0,0,0,0,0,2,0,0,2
"6683","Male","Other",2007,17,"Theft",1,1,1,0,0,0,0,1,0,0,1
"6684","Female","White",2007,17,"Theft",6,3,3,0,2,0,0,2,0,0,6
"6685","Male","White",2007,17,"Theft",3,2,2,0,1,0,0,1,0,0,3
"6686","Male","Asian",2008,17,"Theft",2,2,2,0,1,0,0,1,0,0,2
"6687","Female","Black",2008,17,"Theft",3,3,3,0,1,0,0,1,0,0,3
"6688","Male","Black",2008,17,"Theft",28,22,17,0,11,1,2,12,0,0,28
"6689","Female","Hispanic",2008,17,"Theft",2,1,0,0,1,0,0,1,0,0,2
"6690","Male","Hispanic",2008,17,"Theft",11,6,6,0,4,0,0,4,0,0,11
"6691","Male","Other",2008,17,"Theft",1,1,1,0,1,0,0,1,0,0,1
"6692","Female","White",2008,17,"Theft",1,1,1,0,1,0,0,1,0,0,1
"6693","Male","White",2008,17,"Theft",10,9,4,0,5,0,0,5,0,0,10
"6694","Male","Asian",2009,17,"Theft",1,1,0,0,0,0,0,0,0,0,1
"6695","Female","Black",2009,17,"Theft",2,1,0,0,1,0,0,1,0,0,2
"6696","Male","Black",2009,17,"Theft",17,14,13,0,7,0,0,6,0,0,17
"6697","Female","Hispanic",2009,17,"Theft",2,1,2,0,1,0,0,1,0,0,2
"6698","Male","Hispanic",2009,17,"Theft",7,6,6,0,4,0,0,4,0,0,7
"6699","Male","Other",2009,17,"Theft",2,2,1,0,0,0,0,0,0,0,2
"6700","Female","White",2009,17,"Theft",2,2,2,0,0,0,0,1,0,0,2
"6701","Male","White",2009,17,"Theft",7,7,7,0,2,0,0,4,0,0,7
"6702","Female","Black",2010,17,"Theft",1,1,1,0,1,0,0,0,0,0,1
"6703","Male","Black",2010,17,"Theft",4,4,3,0,3,0,0,3,0,0,4
"6704","Male","Hispanic",2010,17,"Theft",6,6,4,0,2,0,0,1,0,0,6
"6705","Male","Other",2010,17,"Theft",1,1,0,0,0,0,0,0,0,0,1
"6706","Male","White",2010,17,"Theft",1,1,1,0,0,0,0,0,0,0,1
"6707","Male","Asian",2006,18,"Theft",1,1,1,0,0,0,0,0,0,0,1
"6708","Male","Black",2006,18,"Theft",17,15,12,0,6,0,2,6,0,0,17
"6709","Female","Hispanic",2006,18,"Theft",1,0,0,0,0,0,0,0,0,0,1
"6710","Male","Hispanic",2006,18,"Theft",3,3,2,0,1,0,0,1,0,0,3
"6711","Female","Other",2006,18,"Theft",1,1,0,0,0,0,0,0,0,0,1
"6712","Female","White",2006,18,"Theft",1,1,1,0,0,0,0,0,0,0,1
"6713","Male","White",2006,18,"Theft",4,4,4,0,1,0,0,0,0,0,4
"6714","Female","Asian",2007,18,"Theft",1,1,1,0,1,0,0,1,0,0,1
"6715","Male","Asian",2007,18,"Theft",1,0,1,0,1,0,0,1,0,0,1
"6716","Female","Black",2007,18,"Theft",8,3,7,0,4,0,0,2,0,0,8
"6717","Male","Black",2007,18,"Theft",51,30,38,0,30,0,2,26,0,0,51
"6718","Female","Hispanic",2007,18,"Theft",2,2,1,0,2,0,0,1,0,0,2
"6719","Male","Hispanic",2007,18,"Theft",24,16,20,0,12,0,1,14,0,0,24
"6720","Male","Native",2007,18,"Theft",1,0,1,0,0,0,0,0,0,0,1
"6721","Male","Other",2007,18,"Theft",1,1,0,0,0,0,0,0,0,0,1
"6722","Unknown","Other",2007,18,"Theft",3,1,2,0,0,0,0,0,0,0,3
"6723","Female","White",2007,18,"Theft",1,0,0,0,0,0,0,0,0,0,1
"6724","Male","White",2007,18,"Theft",6,5,5,0,3,0,0,2,0,0,6
"6725","Male","Asian",2008,18,"Theft",3,3,2,0,2,0,0,2,0,0,3
"6726","Female","Black",2008,18,"Theft",7,4,5,0,7,0,0,3,0,0,7
"6727","Male","Black",2008,18,"Theft",66,47,51,0,44,1,6,40,0,0,66
"6728","Unknown","Black",2008,18,"Theft",1,1,1,0,1,0,0,1,0,0,1
"6729","Female","Hispanic",2008,18,"Theft",3,0,1,0,1,0,0,0,0,0,3
"6730","Male","Hispanic",2008,18,"Theft",26,16,17,0,13,0,2,9,0,0,26
"6731","Female","Other",2008,18,"Theft",1,1,1,0,1,0,0,1,0,0,1
"6732","Unknown","Other",2008,18,"Theft",2,2,2,0,2,0,0,1,0,0,2
"6733","Female","White",2008,18,"Theft",1,0,0,0,0,0,0,0,0,0,1
"6734","Male","White",2008,18,"Theft",12,4,10,0,8,0,1,7,0,0,12
"6735","Female","Asian",2009,18,"Theft",2,2,1,0,2,0,0,1,0,0,2
"6736","Male","Asian",2009,18,"Theft",2,1,0,0,1,0,0,1,0,0,2
"6737","Female","Black",2009,18,"Theft",12,7,6,0,6,0,0,3,0,0,12
"6738","Male","Black",2009,18,"Theft",43,34,33,0,21,1,0,24,0,0,43
"6739","Unknown","Black",2009,18,"Theft",2,2,2,0,0,0,0,1,0,0,2
"6740","Female","Hispanic",2009,18,"Theft",4,0,1,0,2,0,0,0,0,0,4
"6741","Male","Hispanic",2009,18,"Theft",16,12,9,0,8,0,0,6,0,0,16
"6742","Female","Other",2009,18,"Theft",1,0,1,0,0,0,0,0,0,0,1
"6743","Male","Other",2009,18,"Theft",1,1,1,0,1,0,0,1,0,0,1
"6744","Unknown","Other",2009,18,"Theft",1,1,1,0,0,0,1,0,0,0,1
"6745","Male","White",2009,18,"Theft",8,4,7,0,6,0,0,5,0,0,8
"6746","Female","Black",2010,18,"Theft",3,2,2,0,3,0,0,1,0,0,3
"6747","Male","Black",2010,18,"Theft",33,23,23,0,10,0,1,4,0,0,33
"6748","Male","Hispanic",2010,18,"Theft",17,15,12,0,5,1,0,4,0,0,17
"6749","Female","Other",2010,18,"Theft",1,1,1,0,1,0,0,0,0,0,1
"6750","Male","Other",2010,18,"Theft",1,1,1,0,1,0,0,1,0,0,1
"6751","Unknown","Other",2010,18,"Theft",1,1,0,0,1,0,0,1,0,0,1
"6752","Female","White",2010,18,"Theft",1,0,0,0,0,0,0,1,0,0,1
"6753","Male","White",2010,18,"Theft",2,2,2,0,0,0,0,1,0,0,2
"6754","Male","Asian",2006,19,"Theft",7,1,4,0,1,0,0,0,0,0,7
"6755","Female","Black",2006,19,"Theft",8,6,6,0,3,0,0,1,0,0,8
"6756","Male","Black",2006,19,"Theft",83,65,48,0,28,0,2,22,0,0,83
"6757","Unknown","Black",2006,19,"Theft",2,1,1,0,1,0,0,1,0,0,2
"6758","Female","Hispanic",2006,19,"Theft",3,3,3,0,0,0,0,0,0,0,3
"6759","Male","Hispanic",2006,19,"Theft",74,55,46,0,18,2,2,21,0,0,74
"6760","Unknown","Hispanic",2006,19,"Theft",1,1,1,0,0,0,0,0,0,0,1
"6761","Male","Other",2006,19,"Theft",2,1,1,0,1,0,0,1,0,0,2
"6762","Unknown","Other",2006,19,"Theft",3,3,3,0,1,0,0,0,0,0,3
"6763","Female","White",2006,19,"Theft",8,4,4,0,2,0,0,1,0,0,8
"6764","Male","White",2006,19,"Theft",53,31,31,0,10,1,0,10,0,0,53
"6765","Female","Asian",2007,19,"Theft",5,4,1,0,1,0,0,3,0,0,5
"6766","Male","Asian",2007,19,"Theft",10,6,5,0,3,0,0,2,0,0,10
"6767","Female","Black",2007,19,"Theft",31,25,28,0,9,0,0,4,0,0,31
"6768","Male","Black",2007,19,"Theft",124,118,91,0,59,0,9,66,0,0,124
"6769","Female","Hispanic",2007,19,"Theft",18,16,14,0,11,0,0,2,0,0,18
"6770","Male","Hispanic",2007,19,"Theft",117,106,90,0,54,0,3,44,0,0,117
"6771","Unknown","Hispanic",2007,19,"Theft",5,5,3,0,4,0,0,1,0,0,5
"6772","Male","Native",2007,19,"Theft",1,1,0,0,1,0,0,1,0,0,1
"6773","Female","Other",2007,19,"Theft",6,3,3,0,3,0,0,1,0,0,6
"6774","Male","Other",2007,19,"Theft",4,4,4,0,1,0,0,1,0,0,4
"6775","Unknown","Other",2007,19,"Theft",12,9,7,0,3,0,0,2,0,0,12
"6776","Female","White",2007,19,"Theft",28,25,22,0,13,0,0,8,0,0,28
"6777","Male","White",2007,19,"Theft",57,46,39,0,24,0,2,17,0,0,57
"6778","Unknown","White",2007,19,"Theft",2,1,1,0,1,0,0,0,0,0,2
"6779","Female","Asian",2008,19,"Theft",4,4,3,0,1,0,0,1,0,0,4
"6780","Male","Asian",2008,19,"Theft",11,10,7,0,6,0,0,3,0,0,11
"6781","Female","Black",2008,19,"Theft",37,29,16,0,22,0,0,12,0,0,37
"6782","Male","Black",2008,19,"Theft",90,77,57,0,44,0,4,40,0,0,90
"6783","Unknown","Black",2008,19,"Theft",3,3,1,0,1,0,0,2,0,0,3
"6784","Female","Hispanic",2008,19,"Theft",17,15,11,0,10,0,1,6,0,0,17
"6785","Male","Hispanic",2008,19,"Theft",83,76,54,0,48,0,2,42,0,0,83
"6786","Unknown","Hispanic",2008,19,"Theft",2,2,2,0,0,0,0,2,0,0,2
"6787","Male","Native",2008,19,"Theft",1,1,1,0,0,0,0,0,0,0,1
"6788","Female","Other",2008,19,"Theft",5,3,2,0,1,0,0,2,0,0,5
"6789","Male","Other",2008,19,"Theft",6,6,5,0,4,0,1,4,0,0,6
"6790","Unknown","Other",2008,19,"Theft",6,6,6,0,4,0,0,3,0,0,6
"6791","Female","White",2008,19,"Theft",16,14,13,0,6,0,0,7,0,0,16
"6792","Male","White",2008,19,"Theft",50,45,37,0,26,0,1,25,0,0,50
"6793","Unknown","White",2008,19,"Theft",1,1,1,0,0,0,0,1,0,0,1
"6794","Female","Asian",2009,19,"Theft",3,3,3,0,2,0,0,1,0,0,3
"6795","Male","Asian",2009,19,"Theft",6,6,4,0,5,0,0,1,0,0,6
"6796","Female","Black",2009,19,"Theft",38,31,26,0,21,0,1,12,0,0,38
"6797","Male","Black",2009,19,"Theft",112,107,87,0,57,1,12,70,0,0,112
"6798","Female","Hispanic",2009,19,"Theft",15,11,9,0,10,0,1,11,0,0,15
"6799","Male","Hispanic",2009,19,"Theft",82,75,61,0,42,0,6,50,0,0,82
"6800","Unknown","Hispanic",2009,19,"Theft",1,1,1,0,1,0,0,0,0,0,1
"6801","Male","Other",2009,19,"Theft",4,4,1,0,3,0,0,4,0,0,4
"6802","Unknown","Other",2009,19,"Theft",1,0,0,0,0,0,1,0,0,0,1
"6803","Female","White",2009,19,"Theft",7,5,5,0,4,0,0,4,0,0,7
"6804","Male","White",2009,19,"Theft",41,38,27,0,23,0,0,26,0,0,41
"6805","Female","Asian",2010,19,"Theft",1,1,1,0,1,0,0,1,0,0,1
"6806","Male","Asian",2010,19,"Theft",3,3,3,0,1,0,0,1,0,0,3
"6807","Female","Black",2010,19,"Theft",22,21,20,0,7,0,0,14,0,0,22
"6808","Male","Black",2010,19,"Theft",78,66,53,0,51,0,6,50,0,0,78
"6809","Female","Hispanic",2010,19,"Theft",7,6,5,0,3,0,0,5,0,0,7
"6810","Male","Hispanic",2010,19,"Theft",25,23,16,0,15,0,2,22,0,0,25
"6811","Female","Other",2010,19,"Theft",2,1,1,0,2,0,0,2,0,0,2
"6812","Male","Other",2010,19,"Theft",3,2,1,0,0,0,0,0,0,0,3
"6813","Unknown","Other",2010,19,"Theft",2,2,2,0,0,0,0,0,0,0,2
"6814","Female","White",2010,19,"Theft",7,5,4,0,2,0,0,3,0,0,7
"6815","Male","White",2010,19,"Theft",26,23,16,0,12,0,0,17,0,0,26
"6816","Male","Black",2005,20,"Theft",1,1,1,0,0,0,0,0,0,0,1
"6817","Male","Asian",2006,20,"Theft",2,1,2,0,2,0,0,1,0,0,2
"6818","Female","Black",2006,20,"Theft",7,3,3,0,2,0,0,6,0,0,7
"6819","Male","Black",2006,20,"Theft",39,32,33,0,24,0,3,16,0,0,39
"6820","Female","Hispanic",2006,20,"Theft",1,1,1,0,0,0,0,0,0,0,1
"6821","Male","Hispanic",2006,20,"Theft",15,14,10,0,10,0,0,5,0,0,15
"6822","Male","Other",2006,20,"Theft",3,1,2,0,2,0,0,0,0,0,3
"6823","Unknown","Other",2006,20,"Theft",2,2,2,0,2,0,1,2,0,0,2
"6824","Female","White",2006,20,"Theft",2,1,2,0,1,0,0,0,0,0,2
"6825","Male","White",2006,20,"Theft",13,11,8,0,3,0,1,5,0,0,13
"6826","Unknown","White",2006,20,"Theft",1,0,0,0,0,0,0,0,0,0,1
"6827","Male","Asian",2007,20,"Theft",5,3,5,0,3,0,0,2,0,0,5
"6828","Unknown","Asian",2007,20,"Theft",1,1,1,0,1,0,0,1,0,0,1
"6829","Female","Black",2007,20,"Theft",6,5,4,0,3,0,0,2,0,0,6
"6830","Male","Black",2007,20,"Theft",52,35,35,0,22,0,2,23,0,0,52
"6831","Female","Hispanic",2007,20,"Theft",1,0,0,0,1,0,0,0,0,0,1
"6832","Male","Hispanic",2007,20,"Theft",25,17,23,0,15,0,1,13,0,0,25
"6833","Male","Native",2007,20,"Theft",1,1,1,0,0,0,0,1,0,0,1
"6834","Male","Other",2007,20,"Theft",6,6,5,0,3,0,1,3,0,0,6
"6835","Unknown","Other",2007,20,"Theft",6,5,3,0,2,0,0,3,0,0,6
"6836","Female","White",2007,20,"Theft",4,3,3,0,1,0,0,1,0,0,4
"6837","Male","White",2007,20,"Theft",24,20,18,0,14,0,0,10,0,0,24
"6838","Female","Asian",2008,20,"Theft",2,0,0,0,0,0,1,1,0,0,2
"6839","Male","Asian",2008,20,"Theft",2,2,1,0,0,0,0,1,0,0,2
"6840","Female","Black",2008,20,"Theft",15,12,6,0,4,0,0,4,0,0,15
"6841","Male","Black",2008,20,"Theft",56,45,31,0,22,0,1,23,0,0,56
"6842","Female","Hispanic",2008,20,"Theft",1,0,0,0,0,0,0,0,0,0,1
"6843","Male","Hispanic",2008,20,"Theft",44,33,28,0,19,0,0,21,0,0,44
"6844","Male","Native",2008,20,"Theft",1,0,0,0,0,0,0,0,0,0,1
"6845","Female","Other",2008,20,"Theft",1,1,1,0,1,0,0,0,0,0,1
"6846","Male","Other",2008,20,"Theft",5,4,5,0,4,0,0,3,0,0,5
"6847","Unknown","Other",2008,20,"Theft",1,1,1,0,1,0,0,1,0,0,1
"6848","Female","White",2008,20,"Theft",10,8,6,0,4,0,0,4,0,0,10
"6849","Male","White",2008,20,"Theft",19,15,14,0,8,0,0,9,0,0,19
"6850","Male","Asian",2009,20,"Theft",2,2,2,0,1,0,0,1,0,0,2
"6851","Female","Black",2009,20,"Theft",7,4,5,0,7,0,0,3,0,0,7
"6852","Male","Black",2009,20,"Theft",110,95,79,0,42,0,2,49,0,0,110
"6853","Female","Hispanic",2009,20,"Theft",8,7,4,0,5,0,0,3,0,0,8
"6854","Male","Hispanic",2009,20,"Theft",44,38,34,0,22,0,0,22,0,0,44
"6855","Male","Other",2009,20,"Theft",3,3,2,0,1,0,1,2,0,0,3
"6856","Unknown","Other",2009,20,"Theft",1,1,0,0,0,0,0,0,0,0,1
"6857","Female","White",2009,20,"Theft",5,5,4,0,3,0,0,4,0,0,5
"6858","Male","White",2009,20,"Theft",24,21,20,0,9,0,0,11,0,0,24
"6859","Male","Asian",2010,20,"Theft",1,1,0,0,0,0,0,1,0,0,1
"6860","Female","Black",2010,20,"Theft",8,5,3,0,2,0,0,0,0,0,8
"6861","Male","Black",2010,20,"Theft",61,51,45,0,28,1,2,28,0,0,61
"6862","Female","Hispanic",2010,20,"Theft",5,1,4,0,4,0,0,0,0,0,5
"6863","Male","Hispanic",2010,20,"Theft",28,25,23,0,6,1,0,5,0,0,28
"6864","Unknown","Other",2010,20,"Theft",1,1,1,0,0,0,0,0,0,0,1
"6865","Female","White",2010,20,"Theft",3,3,3,0,1,0,0,1,0,0,3
"6866","Male","White",2010,20,"Theft",14,11,10,0,7,0,1,7,0,0,14
"6867","Male","Black",2006,22,"Theft",1,1,0,0,1,0,0,0,0,0,1
"6868","Male","Hispanic",2006,22,"Theft",1,0,0,0,0,0,0,0,0,0,1
"6869","Male","White",2006,22,"Theft",1,0,0,0,0,0,0,0,0,0,1
"6870","Male","Black",2007,22,"Theft",4,2,1,0,0,0,0,0,0,0,4
"6871","Male","Hispanic",2007,22,"Theft",1,0,1,0,0,0,0,0,0,0,1
"6872","Female","White",2007,22,"Theft",1,1,1,0,0,0,0,0,0,0,1
"6873","Female","Black",2008,22,"Theft",1,0,1,0,0,0,0,0,0,0,1
"6874","Male","Black",2008,22,"Theft",5,3,5,0,1,0,0,4,0,0,5
"6875","Male","Hispanic",2008,22,"Theft",5,4,3,0,1,0,0,2,0,0,5
"6876","Male","Black",2009,22,"Theft",1,1,1,0,0,0,0,1,0,0,1
"6877","Male","Hispanic",2009,22,"Theft",1,1,1,0,0,0,0,0,0,0,1
"6878","Male","White",2009,22,"Theft",1,1,1,0,1,0,0,1,0,0,1
"6879","Male","Black",2010,22,"Theft",2,2,2,0,2,0,0,1,0,0,2
"6880","Male","Hispanic",2010,22,"Theft",1,1,1,0,1,0,0,1,0,0,1
"6881","Male","Hispanic",2005,23,"Theft",1,1,1,0,1,0,0,0,0,0,1
"6882","Female","Black",2006,23,"Theft",3,0,1,0,1,0,0,1,0,0,3
"6883","Male","Black",2006,23,"Theft",37,33,32,0,15,0,0,18,0,0,37
"6884","Unknown","Black",2006,23,"Theft",1,1,1,0,1,0,0,0,0,0,1
"6885","Male","Hispanic",2006,23,"Theft",31,29,19,0,8,0,2,11,0,0,31
"6886","Male","Other",2006,23,"Theft",1,1,1,0,1,0,0,1,0,0,1
"6887","Male","White",2006,23,"Theft",2,2,2,0,1,0,0,0,0,0,2
"6888","Female","Black",2007,23,"Theft",2,2,1,0,0,0,0,1,0,0,2
"6889","Male","Black",2007,23,"Theft",36,33,27,0,7,0,0,8,0,0,36
"6890","Female","Hispanic",2007,23,"Theft",4,3,3,0,0,0,0,0,0,0,4
"6891","Male","Hispanic",2007,23,"Theft",37,32,24,0,9,0,2,14,0,0,37
"6892","Female","Native",2007,23,"Theft",1,1,1,0,1,1,0,1,0,0,1
"6893","Male","Other",2007,23,"Theft",2,2,2,0,0,0,0,0,0,0,2
"6894","Unknown","Other",2007,23,"Theft",5,5,4,0,1,0,0,2,0,0,5
"6895","Male","White",2007,23,"Theft",2,2,2,0,0,0,0,1,0,0,2
"6896","Female","Black",2008,23,"Theft",9,7,1,0,5,0,1,5,0,0,9
"6897","Male","Black",2008,23,"Theft",64,62,40,0,27,0,0,25,0,0,64
"6898","Female","Hispanic",2008,23,"Theft",1,1,1,0,1,0,0,0,0,0,1
"6899","Male","Hispanic",2008,23,"Theft",59,52,27,0,17,0,2,22,0,0,59
"6900","Unknown","Hispanic",2008,23,"Theft",1,1,0,0,0,0,0,1,0,0,1
"6901","Male","Other",2008,23,"Theft",2,2,0,0,0,0,0,1,0,0,2
"6902","Unknown","Other",2008,23,"Theft",1,1,0,0,0,0,0,0,0,0,1
"6903","Male","White",2008,23,"Theft",7,4,5,0,4,1,0,4,0,0,7
"6904","Unknown","White",2008,23,"Theft",1,1,0,0,0,0,0,0,0,0,1
"6905","Male","Asian",2009,23,"Theft",2,2,2,0,2,0,0,0,0,0,2
"6906","Female","Black",2009,23,"Theft",4,4,3,0,2,0,0,2,0,0,4
"6907","Male","Black",2009,23,"Theft",67,52,39,0,27,0,0,24,0,0,67
"6908","Female","Hispanic",2009,23,"Theft",3,2,2,0,2,0,0,2,0,0,3
"6909","Male","Hispanic",2009,23,"Theft",47,38,30,1,23,0,3,23,0,0,47
"6910","Male","Other",2009,23,"Theft",7,5,4,0,0,0,0,0,0,0,7
"6911","Unknown","Other",2009,23,"Theft",3,2,2,0,3,0,0,1,0,0,3
"6912","Male","White",2009,23,"Theft",3,1,1,0,0,0,0,0,0,0,3
"6913","Female","Black",2010,23,"Theft",2,2,1,0,0,0,0,0,0,0,2
"6914","Male","Black",2010,23,"Theft",43,37,14,0,11,0,1,9,0,0,43
"6915","Female","Hispanic",2010,23,"Theft",1,1,0,0,0,0,0,0,0,0,1
"6916","Male","Hispanic",2010,23,"Theft",41,36,23,0,12,1,1,14,0,0,41
"6917","Male","Other",2010,23,"Theft",1,0,0,0,0,0,0,0,0,0,1
"6918","Male","White",2010,23,"Theft",5,4,4,0,2,0,0,2,0,0,5
"6919","Male","Black",2006,24,"Theft",28,25,24,0,18,0,8,16,0,0,28
"6920","Unknown","Black",2006,24,"Theft",1,1,1,0,1,0,1,1,0,0,1
"6921","Male","Hispanic",2006,24,"Theft",26,23,16,0,13,0,5,9,0,0,26
"6922","Male","Other",2006,24,"Theft",1,1,1,0,0,0,0,0,0,0,1
"6923","Male","White",2006,24,"Theft",5,5,3,0,1,0,0,1,0,0,5
"6924","Female","Black",2007,24,"Theft",6,5,4,0,4,0,0,1,0,0,6
"6925","Male","Black",2007,24,"Theft",34,25,17,0,11,0,0,7,0,0,34
"6926","Male","Hispanic",2007,24,"Theft",23,20,18,0,11,0,3,7,0,0,23
"6927","Unknown","Hispanic",2007,24,"Theft",1,1,1,0,0,0,0,0,0,0,1
"6928","Male","Other",2007,24,"Theft",3,3,0,0,0,0,0,1,0,0,3
"6929","Male","White",2007,24,"Theft",5,5,2,0,1,0,0,0,0,0,5
"6930","Female","Black",2008,24,"Theft",5,3,1,0,0,0,0,0,0,0,5
"6931","Male","Black",2008,24,"Theft",47,39,26,0,10,0,1,10,0,0,47
"6932","Female","Hispanic",2008,24,"Theft",3,2,1,0,1,0,0,1,0,0,3
"6933","Male","Hispanic",2008,24,"Theft",21,14,14,0,2,0,1,6,0,0,21
"6934","Unknown","Hispanic",2008,24,"Theft",1,1,1,0,0,0,0,0,0,0,1
"6935","Female","White",2008,24,"Theft",1,1,1,0,0,0,0,0,0,0,1
"6936","Male","White",2008,24,"Theft",4,1,4,0,1,0,0,0,0,0,4
"6937","Female","Black",2009,24,"Theft",3,1,2,0,1,0,0,1,0,0,3
"6938","Male","Black",2009,24,"Theft",58,48,32,0,10,0,0,12,0,0,58
"6939","Female","Hispanic",2009,24,"Theft",2,1,2,0,1,0,0,1,0,0,2
"6940","Male","Hispanic",2009,24,"Theft",27,21,15,0,5,0,0,4,0,0,27
"6941","Male","Other",2009,24,"Theft",2,2,2,0,1,0,0,1,0,0,2
"6942","Female","White",2009,24,"Theft",1,1,1,0,1,0,0,0,0,0,1
"6943","Male","White",2009,24,"Theft",10,7,6,0,1,0,0,3,0,0,10
"6944","Male","Asian",2010,24,"Theft",1,1,1,0,0,0,0,0,0,0,1
"6945","Female","Black",2010,24,"Theft",3,3,3,0,0,0,0,0,0,0,3
"6946","Male","Black",2010,24,"Theft",48,44,26,0,8,0,1,7,0,0,48
"6947","Male","Hispanic",2010,24,"Theft",19,15,9,0,1,0,0,1,0,0,19
"6948","Male","Other",2010,24,"Theft",6,5,0,0,0,0,0,0,0,0,6
"6949","Unknown","Other",2010,24,"Theft",1,1,1,0,1,0,0,1,0,0,1
"6950","Female","White",2010,24,"Theft",1,1,1,0,0,0,0,0,0,0,1
"6951","Male","White",2010,24,"Theft",8,8,3,0,3,0,2,2,0,0,8
"6952","Male","Asian",2006,25,"Theft",2,2,1,0,0,0,0,0,0,0,2
"6953","Female","Black",2006,25,"Theft",2,0,1,0,1,0,0,0,0,0,2
"6954","Male","Black",2006,25,"Theft",57,51,39,1,28,0,3,23,0,0,57
"6955","Female","Hispanic",2006,25,"Theft",2,1,1,0,0,0,0,1,0,0,2
"6956","Male","Hispanic",2006,25,"Theft",34,29,26,0,17,0,0,15,0,0,34
"6957","Female","Other",2006,25,"Theft",1,1,1,0,1,0,0,1,0,0,1
"6958","Male","Other",2006,25,"Theft",3,3,3,0,1,0,0,1,0,0,3
"6959","Unknown","Other",2006,25,"Theft",3,3,2,0,2,0,0,2,0,0,3
"6960","Male","White",2006,25,"Theft",5,2,2,0,2,0,0,1,0,0,5
"6961","Male","Asian",2007,25,"Theft",3,3,3,0,1,0,0,1,0,0,3
"6962","Female","Black",2007,25,"Theft",4,1,1,0,1,0,0,0,0,0,4
"6963","Male","Black",2007,25,"Theft",129,119,89,0,67,1,0,74,0,0,129
"6964","Female","Hispanic",2007,25,"Theft",1,1,0,0,0,0,0,0,0,0,1
"6965","Male","Hispanic",2007,25,"Theft",81,66,55,0,19,0,1,33,0,0,81
"6966","Unknown","Hispanic",2007,25,"Theft",1,1,1,0,0,0,0,0,0,0,1
"6967","Male","Native",2007,25,"Theft",1,1,1,0,0,0,0,0,0,0,1
"6968","Male","Other",2007,25,"Theft",2,2,1,0,0,0,0,1,0,0,2
"6969","Female","White",2007,25,"Theft",1,1,0,0,1,0,0,0,0,0,1
"6970","Male","White",2007,25,"Theft",4,4,4,0,2,0,0,3,0,0,4
"6971","Male","Asian",2008,25,"Theft",6,6,6,0,3,0,0,4,0,0,6
"6972","Female","Black",2008,25,"Theft",14,12,9,2,6,0,0,5,0,0,14
"6973","Male","Black",2008,25,"Theft",223,169,126,0,84,0,0,96,0,0,223
"6974","Unknown","Black",2008,25,"Theft",3,3,1,0,1,0,0,2,0,0,3
"6975","Female","Hispanic",2008,25,"Theft",6,3,3,0,2,0,0,2,0,0,6
"6976","Male","Hispanic",2008,25,"Theft",111,80,67,0,41,0,0,42,0,0,111
"6977","Unknown","Hispanic",2008,25,"Theft",1,1,0,0,1,0,0,1,0,0,1
"6978","Female","Native",2008,25,"Theft",1,1,1,0,1,0,0,0,0,0,1
"6979","Female","Other",2008,25,"Theft",3,1,1,0,1,0,0,1,0,0,3
"6980","Male","Other",2008,25,"Theft",11,9,5,0,2,0,0,4,0,0,11
"6981","Unknown","Other",2008,25,"Theft",4,2,1,0,2,0,0,2,0,0,4
"6982","Female","White",2008,25,"Theft",4,1,2,0,1,0,0,0,0,0,4
"6983","Male","White",2008,25,"Theft",7,4,1,0,1,0,0,3,0,0,7
"6984","Male","Asian",2009,25,"Theft",1,1,1,0,1,0,0,1,0,0,1
"6985","Female","Black",2009,25,"Theft",10,9,9,0,1,0,0,2,0,0,10
"6986","Male","Black",2009,25,"Theft",195,98,83,0,76,1,1,69,0,0,195
"6987","Female","Hispanic",2009,25,"Theft",5,3,3,0,2,0,0,1,0,0,5
"6988","Male","Hispanic",2009,25,"Theft",93,49,40,0,36,0,0,33,0,0,93
"6989","Female","Other",2009,25,"Theft",1,1,1,0,0,0,1,1,0,0,1
"6990","Male","Other",2009,25,"Theft",7,3,2,0,2,0,0,1,0,0,7
"6991","Unknown","Other",2009,25,"Theft",2,0,1,0,0,0,0,0,0,0,2
"6992","Female","White",2009,25,"Theft",1,0,0,0,0,0,0,0,0,0,1
"6993","Male","White",2009,25,"Theft",13,9,7,0,8,0,0,8,0,0,13
"6994","Female","Black",2010,25,"Theft",9,4,2,0,1,0,0,3,0,0,9
"6995","Male","Black",2010,25,"Theft",105,80,54,0,32,0,2,28,0,0,105
"6996","Female","Hispanic",2010,25,"Theft",2,1,1,0,0,0,0,1,0,0,2
"6997","Male","Hispanic",2010,25,"Theft",40,31,19,0,9,0,0,8,0,0,40
"6998","Male","Other",2010,25,"Theft",5,3,0,0,0,0,0,1,0,0,5
"6999","Unknown","Other",2010,25,"Theft",3,2,1,0,0,0,0,0,0,0,3
"7000","Female","White",2010,25,"Theft",1,1,0,0,0,0,0,0,0,0,1
"7001","Male","White",2010,25,"Theft",5,2,2,0,1,0,0,1,0,0,5
"7002","Female","Black",2006,26,"Theft",2,2,0,0,1,0,0,0,0,0,2
"7003","Male","Black",2006,26,"Theft",40,37,31,0,12,0,4,11,0,0,40
"7004","Female","Hispanic",2006,26,"Theft",1,1,1,0,0,0,0,0,0,0,1
"7005","Male","Hispanic",2006,26,"Theft",15,14,12,0,5,0,1,8,0,0,15
"7006","Female","White",2006,26,"Theft",1,1,1,0,1,0,0,1,0,0,1
"7007","Male","White",2006,26,"Theft",4,4,4,0,2,0,0,3,0,0,4
"7008","Male","Asian",2007,26,"Theft",1,0,0,0,0,0,0,0,0,0,1
"7009","Female","Black",2007,26,"Theft",5,4,3,0,1,0,0,0,0,0,5
"7010","Male","Black",2007,26,"Theft",48,39,31,0,7,0,1,7,0,0,48
"7011","Male","Hispanic",2007,26,"Theft",15,12,12,0,3,0,1,1,0,0,15
"7012","Male","Asian",2008,26,"Theft",1,1,1,0,1,0,0,1,0,0,1
"7013","Female","Black",2008,26,"Theft",7,5,4,0,2,0,0,2,0,0,7
"7014","Male","Black",2008,26,"Theft",60,49,43,0,8,0,1,9,0,0,60
"7015","Unknown","Black",2008,26,"Theft",1,1,1,0,0,0,0,1,0,0,1
"7016","Female","Hispanic",2008,26,"Theft",3,2,3,0,3,0,0,1,0,0,3
"7017","Male","Hispanic",2008,26,"Theft",23,18,17,0,10,0,1,4,0,0,23
"7018","Female","White",2008,26,"Theft",1,1,1,0,1,0,0,0,0,0,1
"7019","Female","Black",2009,26,"Theft",3,0,3,0,1,0,0,0,0,0,3
"7020","Male","Black",2009,26,"Theft",58,50,45,0,20,0,0,11,0,0,58
"7021","Female","Hispanic",2009,26,"Theft",1,0,0,0,0,0,0,0,0,0,1
"7022","Male","Hispanic",2009,26,"Theft",28,28,22,0,10,0,1,8,0,0,28
"7023","Male","White",2009,26,"Theft",2,2,1,0,0,0,0,1,0,0,2
"7024","Male","Asian",2010,26,"Theft",1,1,1,0,0,0,0,1,0,0,1
"7025","Female","Black",2010,26,"Theft",5,3,1,0,1,0,0,1,0,0,5
"7026","Male","Black",2010,26,"Theft",44,36,30,0,9,0,1,9,0,0,44
"7027","Female","Hispanic",2010,26,"Theft",1,0,1,0,0,0,0,0,0,0,1
"7028","Male","Hispanic",2010,26,"Theft",13,11,10,0,5,0,0,3,0,0,13
"7029","Male","Other",2010,26,"Theft",1,1,0,0,0,0,0,0,0,0,1
"7030","Male","White",2010,26,"Theft",3,3,3,0,3,0,0,0,0,0,3
"7031","Female","Black",2006,28,"Theft",9,9,7,0,3,0,0,2,0,0,9
"7032","Male","Black",2006,28,"Theft",44,37,27,0,12,0,1,19,0,0,44
"7033","Unknown","Black",2006,28,"Theft",1,1,1,0,0,0,1,1,0,0,1
"7034","Female","Hispanic",2006,28,"Theft",1,1,1,0,1,0,0,1,0,0,1
"7035","Male","Hispanic",2006,28,"Theft",4,2,3,0,0,0,0,2,0,0,4
"7036","Unknown","Native",2006,28,"Theft",1,0,0,0,0,0,0,0,0,0,1
"7037","Unknown","Other",2006,28,"Theft",2,1,1,0,1,0,0,0,0,0,2
"7038","Male","White",2006,28,"Theft",1,0,1,0,0,0,0,0,0,0,1
"7039","Male","Asian",2007,28,"Theft",1,0,0,0,0,0,0,1,0,0,1
"7040","Female","Black",2007,28,"Theft",3,2,2,0,0,0,0,2,0,0,3
"7041","Male","Black",2007,28,"Theft",51,43,29,0,17,0,1,20,0,0,51
"7042","Male","Hispanic",2007,28,"Theft",6,5,4,0,0,0,0,1,0,0,6
"7043","Male","White",2007,28,"Theft",3,2,2,0,0,0,0,0,0,0,3
"7044","Female","Asian",2008,28,"Theft",1,1,1,0,0,0,0,0,0,0,1
"7045","Female","Black",2008,28,"Theft",3,1,2,0,0,0,0,0,0,0,3
"7046","Male","Black",2008,28,"Theft",80,66,43,0,18,0,5,24,0,0,80
"7047","Female","Hispanic",2008,28,"Theft",1,0,0,0,0,0,0,0,0,0,1
"7048","Male","Hispanic",2008,28,"Theft",16,7,12,0,2,0,0,3,0,0,16
"7049","Male","Other",2008,28,"Theft",1,1,1,0,1,0,0,0,0,0,1
"7050","Male","White",2008,28,"Theft",1,0,1,0,1,0,0,0,0,0,1
"7051","Female","Black",2009,28,"Theft",4,2,1,0,0,0,0,0,0,0,4
"7052","Male","Black",2009,28,"Theft",34,32,18,0,8,0,0,10,0,0,34
"7053","Male","Hispanic",2009,28,"Theft",6,5,2,0,0,0,0,0,0,0,6
"7054","Female","Other",2009,28,"Theft",1,0,0,0,0,0,1,0,0,0,1
"7055","Male","Other",2009,28,"Theft",1,1,1,0,0,0,0,0,0,0,1
"7056","Unknown","Other",2009,28,"Theft",1,0,0,0,0,0,1,0,0,0,1
"7057","Male","White",2009,28,"Theft",1,1,1,0,0,0,0,1,0,0,1
"7058","Male","Asian",2010,28,"Theft",1,1,0,0,0,0,0,1,0,0,1
"7059","Female","Black",2010,28,"Theft",5,4,0,0,0,0,0,4,0,0,5
"7060","Male","Black",2010,28,"Theft",29,27,12,0,8,0,0,7,0,0,29
"7061","Female","Hispanic",2010,28,"Theft",1,0,0,0,0,0,0,0,0,0,1
"7062","Male","Hispanic",2010,28,"Theft",9,8,4,0,3,0,0,2,0,0,9
"7063","Male","White",2010,28,"Theft",4,3,4,0,3,0,3,3,0,0,4
"7064","Male","Black",2005,30,"Theft",1,1,1,0,1,0,0,0,0,0,1
"7065","Female","Black",2006,30,"Theft",2,2,2,0,0,0,0,0,0,0,2
"7066","Male","Black",2006,30,"Theft",12,11,9,0,5,0,0,5,0,0,12
"7067","Female","Hispanic",2006,30,"Theft",1,1,0,0,0,0,0,0,0,0,1
"7068","Male","Hispanic",2006,30,"Theft",4,4,2,0,0,0,0,2,0,0,4
"7069","Male","Other",2006,30,"Theft",2,2,2,0,1,0,0,0,0,0,2
"7070","Female","Black",2007,30,"Theft",3,1,0,0,0,0,0,1,0,0,3
"7071","Male","Black",2007,30,"Theft",33,24,14,0,11,0,3,13,0,0,33
"7072","Male","Hispanic",2007,30,"Theft",11,8,7,0,4,0,0,4,0,0,11
"7073","Unknown","Other",2007,30,"Theft",2,2,0,0,0,0,0,1,0,0,2
"7074","Male","White",2007,30,"Theft",1,1,0,0,1,0,0,0,0,0,1
"7075","Male","Asian",2008,30,"Theft",1,0,1,0,1,0,0,1,0,0,1
"7076","Female","Black",2008,30,"Theft",1,0,0,0,0,0,0,0,0,0,1
"7077","Male","Black",2008,30,"Theft",30,23,15,0,8,0,0,6,0,0,30
"7078","Female","Hispanic",2008,30,"Theft",1,0,0,0,0,0,0,0,0,0,1
"7079","Male","Hispanic",2008,30,"Theft",31,25,19,0,12,0,0,4,0,0,31
"7080","Male","Native",2008,30,"Theft",1,1,1,0,1,0,1,1,0,0,1
"7081","Male","Asian",2009,30,"Theft",1,1,0,0,0,0,0,0,0,0,1
"7082","Female","Black",2009,30,"Theft",4,3,2,0,1,0,0,2,0,0,4
"7083","Male","Black",2009,30,"Theft",44,38,20,1,5,1,0,6,0,0,44
"7084","Male","Hispanic",2009,30,"Theft",38,35,19,0,3,0,0,6,0,0,38
"7085","Unknown","Hispanic",2009,30,"Theft",1,1,1,0,1,0,0,1,0,0,1
"7086","Male","Other",2009,30,"Theft",3,3,1,0,1,0,0,1,0,0,3
"7087","Male","White",2009,30,"Theft",1,1,1,0,0,0,0,0,0,0,1
"7088","Female","Black",2010,30,"Theft",1,1,1,0,0,0,0,0,0,0,1
"7089","Male","Black",2010,30,"Theft",24,20,14,0,5,0,0,6,0,0,24
"7090","Male","Hispanic",2010,30,"Theft",10,9,5,0,2,0,0,3,0,0,10
"7091","Male","Other",2010,30,"Theft",1,1,1,0,1,0,0,1,0,0,1
"7092","Unknown","Other",2010,30,"Theft",2,2,1,0,2,0,0,0,0,0,2
"7093","Female","White",2010,30,"Theft",2,2,2,0,1,0,0,0,0,0,2
"7094","Female","Black",2006,32,"Theft",3,3,2,0,0,0,0,3,0,0,3
"7095","Male","Black",2006,32,"Theft",36,35,32,0,21,1,2,22,0,0,36
"7096","Female","Hispanic",2006,32,"Theft",2,2,2,0,0,0,0,0,0,0,2
"7097","Male","Hispanic",2006,32,"Theft",6,6,6,0,3,0,1,2,0,0,6
"7098","Male","Other",2006,32,"Theft",1,1,1,0,0,0,0,1,0,0,1
"7099","Unknown","Other",2006,32,"Theft",1,1,1,0,0,0,0,1,0,0,1
"7100","Female","White",2006,32,"Theft",1,1,1,0,1,0,0,0,0,0,1
"7101","Female","Black",2007,32,"Theft",2,2,2,0,1,0,0,1,0,0,2
"7102","Male","Black",2007,32,"Theft",69,53,42,0,28,0,3,27,0,0,69
"7103","Female","Hispanic",2007,32,"Theft",1,0,0,0,0,0,0,0,0,0,1
"7104","Male","Hispanic",2007,32,"Theft",10,8,9,0,2,0,0,3,0,0,10
"7105","Female","Other",2007,32,"Theft",1,1,1,0,1,0,0,1,0,0,1
"7106","Male","Other",2007,32,"Theft",1,1,0,0,1,0,0,1,0,0,1
"7107","Unknown","Other",2007,32,"Theft",2,1,1,0,1,0,0,0,0,0,2
"7108","Male","White",2007,32,"Theft",2,2,2,0,0,0,0,1,0,0,2
"7109","Female","Black",2008,32,"Theft",5,4,2,0,3,0,0,3,0,0,5
"7110","Male","Black",2008,32,"Theft",70,65,48,0,32,0,2,30,0,0,70
"7111","Female","Hispanic",2008,32,"Theft",2,2,2,0,2,0,0,0,0,0,2
"7112","Male","Hispanic",2008,32,"Theft",5,5,5,0,5,0,0,3,0,0,5
"7113","Male","White",2008,32,"Theft",1,1,1,0,1,0,0,1,0,0,1
"7114","Female","Asian",2009,32,"Theft",1,1,0,0,0,0,0,0,0,0,1
"7115","Female","Black",2009,32,"Theft",14,13,14,0,8,0,0,7,0,0,14
"7116","Male","Black",2009,32,"Theft",48,46,29,0,10,2,1,17,0,0,48
"7117","Male","Hispanic",2009,32,"Theft",11,11,9,0,2,0,0,3,0,0,11
"7118","Male","White",2009,32,"Theft",2,2,0,0,2,0,0,2,0,0,2
"7119","Male","Asian",2010,32,"Theft",1,1,1,0,0,0,0,0,0,0,1
"7120","Female","Black",2010,32,"Theft",1,1,1,0,1,0,0,1,0,0,1
"7121","Male","Black",2010,32,"Theft",54,47,35,0,18,0,2,28,0,0,54
"7122","Male","Hispanic",2010,32,"Theft",8,7,4,0,3,0,1,4,0,0,8
"7123","Female","Black",2006,33,"Theft",2,0,0,0,2,0,0,0,0,0,2
"7124","Male","Black",2006,33,"Theft",21,21,18,0,4,0,3,11,0,0,21
"7125","Female","Hispanic",2006,33,"Theft",1,1,0,0,0,0,0,1,0,0,1
"7126","Male","Hispanic",2006,33,"Theft",21,16,12,0,6,0,1,14,0,0,21
"7127","Female","Black",2007,33,"Theft",5,2,2,0,1,0,0,2,0,0,5
"7128","Male","Black",2007,33,"Theft",14,10,5,0,4,0,0,4,0,0,14
"7129","Female","Hispanic",2007,33,"Theft",3,2,1,0,1,0,0,0,0,0,3
"7130","Male","Hispanic",2007,33,"Theft",17,14,11,0,5,0,0,8,0,0,17
"7131","Unknown","Other",2007,33,"Theft",1,1,0,0,0,0,0,0,0,0,1
"7132","Male","White",2007,33,"Theft",1,0,1,0,0,0,0,0,0,0,1
"7133","Female","Black",2008,33,"Theft",1,0,0,0,0,0,0,0,0,0,1
"7134","Male","Black",2008,33,"Theft",34,28,21,0,8,0,1,9,0,0,34
"7135","Female","Hispanic",2008,33,"Theft",2,2,2,0,2,0,0,1,0,0,2
"7136","Male","Hispanic",2008,33,"Theft",35,26,21,0,8,0,0,5,0,0,35
"7137","Male","Native",2008,33,"Theft",1,1,0,0,0,0,0,0,0,0,1
"7138","Male","Other",2008,33,"Theft",1,0,1,0,0,0,0,0,0,0,1
"7139","Male","White",2008,33,"Theft",4,3,4,0,4,0,2,0,0,0,4
"7140","Male","Asian",2009,33,"Theft",2,2,2,0,0,0,0,1,0,0,2
"7141","Female","Black",2009,33,"Theft",2,0,0,0,0,0,0,0,0,0,2
"7142","Male","Black",2009,33,"Theft",34,29,15,0,6,0,0,2,0,0,34
"7143","Female","Hispanic",2009,33,"Theft",3,0,3,0,1,0,0,0,0,0,3
"7144","Male","Hispanic",2009,33,"Theft",62,49,26,0,9,0,1,7,0,0,62
"7145","Male","Other",2009,33,"Theft",1,1,0,0,0,0,0,1,0,0,1
"7146","Unknown","Other",2009,33,"Theft",1,1,0,0,0,0,0,0,0,0,1
"7147","Female","White",2009,33,"Theft",1,1,0,0,0,0,0,0,0,0,1
"7148","Male","White",2009,33,"Theft",1,1,1,0,0,0,0,0,0,0,1
"7149","Female","Asian",2010,33,"Theft",1,0,0,0,1,0,0,0,0,0,1
"7150","Male","Black",2010,33,"Theft",14,13,5,0,3,0,0,3,0,0,14
"7151","Male","Hispanic",2010,33,"Theft",25,19,10,0,3,0,0,5,0,0,25
"7152","Unknown","Other",2010,33,"Theft",1,1,1,0,1,0,0,1,0,0,1
"7153","Female","White",2010,33,"Theft",1,1,1,0,0,0,0,1,0,0,1
"7154","Male","White",2010,33,"Theft",1,1,1,0,1,0,0,1,0,0,1
"7155","Male","Black",2006,34,"Theft",7,6,6,0,3,0,0,2,0,0,7
"7156","Female","Hispanic",2006,34,"Theft",4,2,1,0,1,0,0,2,0,0,4
"7157","Male","Hispanic",2006,34,"Theft",39,36,28,0,22,0,2,25,0,0,39
"7158","Female","Other",2006,34,"Theft",1,1,1,0,0,0,0,0,0,0,1
"7159","Male","White",2006,34,"Theft",1,1,0,0,0,0,0,1,0,0,1
"7160","Female","Black",2007,34,"Theft",4,1,1,0,1,0,0,0,0,0,4
"7161","Male","Black",2007,34,"Theft",25,19,19,0,8,0,0,9,0,0,25
"7162","Female","Hispanic",2007,34,"Theft",6,0,1,0,1,0,0,0,0,0,6
"7163","Male","Hispanic",2007,34,"Theft",45,38,28,0,22,0,0,18,0,0,45
"7164","Male","White",2007,34,"Theft",5,5,2,0,3,0,0,1,0,0,5
"7165","Male","Asian",2008,34,"Theft",1,1,1,0,1,0,0,0,0,0,1
"7166","Female","Black",2008,34,"Theft",3,2,1,0,0,0,0,0,0,0,3
"7167","Male","Black",2008,34,"Theft",33,27,20,0,11,0,1,8,0,0,33
"7168","Female","Hispanic",2008,34,"Theft",6,3,2,0,1,0,0,2,0,0,6
"7169","Male","Hispanic",2008,34,"Theft",110,89,76,0,57,0,4,40,0,0,110
"7170","Male","Native",2008,34,"Theft",1,1,1,0,1,0,0,0,0,0,1
"7171","Male","Other",2008,34,"Theft",1,1,1,0,1,0,0,0,0,0,1
"7172","Male","White",2008,34,"Theft",8,6,6,0,3,0,0,3,0,0,8
"7173","Male","Asian",2009,34,"Theft",2,2,1,0,1,0,0,1,0,0,2
"7174","Male","Black",2009,34,"Theft",30,28,15,0,6,1,0,6,0,0,30
"7175","Female","Hispanic",2009,34,"Theft",1,0,0,0,0,0,0,0,0,0,1
"7176","Male","Hispanic",2009,34,"Theft",54,48,28,0,23,0,1,21,0,0,54
"7177","Male","Other",2009,34,"Theft",5,4,1,0,1,0,0,3,0,0,5
"7178","Unknown","Other",2009,34,"Theft",2,2,1,0,0,0,0,1,0,0,2
"7179","Female","White",2009,34,"Theft",1,0,0,0,0,0,0,1,0,0,1
"7180","Male","White",2009,34,"Theft",3,3,3,0,2,0,0,2,0,0,3
"7181","Male","Asian",2010,34,"Theft",2,1,0,0,1,0,0,0,0,0,2
"7182","Male","Black",2010,34,"Theft",21,18,16,0,9,0,2,6,0,0,21
"7183","Female","Hispanic",2010,34,"Theft",1,1,1,0,1,0,0,0,0,0,1
"7184","Male","Hispanic",2010,34,"Theft",63,54,37,0,23,0,0,25,0,0,63
"7185","Male","Other",2010,34,"Theft",5,5,1,0,0,0,0,1,0,0,5
"7186","Male","White",2010,34,"Theft",2,2,1,0,1,0,0,1,0,0,2
"7187","Male","Black",2005,40,"Theft",1,1,1,0,0,0,0,1,0,0,1
"7188","Male","Hispanic",2005,40,"Theft",3,3,1,0,0,0,0,2,0,0,3
"7189","Female","Black",2006,40,"Theft",2,2,2,0,1,0,0,2,0,0,2
"7190","Male","Black",2006,40,"Theft",31,27,14,0,8,0,1,8,0,0,31
"7191","Female","Hispanic",2006,40,"Theft",3,3,3,0,1,0,0,0,0,0,3
"7192","Male","Hispanic",2006,40,"Theft",37,34,20,0,5,0,2,13,0,0,37
"7193","Male","Other",2006,40,"Theft",1,1,0,0,0,0,0,0,0,0,1
"7194","Unknown","Other",2006,40,"Theft",3,1,1,0,0,0,0,3,0,0,3
"7195","Female","Black",2007,40,"Theft",4,4,2,0,2,0,1,2,0,0,4
"7196","Male","Black",2007,40,"Theft",36,28,22,0,7,0,1,10,0,0,36
"7197","Female","Hispanic",2007,40,"Theft",4,0,0,0,0,0,0,1,0,0,4
"7198","Male","Hispanic",2007,40,"Theft",38,29,20,0,8,0,0,11,0,0,38
"7199","Male","Other",2007,40,"Theft",2,1,0,0,0,0,0,0,0,0,2
"7200","Unknown","Other",2007,40,"Theft",2,1,0,0,0,0,0,1,0,0,2
"7201","Male","White",2007,40,"Theft",1,0,0,0,0,0,0,0,0,0,1
"7202","Female","Black",2008,40,"Theft",2,2,2,0,0,0,0,1,0,0,2
"7203","Male","Black",2008,40,"Theft",29,23,14,0,9,0,0,7,0,0,29
"7204","Female","Hispanic",2008,40,"Theft",6,5,3,0,2,0,0,1,0,0,6
"7205","Male","Hispanic",2008,40,"Theft",37,31,17,1,9,0,0,12,0,0,37
"7206","Male","Other",2008,40,"Theft",2,2,0,0,0,0,0,1,0,0,2
"7207","Unknown","Other",2008,40,"Theft",2,2,2,0,1,0,0,1,0,0,2
"7208","Male","White",2008,40,"Theft",1,1,0,0,0,0,0,1,0,0,1
"7209","Female","Black",2009,40,"Theft",4,4,4,0,4,0,0,4,0,0,4
"7210","Male","Black",2009,40,"Theft",27,24,18,0,10,0,0,14,0,0,27
"7211","Female","Hispanic",2009,40,"Theft",3,2,3,0,3,0,0,2,0,0,3
"7212","Male","Hispanic",2009,40,"Theft",24,22,15,0,6,0,1,12,0,0,24
"7213","Male","Other",2009,40,"Theft",1,1,1,0,1,0,0,1,0,0,1
"7214","Female","White",2009,40,"Theft",2,2,1,0,2,0,0,2,0,0,2
"7215","Female","Black",2010,40,"Theft",2,2,2,0,2,0,0,2,0,0,2
"7216","Male","Black",2010,40,"Theft",21,21,12,0,7,0,1,9,0,0,21
"7217","Male","Hispanic",2010,40,"Theft",22,21,11,0,4,0,4,8,0,0,22
"7218","Unknown","Hispanic",2010,40,"Theft",1,1,0,0,1,0,0,1,0,0,1
"7219","Male","Other",2010,40,"Theft",1,1,0,0,0,0,0,0,0,0,1
"7220","Unknown","Other",2010,40,"Theft",1,1,1,0,0,0,0,1,0,0,1
"7221","Female","Black",2006,41,"Theft",1,0,0,0,1,0,0,0,0,0,1
"7222","Male","Black",2006,41,"Theft",4,4,4,0,3,0,0,3,0,0,4
"7223","Female","Hispanic",2006,41,"Theft",2,2,2,0,1,0,0,0,0,0,2
"7224","Male","Hispanic",2006,41,"Theft",22,21,18,0,9,0,0,11,0,0,22
"7225","Unknown","Other",2006,41,"Theft",1,0,0,0,0,0,0,0,0,0,1
"7226","Female","Black",2007,41,"Theft",1,1,0,0,0,0,0,0,0,0,1
"7227","Male","Black",2007,41,"Theft",21,19,13,0,10,0,0,5,0,0,21
"7228","Female","Hispanic",2007,41,"Theft",3,2,2,0,1,0,0,1,0,0,3
"7229","Male","Hispanic",2007,41,"Theft",22,20,15,0,11,0,2,13,0,0,22
"7230","Male","Other",2007,41,"Theft",3,3,1,0,2,0,0,1,0,0,3
"7231","Female","Black",2008,41,"Theft",4,3,1,0,2,0,0,3,0,0,4
"7232","Male","Black",2008,41,"Theft",49,42,24,0,20,0,1,20,0,0,49
"7233","Female","Hispanic",2008,41,"Theft",2,0,0,0,0,0,0,0,0,0,2
"7234","Male","Hispanic",2008,41,"Theft",51,43,28,0,16,0,0,25,0,0,51
"7235","Unknown","Hispanic",2008,41,"Theft",1,1,0,0,1,0,0,0,0,0,1
"7236","Female","Other",2008,41,"Theft",1,0,0,0,0,0,0,1,0,0,1
"7237","Male","Other",2008,41,"Theft",3,3,1,0,0,0,0,3,0,0,3
"7238","Unknown","Other",2008,41,"Theft",5,3,2,0,0,0,0,5,0,0,5
"7239","Male","White",2008,41,"Theft",1,1,0,0,1,0,0,0,0,0,1
"7240","Female","Black",2009,41,"Theft",2,2,0,0,1,0,0,1,0,0,2
"7241","Male","Black",2009,41,"Theft",29,25,19,0,16,0,1,18,0,0,29
"7242","Female","Hispanic",2009,41,"Theft",3,3,3,0,2,0,0,1,0,0,3
"7243","Male","Hispanic",2009,41,"Theft",39,34,22,0,19,0,0,25,0,0,39
"7244","Male","Other",2009,41,"Theft",4,4,2,0,0,0,0,4,0,0,4
"7245","Unknown","Other",2009,41,"Theft",10,10,5,0,5,0,0,7,0,0,10
"7246","Male","White",2009,41,"Theft",1,1,0,0,0,0,0,1,0,0,1
"7247","Male","Asian",2010,41,"Theft",1,1,0,0,1,0,0,1,0,0,1
"7248","Female","Black",2010,41,"Theft",1,1,1,0,1,0,0,1,0,0,1
"7249","Male","Black",2010,41,"Theft",16,14,5,0,7,0,0,7,0,0,16
"7250","Female","Hispanic",2010,41,"Theft",1,1,1,0,0,0,0,0,0,0,1
"7251","Male","Hispanic",2010,41,"Theft",28,25,14,0,6,0,0,12,0,0,28
"7252","Male","Other",2010,41,"Theft",1,1,0,0,0,0,0,1,0,0,1
"7253","Unknown","Other",2010,41,"Theft",2,2,1,0,0,0,0,0,0,0,2
"7254","Male","White",2010,41,"Theft",1,1,0,0,0,0,0,0,0,0,1
"7255","Unknown","White",2010,41,"Theft",1,1,1,0,0,0,0,0,0,0,1
"7256","Male","Black",2005,42,"Theft",1,0,0,0,0,0,0,0,0,0,1
"7257","Female","Black",2006,42,"Theft",3,2,1,0,1,0,0,0,0,0,3
"7258","Male","Black",2006,42,"Theft",61,51,37,0,24,3,8,31,0,0,61
"7259","Female","Hispanic",2006,42,"Theft",3,1,1,0,2,0,0,0,0,0,3
"7260","Male","Hispanic",2006,42,"Theft",34,31,19,0,14,0,3,12,0,0,34
"7261","Male","Other",2006,42,"Theft",3,2,2,0,0,0,2,2,0,0,3
"7262","Unknown","Other",2006,42,"Theft",5,5,5,0,4,1,1,4,0,0,5
"7263","Male","White",2006,42,"Theft",2,2,2,0,0,0,0,0,0,0,2
"7264","Female","Black",2007,42,"Theft",5,5,3,0,4,0,1,4,0,0,5
"7265","Male","Black",2007,42,"Theft",43,41,35,0,18,0,0,15,0,0,43
"7266","Female","Hispanic",2007,42,"Theft",1,1,1,0,1,0,1,1,0,0,1
"7267","Male","Hispanic",2007,42,"Theft",27,25,19,0,9,0,1,9,0,0,27
"7268","Male","Other",2007,42,"Theft",2,2,0,0,0,0,0,1,0,0,2
"7269","Unknown","Other",2007,42,"Theft",3,3,1,0,0,0,0,1,0,0,3
"7270","Male","Asian",2008,42,"Theft",1,1,1,0,0,0,0,0,0,0,1
"7271","Female","Black",2008,42,"Theft",8,8,4,0,2,0,0,3,0,0,8
"7272","Male","Black",2008,42,"Theft",56,53,35,0,31,0,4,26,0,0,56
"7273","Unknown","Black",2008,42,"Theft",1,1,1,0,0,0,0,0,0,0,1
"7274","Female","Hispanic",2008,42,"Theft",1,1,0,0,0,0,0,1,0,0,1
"7275","Male","Hispanic",2008,42,"Theft",36,36,26,0,12,1,0,17,0,0,36
"7276","Male","Other",2008,42,"Theft",6,6,3,0,1,0,0,0,0,0,6
"7277","Unknown","Other",2008,42,"Theft",1,1,1,0,1,0,0,0,0,0,1
"7278","Male","White",2008,42,"Theft",1,1,1,0,1,0,0,1,0,0,1
"7279","Male","Asian",2009,42,"Theft",2,2,2,0,1,0,0,0,0,0,2
"7280","Female","Black",2009,42,"Theft",3,3,3,0,0,0,0,0,0,0,3
"7281","Male","Black",2009,42,"Theft",27,25,19,0,9,0,0,7,0,0,27
"7282","Unknown","Black",2009,42,"Theft",2,2,0,0,0,0,0,1,0,0,2
"7283","Female","Hispanic",2009,42,"Theft",2,2,2,0,0,0,0,0,0,0,2
"7284","Male","Hispanic",2009,42,"Theft",21,19,15,0,7,0,0,10,0,0,21
"7285","Male","Other",2009,42,"Theft",2,2,0,0,0,0,0,0,0,0,2
"7286","Female","Black",2010,42,"Theft",1,0,0,0,0,0,0,0,0,0,1
"7287","Male","Black",2010,42,"Theft",22,21,14,0,12,0,0,9,0,0,22
"7288","Female","Hispanic",2010,42,"Theft",1,1,0,0,1,0,0,1,0,0,1
"7289","Male","Hispanic",2010,42,"Theft",6,6,5,0,4,0,0,5,0,0,6
"7290","Male","Asian",2006,43,"Theft",1,1,0,0,0,0,0,1,0,0,1
"7291","Male","Black",2006,43,"Theft",32,28,19,0,14,0,1,11,0,0,32
"7292","Female","Hispanic",2006,43,"Theft",1,1,0,0,0,0,0,0,0,0,1
"7293","Male","Hispanic",2006,43,"Theft",27,22,18,0,7,0,2,7,0,0,27
"7294","Male","Other",2006,43,"Theft",1,1,1,0,1,0,0,0,0,0,1
"7295","Unknown","Other",2006,43,"Theft",1,1,1,0,0,0,0,0,0,0,1
"7296","Female","White",2006,43,"Theft",1,1,1,0,1,0,0,1,0,0,1
"7297","Male","White",2006,43,"Theft",1,1,0,0,0,0,0,1,0,0,1
"7298","Male","Black",2007,43,"Theft",18,17,12,0,8,0,3,10,0,0,18
"7299","Female","Hispanic",2007,43,"Theft",1,1,0,0,0,0,0,0,0,0,1
"7300","Male","Hispanic",2007,43,"Theft",20,18,17,0,8,0,0,12,0,0,20
"7301","Male","White",2007,43,"Theft",1,1,1,0,0,0,0,0,0,0,1
"7302","Female","Asian",2008,43,"Theft",1,1,1,0,1,0,0,1,0,0,1
"7303","Male","Black",2008,43,"Theft",25,22,16,0,7,0,0,14,0,0,25
"7304","Female","Hispanic",2008,43,"Theft",4,1,1,0,0,0,0,0,0,0,4
"7305","Male","Hispanic",2008,43,"Theft",33,28,19,0,13,0,0,17,0,0,33
"7306","Male","Other",2008,43,"Theft",1,1,1,0,0,0,0,0,0,0,1
"7307","Male","White",2008,43,"Theft",1,1,0,0,1,1,0,1,0,0,1
"7308","Female","Black",2009,43,"Theft",6,6,3,0,4,0,0,2,0,0,6
"7309","Male","Black",2009,43,"Theft",43,38,30,0,15,0,1,14,0,0,43
"7310","Female","Hispanic",2009,43,"Theft",5,5,4,0,4,0,0,3,0,0,5
"7311","Male","Hispanic",2009,43,"Theft",56,50,35,0,24,0,2,23,0,0,56
"7312","Male","Native",2009,43,"Theft",1,1,0,0,1,0,0,1,0,0,1
"7313","Female","Other",2009,43,"Theft",1,1,0,0,0,0,0,0,0,0,1
"7314","Male","Other",2009,43,"Theft",2,2,1,0,0,0,0,1,0,0,2
"7315","Male","White",2009,43,"Theft",2,2,2,0,1,0,0,0,0,0,2
"7316","Female","Black",2010,43,"Theft",5,3,1,0,1,0,0,0,0,0,5
"7317","Male","Black",2010,43,"Theft",40,34,14,0,9,0,2,11,0,0,40
"7318","Female","Hispanic",2010,43,"Theft",4,1,1,0,0,0,0,0,0,0,4
"7319","Male","Hispanic",2010,43,"Theft",28,27,18,0,3,0,0,7,0,0,28
"7320","Male","Native",2010,43,"Theft",1,1,1,0,1,0,0,1,0,0,1
"7321","Male","Other",2010,43,"Theft",4,4,2,0,3,0,0,2,0,0,4
"7322","Unknown","Other",2010,43,"Theft",1,1,0,0,0,0,0,0,0,0,1
"7323","Male","White",2010,43,"Theft",3,2,2,0,1,0,0,1,0,0,3
"7324","Male","Black",2005,44,"Theft",2,1,1,0,0,0,0,0,0,0,2
"7325","Male","Hispanic",2005,44,"Theft",2,1,1,0,1,0,0,0,0,0,2
"7326","Female","Black",2006,44,"Theft",3,3,2,0,1,0,0,1,0,0,3
"7327","Male","Black",2006,44,"Theft",35,30,31,0,14,0,0,10,0,0,35
"7328","Female","Hispanic",2006,44,"Theft",5,5,5,0,4,0,0,0,0,0,5
"7329","Male","Hispanic",2006,44,"Theft",24,23,20,0,11,0,0,11,0,0,24
"7330","Unknown","Hispanic",2006,44,"Theft",1,0,0,0,0,0,0,1,0,0,1
"7331","Male","Other",2006,44,"Theft",1,1,1,0,1,0,0,1,0,0,1
"7332","Male","White",2006,44,"Theft",1,1,1,0,0,0,0,1,0,0,1
"7333","Female","Black",2007,44,"Theft",5,4,4,0,3,0,0,1,0,0,5
"7334","Male","Black",2007,44,"Theft",27,20,17,0,10,0,0,13,0,0,27
"7335","Female","Hispanic",2007,44,"Theft",2,1,1,0,0,0,0,1,0,0,2
"7336","Male","Hispanic",2007,44,"Theft",22,20,13,0,8,0,1,13,0,0,22
"7337","Female","Other",2007,44,"Theft",1,1,1,0,0,0,0,1,0,0,1
"7338","Male","Other",2007,44,"Theft",2,1,1,0,1,0,0,1,0,0,2
"7339","Unknown","Other",2007,44,"Theft",1,1,1,0,0,0,0,1,0,0,1
"7340","Female","Black",2008,44,"Theft",2,1,1,0,1,0,0,1,0,0,2
"7341","Male","Black",2008,44,"Theft",30,28,13,0,10,0,0,23,0,0,30
"7342","Female","Hispanic",2008,44,"Theft",6,3,3,0,4,0,1,4,0,0,6
"7343","Male","Hispanic",2008,44,"Theft",11,10,4,0,3,0,0,10,0,0,11
"7344","Male","Native",2008,44,"Theft",1,1,0,0,0,0,0,1,0,0,1
"7345","Male","Other",2008,44,"Theft",2,0,2,0,1,0,0,0,0,0,2
"7346","Unknown","Other",2008,44,"Theft",1,0,1,0,1,0,0,0,0,0,1
"7347","Female","Black",2009,44,"Theft",4,4,4,0,2,0,0,1,0,0,4
"7348","Male","Black",2009,44,"Theft",28,25,19,0,12,0,0,14,0,0,28
"7349","Female","Hispanic",2009,44,"Theft",5,4,3,0,3,0,0,2,0,0,5
"7350","Male","Hispanic",2009,44,"Theft",32,26,25,0,10,0,8,12,0,0,32
"7351","Male","Other",2009,44,"Theft",1,1,1,0,0,0,0,1,0,0,1
"7352","Unknown","Other",2009,44,"Theft",1,1,1,0,0,0,0,0,0,0,1
"7353","Female","White",2009,44,"Theft",3,3,2,0,1,0,1,3,0,0,3
"7354","Male","White",2009,44,"Theft",2,2,2,0,2,0,2,2,0,0,2
"7355","Male","Black",2010,44,"Theft",39,36,28,0,20,0,6,30,0,0,39
"7356","Male","Hispanic",2010,44,"Theft",19,17,12,0,10,0,0,11,0,0,19
"7357","Unknown","Hispanic",2010,44,"Theft",2,2,2,0,1,0,0,2,0,0,2
"7358","Male","Native",2010,44,"Theft",1,1,1,0,0,0,0,0,0,0,1
"7359","Male","Other",2010,44,"Theft",2,2,1,0,0,0,0,1,0,0,2
"7360","Unknown","Other",2010,44,"Theft",3,3,2,0,2,0,1,3,0,0,3
"7361","Male","Black",2005,45,"Theft",2,0,2,0,0,0,0,0,0,0,2
"7362","Male","Hispanic",2005,45,"Theft",1,1,0,0,0,0,0,0,0,0,1
"7363","Male","Other",2005,45,"Theft",1,1,1,0,0,0,0,0,0,0,1
"7364","Male","Asian",2006,45,"Theft",3,3,2,0,0,0,0,2,0,0,3
"7365","Female","Black",2006,45,"Theft",1,0,1,0,1,0,0,0,0,0,1
"7366","Male","Black",2006,45,"Theft",17,15,11,0,7,0,1,11,0,0,17
"7367","Female","Hispanic",2006,45,"Theft",1,1,0,0,0,0,0,1,0,0,1
"7368","Male","Hispanic",2006,45,"Theft",18,18,16,0,14,0,1,5,0,0,18
"7369","Male","Other",2006,45,"Theft",2,2,1,0,2,0,0,2,0,0,2
"7370","Unknown","Other",2006,45,"Theft",2,2,2,0,1,0,0,2,0,0,2
"7371","Female","White",2006,45,"Theft",1,1,1,0,1,0,0,0,0,0,1
"7372","Male","White",2006,45,"Theft",11,10,6,0,9,0,0,7,0,0,11
"7373","Female","Black",2007,45,"Theft",2,2,2,0,1,0,0,1,0,0,2
"7374","Male","Black",2007,45,"Theft",10,10,9,0,6,0,1,5,0,0,10
"7375","Female","Hispanic",2007,45,"Theft",2,1,1,0,1,0,0,2,0,0,2
"7376","Male","Hispanic",2007,45,"Theft",22,22,18,0,17,0,2,12,0,0,22
"7377","Unknown","Hispanic",2007,45,"Theft",1,1,1,0,1,0,0,1,0,0,1
"7378","Male","Other",2007,45,"Theft",3,3,3,0,2,0,0,0,0,0,3
"7379","Unknown","Other",2007,45,"Theft",3,3,2,0,1,0,0,1,0,0,3
"7380","Male","White",2007,45,"Theft",6,6,5,0,3,0,0,5,0,0,6
"7381","Female","Black",2008,45,"Theft",2,2,2,0,1,0,0,2,0,0,2
"7382","Male","Black",2008,45,"Theft",13,12,11,0,6,0,2,5,0,0,13
"7383","Unknown","Black",2008,45,"Theft",1,1,1,0,1,0,0,1,0,0,1
"7384","Female","Hispanic",2008,45,"Theft",1,1,0,0,1,0,0,0,0,0,1
"7385","Male","Hispanic",2008,45,"Theft",21,21,14,0,7,0,1,9,0,0,21
"7386","Unknown","Hispanic",2008,45,"Theft",1,1,1,0,1,0,0,1,0,0,1
"7387","Unknown","Other",2008,45,"Theft",1,1,1,0,1,0,0,1,0,0,1
"7388","Female","White",2008,45,"Theft",1,1,1,0,0,0,0,0,0,0,1
"7389","Male","White",2008,45,"Theft",14,14,13,0,8,0,1,10,0,0,14
"7390","Female","Asian",2009,45,"Theft",1,1,1,0,0,0,0,0,0,0,1
"7391","Male","Black",2009,45,"Theft",30,27,28,0,12,0,0,13,0,0,30
"7392","Female","Hispanic",2009,45,"Theft",6,5,4,0,4,0,0,4,0,0,6
"7393","Male","Hispanic",2009,45,"Theft",19,17,12,0,7,0,0,9,0,0,19
"7394","Male","Native",2009,45,"Theft",1,1,1,0,1,0,0,1,0,0,1
"7395","Male","Other",2009,45,"Theft",1,1,1,0,0,0,0,0,0,0,1
"7396","Female","White",2009,45,"Theft",1,1,0,0,0,0,0,0,0,0,1
"7397","Male","White",2009,45,"Theft",13,13,11,0,8,0,0,9,0,0,13
"7398","Female","Asian",2010,45,"Theft",1,0,0,0,1,0,0,1,0,0,1
"7399","Male","Black",2010,45,"Theft",6,6,3,0,1,0,0,1,0,0,6
"7400","Female","Hispanic",2010,45,"Theft",3,3,3,0,2,0,0,2,0,0,3
"7401","Male","Hispanic",2010,45,"Theft",15,14,13,0,9,0,4,10,0,0,15
"7402","Female","White",2010,45,"Theft",1,1,0,0,0,0,0,1,0,0,1
"7403","Male","White",2010,45,"Theft",3,3,2,0,2,0,0,2,0,0,3
"7404","Female","Black",2005,46,"Theft",1,1,1,0,1,0,1,1,0,0,1
"7405","Male","Black",2005,46,"Theft",1,1,0,0,1,0,0,0,0,0,1
"7406","Unknown","Asian",2006,46,"Theft",1,1,1,0,0,0,0,0,0,0,1
"7407","Female","Black",2006,46,"Theft",2,1,1,0,1,0,0,0,0,0,2
"7408","Male","Black",2006,46,"Theft",28,23,13,0,11,0,1,9,0,0,28
"7409","Unknown","Black",2006,46,"Theft",1,1,1,0,0,0,0,0,0,0,1
"7410","Female","Hispanic",2006,46,"Theft",2,2,1,0,1,0,0,1,0,0,2
"7411","Male","Hispanic",2006,46,"Theft",31,30,21,0,19,0,0,12,0,0,31
"7412","Male","Other",2006,46,"Theft",1,1,0,0,0,0,0,0,0,0,1
"7413","Unknown","Other",2006,46,"Theft",2,2,1,0,0,0,0,0,0,0,2
"7414","Male","White",2006,46,"Theft",1,1,0,0,1,0,0,0,0,0,1
"7415","Male","Black",2007,46,"Theft",24,24,16,0,12,0,0,14,0,0,24
"7416","Unknown","Black",2007,46,"Theft",1,1,1,0,0,0,0,0,0,0,1
"7417","Male","Hispanic",2007,46,"Theft",22,21,18,0,13,0,1,16,0,0,22
"7418","Male","Other",2007,46,"Theft",4,4,3,0,2,0,0,2,0,0,4
"7419","Unknown","Other",2007,46,"Theft",3,3,3,0,1,0,0,2,0,0,3
"7420","Male","White",2007,46,"Theft",1,1,1,0,0,0,1,1,0,0,1
"7421","Female","Black",2008,46,"Theft",4,1,4,0,1,0,0,1,0,0,4
"7422","Male","Black",2008,46,"Theft",38,30,15,1,20,0,0,18,0,0,38
"7423","Unknown","Black",2008,46,"Theft",1,0,1,0,0,0,0,0,0,0,1
"7424","Female","Hispanic",2008,46,"Theft",4,1,1,0,1,0,0,0,0,0,4
"7425","Male","Hispanic",2008,46,"Theft",41,31,31,0,12,0,0,20,0,0,41
"7426","Unknown","Hispanic",2008,46,"Theft",1,1,0,0,0,0,0,1,0,0,1
"7427","Male","Other",2008,46,"Theft",4,3,2,0,1,0,0,2,0,0,4
"7428","Unknown","Other",2008,46,"Theft",1,0,1,0,0,0,0,0,0,0,1
"7429","Male","White",2008,46,"Theft",4,4,4,0,0,0,0,0,0,0,4
"7430","Female","Black",2009,46,"Theft",7,1,4,0,3,0,0,1,0,0,7
"7431","Male","Black",2009,46,"Theft",45,24,33,0,15,0,2,16,0,0,45
"7432","Female","Hispanic",2009,46,"Theft",3,2,3,0,1,0,0,1,0,0,3
"7433","Male","Hispanic",2009,46,"Theft",42,18,39,0,11,0,1,7,0,0,42
"7434","Female","Other",2009,46,"Theft",4,1,3,0,1,0,0,0,0,0,4
"7435","Male","Other",2009,46,"Theft",5,2,5,0,2,0,0,1,0,0,5
"7436","Unknown","Other",2009,46,"Theft",1,0,1,0,0,0,0,0,0,0,1
"7437","Male","White",2009,46,"Theft",2,0,2,0,0,0,0,0,0,0,2
"7438","Female","Black",2010,46,"Theft",3,2,2,0,2,0,0,0,0,0,3
"7439","Male","Black",2010,46,"Theft",26,20,20,0,4,0,0,5,0,0,26
"7440","Male","Hispanic",2010,46,"Theft",21,16,16,0,7,0,0,5,0,0,21
"7441","Unknown","Hispanic",2010,46,"Theft",1,1,1,0,0,0,0,0,0,0,1
"7442","Male","Other",2010,46,"Theft",2,2,2,0,0,0,0,1,0,0,2
"7443","Male","White",2010,46,"Theft",2,2,2,0,1,0,0,0,0,0,2
"7444","Male","Hispanic",2005,47,"Theft",3,2,2,0,2,0,0,0,0,0,3
"7445","Male","White",2005,47,"Theft",1,0,0,0,1,0,0,0,0,0,1
"7446","Male","Asian",2006,47,"Theft",1,1,1,0,0,0,0,1,0,0,1
"7447","Female","Black",2006,47,"Theft",5,4,2,0,3,0,0,2,0,0,5
"7448","Male","Black",2006,47,"Theft",47,45,38,0,18,0,2,24,0,0,47
"7449","Unknown","Black",2006,47,"Theft",1,1,0,0,1,0,0,1,0,0,1
"7450","Female","Hispanic",2006,47,"Theft",1,1,1,0,1,0,0,0,0,0,1
"7451","Male","Hispanic",2006,47,"Theft",15,11,8,0,2,0,0,3,0,0,15
"7452","Male","Other",2006,47,"Theft",2,2,2,0,0,0,1,2,0,0,2
"7453","Unknown","Other",2006,47,"Theft",1,1,1,0,0,0,0,1,0,0,1
"7454","Male","White",2006,47,"Theft",1,1,0,0,1,0,0,1,0,0,1
"7455","Female","Black",2007,47,"Theft",3,3,2,0,2,0,0,1,0,0,3
"7456","Male","Black",2007,47,"Theft",55,51,42,0,27,0,4,32,0,0,55
"7457","Male","Hispanic",2007,47,"Theft",24,22,18,0,12,0,5,9,0,0,24
"7458","Male","Other",2007,47,"Theft",2,1,2,0,1,0,0,1,0,0,2
"7459","Female","White",2007,47,"Theft",1,1,1,0,0,0,0,1,0,0,1
"7460","Male","White",2007,47,"Theft",6,6,5,0,3,0,0,3,0,0,6
"7461","Female","Black",2008,47,"Theft",13,9,12,0,10,0,2,11,0,0,13
"7462","Male","Black",2008,47,"Theft",83,78,59,0,29,0,4,46,0,0,83
"7463","Female","Hispanic",2008,47,"Theft",4,4,4,0,0,0,0,3,0,0,4
"7464","Male","Hispanic",2008,47,"Theft",22,22,16,0,6,0,3,12,0,0,22
"7465","Female","Other",2008,47,"Theft",1,0,0,0,0,0,0,0,0,0,1
"7466","Male","Other",2008,47,"Theft",3,3,2,0,1,0,0,2,0,0,3
"7467","Unknown","Other",2008,47,"Theft",2,2,2,0,0,0,0,2,0,0,2
"7468","Male","White",2008,47,"Theft",2,2,0,0,1,0,0,0,0,0,2
"7469","Male","Asian",2009,47,"Theft",2,1,1,0,0,0,0,0,0,0,2
"7470","Female","Black",2009,47,"Theft",4,3,3,0,1,0,0,2,0,0,4
"7471","Male","Black",2009,47,"Theft",65,62,38,0,34,0,3,35,0,0,65
"7472","Female","Hispanic",2009,47,"Theft",3,2,0,0,2,0,0,1,0,0,3
"7473","Male","Hispanic",2009,47,"Theft",22,22,13,0,6,0,0,13,0,0,22
"7474","Unknown","Hispanic",2009,47,"Theft",1,1,0,0,1,0,0,0,0,0,1
"7475","Male","Other",2009,47,"Theft",1,0,1,0,1,0,0,0,0,0,1
"7476","Male","Asian",2010,47,"Theft",1,1,1,0,1,0,0,1,0,0,1
"7477","Female","Black",2010,47,"Theft",9,4,5,0,6,0,0,5,0,0,9
"7478","Male","Black",2010,47,"Theft",86,77,42,0,43,0,3,49,0,0,86
"7479","Male","Hispanic",2010,47,"Theft",12,8,8,0,5,0,1,6,0,0,12
"7480","Male","Hispanic",2005,48,"Theft",2,2,2,0,0,0,0,0,0,0,2
"7481","Female","Black",2006,48,"Theft",2,2,2,0,1,0,0,2,0,0,2
"7482","Male","Black",2006,48,"Theft",25,24,18,0,11,1,0,14,0,0,25
"7483","Female","Hispanic",2006,48,"Theft",1,1,1,0,0,0,0,0,0,0,1
"7484","Male","Hispanic",2006,48,"Theft",28,27,25,0,12,0,0,15,0,0,28
"7485","Male","White",2006,48,"Theft",2,2,2,0,2,0,0,2,0,0,2
"7486","Male","Asian",2007,48,"Theft",2,2,1,0,1,0,0,0,0,0,2
"7487","Female","Black",2007,48,"Theft",2,1,1,0,0,0,0,1,0,0,2
"7488","Male","Black",2007,48,"Theft",19,17,7,0,11,0,2,10,0,0,19
"7489","Male","Hispanic",2007,48,"Theft",22,21,11,0,5,0,4,12,0,0,22
"7490","Male","White",2007,48,"Theft",4,3,2,0,0,0,0,2,0,0,4
"7491","Female","Black",2008,48,"Theft",1,1,1,0,0,0,0,0,0,0,1
"7492","Male","Black",2008,48,"Theft",27,23,13,0,8,0,1,14,0,0,27
"7493","Female","Hispanic",2008,48,"Theft",1,1,1,0,0,0,0,0,0,0,1
"7494","Male","Hispanic",2008,48,"Theft",21,21,13,0,9,1,0,8,0,0,21
"7495","Male","White",2008,48,"Theft",1,1,0,0,0,0,0,1,0,0,1
"7496","Female","Asian",2009,48,"Theft",1,0,0,0,0,0,0,0,0,0,1
"7497","Female","Black",2009,48,"Theft",11,8,3,0,3,0,0,2,0,0,11
"7498","Male","Black",2009,48,"Theft",41,36,20,0,9,0,0,15,0,0,41
"7499","Female","Hispanic",2009,48,"Theft",13,8,2,0,1,0,0,2,0,0,13
"7500","Male","Hispanic",2009,48,"Theft",47,33,9,0,5,0,0,7,0,0,47
"7501","Female","Other",2009,48,"Theft",1,1,0,0,0,0,0,0,0,0,1
"7502","Unknown","Other",2009,48,"Theft",3,1,0,0,1,0,0,1,0,0,3
"7503","Male","White",2009,48,"Theft",3,3,1,0,0,0,0,1,0,0,3
"7504","Male","Asian",2010,48,"Theft",3,2,2,0,0,0,0,0,0,0,3
"7505","Female","Black",2010,48,"Theft",17,14,10,0,6,0,0,5,0,0,17
"7506","Male","Black",2010,48,"Theft",40,34,18,0,11,0,1,15,0,0,40
"7507","Unknown","Black",2010,48,"Theft",1,1,0,0,0,0,0,0,0,0,1
"7508","Female","Hispanic",2010,48,"Theft",20,13,4,0,5,0,0,1,0,0,20
"7509","Male","Hispanic",2010,48,"Theft",35,26,13,0,6,0,0,11,0,0,35
"7510","Unknown","Hispanic",2010,48,"Theft",5,5,0,0,0,0,0,2,0,0,5
"7511","Female","Other",2010,48,"Theft",4,3,1,0,2,0,0,1,0,0,4
"7512","Male","Other",2010,48,"Theft",11,9,4,0,1,0,0,5,0,0,11
"7513","Unknown","Other",2010,48,"Theft",12,10,4,0,4,0,0,7,0,0,12
"7514","Female","White",2010,48,"Theft",1,0,1,0,1,0,0,0,0,0,1
"7515","Male","White",2010,48,"Theft",3,2,1,0,2,0,0,2,0,0,3
"7516","Unknown","White",2010,48,"Theft",1,1,0,0,0,0,0,1,0,0,1
"7517","Male","Black",2005,49,"Theft",3,3,3,0,1,0,0,1,0,0,3
"7518","Male","Hispanic",2005,49,"Theft",1,1,1,0,1,0,0,1,0,0,1
"7519","Female","Black",2006,49,"Theft",3,3,1,0,1,0,0,2,0,0,3
"7520","Male","Black",2006,49,"Theft",28,25,21,0,9,0,1,16,0,0,28
"7521","Female","Hispanic",2006,49,"Theft",3,2,2,0,0,0,0,0,0,0,3
"7522","Male","Hispanic",2006,49,"Theft",20,20,16,1,8,0,2,9,0,0,20
"7523","Female","Other",2006,49,"Theft",1,0,0,0,0,0,0,1,0,0,1
"7524","Male","White",2006,49,"Theft",9,9,5,0,4,0,0,4,0,0,9
"7525","Female","Black",2007,49,"Theft",5,4,3,0,1,0,0,5,0,0,5
"7526","Male","Black",2007,49,"Theft",23,23,13,0,5,0,2,5,0,0,23
"7527","Female","Hispanic",2007,49,"Theft",3,2,1,0,2,0,0,1,0,0,3
"7528","Male","Hispanic",2007,49,"Theft",25,25,14,0,5,0,4,8,0,0,25
"7529","Unknown","Hispanic",2007,49,"Theft",1,1,0,0,1,0,0,0,0,0,1
"7530","Female","White",2007,49,"Theft",1,1,1,0,0,0,0,1,0,0,1
"7531","Male","White",2007,49,"Theft",4,4,3,0,3,0,0,3,0,0,4
"7532","Female","Black",2008,49,"Theft",2,2,1,0,1,0,0,1,0,0,2
"7533","Male","Black",2008,49,"Theft",37,31,22,0,10,0,1,19,0,0,37
"7534","Female","Hispanic",2008,49,"Theft",4,1,0,0,3,0,0,1,0,0,4
"7535","Male","Hispanic",2008,49,"Theft",27,23,9,0,3,0,0,10,0,0,27
"7536","Male","Native",2008,49,"Theft",1,0,1,0,1,0,0,0,0,0,1
"7537","Male","Other",2008,49,"Theft",2,2,0,0,0,0,0,2,0,0,2
"7538","Male","White",2008,49,"Theft",5,5,4,0,1,0,0,1,0,0,5
"7539","Male","Asian",2009,49,"Theft",1,1,1,0,0,0,0,0,0,0,1
"7540","Female","Black",2009,49,"Theft",9,7,4,0,3,0,0,3,0,0,9
"7541","Male","Black",2009,49,"Theft",42,40,32,0,21,1,0,20,0,0,42
"7542","Female","Hispanic",2009,49,"Theft",5,4,2,0,2,0,0,0,0,0,5
"7543","Male","Hispanic",2009,49,"Theft",31,30,23,0,14,0,0,17,0,0,31
"7544","Male","Native",2009,49,"Theft",3,3,0,0,1,0,0,1,0,0,3
"7545","Male","Other",2009,49,"Theft",4,2,2,0,1,0,0,3,0,0,4
"7546","Female","White",2009,49,"Theft",1,0,1,0,0,0,0,0,0,0,1
"7547","Male","White",2009,49,"Theft",8,6,6,0,1,0,0,3,0,0,8
"7548","Male","Asian",2010,49,"Theft",5,5,1,0,0,0,0,0,0,0,5
"7549","Female","Black",2010,49,"Theft",7,6,2,0,1,0,0,2,0,0,7
"7550","Male","Black",2010,49,"Theft",29,27,14,0,13,0,0,11,0,0,29
"7551","Female","Hispanic",2010,49,"Theft",2,2,2,0,0,0,0,1,0,0,2
"7552","Male","Hispanic",2010,49,"Theft",23,23,18,0,8,1,2,10,0,0,23
"7553","Male","Other",2010,49,"Theft",6,5,4,0,2,0,0,2,0,0,6
"7554","Male","White",2010,49,"Theft",11,10,6,0,4,0,0,2,0,0,11
"7555","Male","Black",2006,50,"Theft",1,1,0,0,0,0,0,0,0,0,1
"7556","Male","Hispanic",2006,50,"Theft",1,1,1,0,0,0,0,1,0,0,1
"7557","Male","Black",2007,50,"Theft",4,4,2,0,1,0,1,2,0,0,4
"7558","Male","Hispanic",2007,50,"Theft",21,20,16,0,13,0,1,11,0,0,21
"7559","Unknown","Hispanic",2007,50,"Theft",1,1,1,0,1,0,0,1,0,0,1
"7560","Male","Other",2007,50,"Theft",1,0,0,0,0,0,0,1,0,0,1
"7561","Female","White",2007,50,"Theft",1,0,0,0,0,0,0,0,0,0,1
"7562","Male","White",2007,50,"Theft",1,1,0,0,0,0,0,0,0,0,1
"7563","Male","Black",2008,50,"Theft",22,21,16,0,7,0,1,12,0,0,22
"7564","Female","Hispanic",2008,50,"Theft",3,2,3,0,1,0,1,2,0,0,3
"7565","Male","Hispanic",2008,50,"Theft",34,30,17,0,8,0,1,24,0,0,34
"7566","Female","White",2008,50,"Theft",2,0,0,0,0,0,0,0,0,0,2
"7567","Male","White",2008,50,"Theft",10,10,6,0,2,0,0,4,0,0,10
"7568","Male","Black",2009,50,"Theft",28,28,13,0,13,0,0,15,0,0,28
"7569","Unknown","Black",2009,50,"Theft",1,1,1,0,0,0,0,1,0,0,1
"7570","Male","Hispanic",2009,50,"Theft",36,35,20,0,16,0,4,22,0,0,36
"7571","Male","White",2009,50,"Theft",4,4,2,0,1,0,0,2,0,0,4
"7572","Male","Asian",2010,50,"Theft",2,2,2,0,1,0,1,1,0,0,2
"7573","Male","Black",2010,50,"Theft",15,15,8,0,5,0,0,7,0,0,15
"7574","Male","Hispanic",2010,50,"Theft",21,17,12,0,4,0,1,9,0,0,21
"7575","Male","Native",2010,50,"Theft",1,1,0,0,0,0,0,1,0,0,1
"7576","Male","White",2010,50,"Theft",6,4,5,0,2,0,0,1,0,0,6
"7577","Male","Black",2005,52,"Theft",1,1,0,0,1,1,0,1,0,0,1
"7578","Male","Black",2006,52,"Theft",10,10,9,0,6,0,0,5,0,0,10
"7579","Female","Hispanic",2006,52,"Theft",1,1,1,0,0,0,0,0,0,0,1
"7580","Male","Hispanic",2006,52,"Theft",28,20,16,0,8,0,0,8,0,0,28
"7581","Male","Other",2006,52,"Theft",1,1,0,0,0,0,0,0,0,0,1
"7582","Male","White",2006,52,"Theft",1,1,1,0,1,0,0,1,0,0,1
"7583","Male","Asian",2007,52,"Theft",2,2,2,0,2,0,0,2,0,0,2
"7584","Female","Black",2007,52,"Theft",6,6,4,0,1,0,0,0,0,0,6
"7585","Male","Black",2007,52,"Theft",30,30,19,0,9,0,0,15,0,0,30
"7586","Female","Hispanic",2007,52,"Theft",2,2,1,0,0,0,0,0,0,0,2
"7587","Male","Hispanic",2007,52,"Theft",35,34,21,0,9,0,0,17,0,0,35
"7588","Male","Other",2007,52,"Theft",1,1,1,0,0,0,0,1,0,0,1
"7589","Female","White",2007,52,"Theft",3,2,0,0,1,0,0,0,0,0,3
"7590","Male","White",2007,52,"Theft",3,3,3,0,1,0,0,1,0,0,3
"7591","Male","Asian",2008,52,"Theft",1,1,0,0,0,0,0,0,0,0,1
"7592","Female","Black",2008,52,"Theft",6,5,2,0,1,0,0,0,0,0,6
"7593","Male","Black",2008,52,"Theft",22,22,18,0,6,0,1,7,0,0,22
"7594","Female","Hispanic",2008,52,"Theft",9,9,4,0,2,0,0,2,0,0,9
"7595","Male","Hispanic",2008,52,"Theft",70,65,52,0,30,0,0,20,0,0,70
"7596","Female","Other",2008,52,"Theft",2,2,2,0,2,0,0,1,0,0,2
"7597","Male","Other",2008,52,"Theft",2,2,2,0,1,0,0,0,0,0,2
"7598","Unknown","Other",2008,52,"Theft",4,3,1,0,0,0,0,2,0,0,4
"7599","Male","White",2008,52,"Theft",5,5,3,0,1,0,0,1,0,0,5
"7600","Male","Asian",2009,52,"Theft",3,3,3,0,1,0,0,2,0,0,3
"7601","Female","Black",2009,52,"Theft",5,5,4,0,4,0,0,1,0,0,5
"7602","Male","Black",2009,52,"Theft",39,32,21,0,15,0,1,8,0,0,39
"7603","Female","Hispanic",2009,52,"Theft",5,4,3,0,3,0,0,0,0,0,5
"7604","Male","Hispanic",2009,52,"Theft",57,54,32,0,22,0,0,22,0,0,57
"7605","Unknown","Hispanic",2009,52,"Theft",1,0,0,0,0,0,0,0,0,0,1
"7606","Male","Other",2009,52,"Theft",1,0,0,0,1,0,0,1,0,0,1
"7607","Unknown","Other",2009,52,"Theft",2,2,2,0,0,0,0,2,0,0,2
"7608","Female","White",2009,52,"Theft",1,1,1,0,1,0,0,0,0,0,1
"7609","Male","White",2009,52,"Theft",2,2,2,0,1,0,0,0,0,0,2
"7610","Male","Asian",2010,52,"Theft",2,2,0,0,1,0,0,1,0,0,2
"7611","Female","Black",2010,52,"Theft",13,5,3,0,1,0,0,0,0,0,13
"7612","Male","Black",2010,52,"Theft",39,26,17,0,11,0,0,11,0,0,39
"7613","Female","Hispanic",2010,52,"Theft",13,4,2,0,1,0,0,2,0,0,13
"7614","Male","Hispanic",2010,52,"Theft",104,59,36,0,20,1,0,21,0,0,104
"7615","Male","Other",2010,52,"Theft",1,1,1,0,0,0,0,1,0,0,1
"7616","Female","White",2010,52,"Theft",1,0,0,0,0,0,0,0,0,0,1
"7617","Male","White",2010,52,"Theft",3,2,2,0,0,0,0,0,0,0,3
"7618","Female","Black",2005,60,"Theft",2,1,0,0,1,0,0,1,0,0,2
"7619","Male","Black",2005,60,"Theft",5,5,3,0,1,0,0,3,0,0,5
"7620","Female","Hispanic",2005,60,"Theft",1,1,1,0,0,0,0,1,0,0,1
"7621","Male","Hispanic",2005,60,"Theft",4,3,3,0,3,0,0,3,0,0,4
"7622","Male","Other",2005,60,"Theft",1,0,0,0,0,0,0,0,0,0,1
"7623","Female","White",2005,60,"Theft",1,1,1,0,0,0,0,1,0,0,1
"7624","Male","White",2005,60,"Theft",4,4,4,0,1,0,0,1,0,0,4
"7625","Male","Asian",2006,60,"Theft",1,1,1,0,0,0,0,1,0,0,1
"7626","Female","Black",2006,60,"Theft",6,6,4,0,0,0,0,0,0,0,6
"7627","Male","Black",2006,60,"Theft",23,22,11,0,12,0,0,10,0,0,23
"7628","Female","Hispanic",2006,60,"Theft",1,1,1,0,0,0,0,0,0,0,1
"7629","Male","Hispanic",2006,60,"Theft",22,20,17,0,3,0,1,6,0,0,22
"7630","Male","Other",2006,60,"Theft",3,3,3,0,0,0,0,0,0,0,3
"7631","Unknown","Other",2006,60,"Theft",1,1,1,0,0,0,0,0,0,0,1
"7632","Female","White",2006,60,"Theft",4,4,2,0,2,0,0,1,0,0,4
"7633","Male","White",2006,60,"Theft",32,31,22,0,7,0,0,6,0,0,32
"7634","Male","Asian",2007,60,"Theft",1,1,1,0,0,0,0,1,0,0,1
"7635","Female","Black",2007,60,"Theft",2,0,2,0,2,0,0,0,0,0,2
"7636","Male","Black",2007,60,"Theft",24,20,18,0,11,0,0,15,0,0,24
"7637","Female","Hispanic",2007,60,"Theft",2,2,2,0,1,0,0,2,0,0,2
"7638","Male","Hispanic",2007,60,"Theft",14,14,11,0,7,0,0,11,0,0,14
"7639","Male","Other",2007,60,"Theft",1,1,1,0,0,0,0,1,0,0,1
"7640","Unknown","Other",2007,60,"Theft",3,3,3,0,1,0,0,2,0,0,3
"7641","Female","White",2007,60,"Theft",1,0,1,0,1,0,0,0,0,0,1
"7642","Male","White",2007,60,"Theft",25,23,23,0,9,0,0,14,0,0,25
"7643","Female","Black",2008,60,"Theft",2,1,2,0,1,0,0,1,0,0,2
"7644","Male","Black",2008,60,"Theft",48,43,38,0,16,0,3,23,0,0,48
"7645","Female","Hispanic",2008,60,"Theft",2,1,1,0,1,0,0,0,0,0,2
"7646","Male","Hispanic",2008,60,"Theft",29,27,23,0,14,0,0,15,0,0,29
"7647","Male","Other",2008,60,"Theft",1,1,1,0,0,0,0,0,0,0,1
"7648","Unknown","Other",2008,60,"Theft",3,2,2,0,2,0,0,1,0,0,3
"7649","Female","White",2008,60,"Theft",5,4,4,0,4,0,0,0,0,0,5
"7650","Male","White",2008,60,"Theft",32,27,25,0,18,1,1,18,0,0,32
"7651","Male","Asian",2009,60,"Theft",3,2,3,0,1,0,0,0,0,0,3
"7652","Female","Black",2009,60,"Theft",11,11,6,0,3,0,0,3,0,0,11
"7653","Male","Black",2009,60,"Theft",45,42,34,0,18,0,2,23,0,0,45
"7654","Female","Hispanic",2009,60,"Theft",3,2,1,0,0,0,0,0,0,0,3
"7655","Male","Hispanic",2009,60,"Theft",13,13,11,0,2,0,0,5,0,0,13
"7656","Male","Native",2009,60,"Theft",1,1,0,0,0,0,0,1,0,0,1
"7657","Unknown","Other",2009,60,"Theft",1,1,0,0,0,0,0,0,0,0,1
"7658","Female","White",2009,60,"Theft",6,5,5,0,3,0,0,5,0,0,6
"7659","Male","White",2009,60,"Theft",20,14,17,0,11,0,0,7,0,0,20
"7660","Female","Black",2010,60,"Theft",9,9,8,0,8,0,0,8,0,0,9
"7661","Male","Black",2010,60,"Theft",38,35,32,0,16,0,0,18,0,0,38
"7662","Female","Hispanic",2010,60,"Theft",3,3,2,0,2,0,0,3,0,0,3
"7663","Male","Hispanic",2010,60,"Theft",36,34,29,1,18,0,4,22,0,0,36
"7664","Female","White",2010,60,"Theft",5,5,5,0,2,0,0,4,0,0,5
"7665","Male","White",2010,60,"Theft",41,35,33,0,24,0,1,21,0,0,41
"7666","Female","Black",2006,61,"Theft",7,7,6,0,5,0,0,0,0,0,7
"7667","Male","Black",2006,61,"Theft",45,37,30,0,11,0,2,15,0,0,45
"7668","Male","Hispanic",2006,61,"Theft",14,13,13,0,5,0,0,9,0,0,14
"7669","Male","Other",2006,61,"Theft",4,4,4,0,2,0,0,2,0,0,4
"7670","Unknown","Other",2006,61,"Theft",1,1,1,0,0,0,0,0,0,0,1
"7671","Female","White",2006,61,"Theft",2,1,1,0,1,0,0,0,0,0,2
"7672","Male","White",2006,61,"Theft",71,66,58,0,17,0,1,25,0,0,71
"7673","Female","Black",2007,61,"Theft",2,2,1,0,1,0,0,2,0,0,2
"7674","Male","Black",2007,61,"Theft",48,41,36,0,25,0,0,19,0,0,48
"7675","Male","Hispanic",2007,61,"Theft",16,15,15,0,6,0,0,2,0,0,16
"7676","Male","Other",2007,61,"Theft",3,3,1,0,0,0,0,1,0,0,3
"7677","Unknown","Other",2007,61,"Theft",2,2,2,0,2,0,0,2,0,0,2
"7678","Male","White",2007,61,"Theft",35,29,25,0,12,0,0,14,0,0,35
"7679","Male","Asian",2008,61,"Theft",3,3,3,0,3,0,0,2,0,0,3
"7680","Female","Black",2008,61,"Theft",5,5,2,0,0,0,0,2,0,0,5
"7681","Male","Black",2008,61,"Theft",19,14,10,0,7,0,1,3,0,0,19
"7682","Male","Hispanic",2008,61,"Theft",21,21,13,0,9,0,5,4,0,0,21
"7683","Male","Other",2008,61,"Theft",2,2,1,0,2,0,0,0,0,0,2
"7684","Unknown","Other",2008,61,"Theft",1,1,1,0,1,0,0,0,0,0,1
"7685","Female","White",2008,61,"Theft",2,2,2,0,2,0,0,0,0,0,2
"7686","Male","White",2008,61,"Theft",39,37,26,0,20,0,0,15,0,0,39
"7687","Unknown","White",2008,61,"Theft",1,1,0,0,0,0,0,0,0,0,1
"7688","Male","Asian",2009,61,"Theft",1,1,1,0,1,0,0,0,0,0,1
"7689","Female","Black",2009,61,"Theft",6,5,1,0,0,0,0,0,0,0,6
"7690","Male","Black",2009,61,"Theft",34,30,22,0,7,0,0,12,0,0,34
"7691","Female","Hispanic",2009,61,"Theft",1,1,1,0,1,0,0,0,0,0,1
"7692","Male","Hispanic",2009,61,"Theft",17,15,11,0,4,0,0,7,0,0,17
"7693","Male","Other",2009,61,"Theft",5,3,3,0,2,0,0,1,0,0,5
"7694","Female","White",2009,61,"Theft",1,1,0,0,0,0,0,0,0,0,1
"7695","Male","White",2009,61,"Theft",30,28,22,0,11,0,0,11,0,0,30
"7696","Male","Black",2010,61,"Theft",15,14,14,0,2,1,0,3,0,0,15
"7697","Male","Hispanic",2010,61,"Theft",16,15,12,0,7,0,1,3,0,0,16
"7698","Male","Other",2010,61,"Theft",1,1,1,0,0,0,0,0,0,0,1
"7699","Male","White",2010,61,"Theft",26,19,16,0,3,0,0,3,0,0,26
"7700","Male","Asian",2005,62,"Theft",2,2,1,0,0,0,0,0,0,0,2
"7701","Male","Hispanic",2005,62,"Theft",6,3,2,0,0,0,0,1,0,0,6
"7702","Male","Other",2005,62,"Theft",1,0,0,0,0,0,0,0,0,0,1
"7703","Female","White",2005,62,"Theft",1,0,0,0,0,0,0,1,0,0,1
"7704","Male","White",2005,62,"Theft",15,12,12,0,2,0,0,3,0,0,15
"7705","Unknown","White",2005,62,"Theft",1,0,0,0,0,0,0,0,0,0,1
"7706","Female","Black",2006,62,"Theft",1,1,1,0,0,0,0,0,0,0,1
"7707","Male","Black",2006,62,"Theft",4,2,4,0,3,0,0,1,0,0,4
"7708","Male","Hispanic",2006,62,"Theft",24,13,13,0,2,0,0,1,0,0,24
"7709","Female","Other",2006,62,"Theft",1,0,0,0,0,0,0,0,0,0,1
"7710","Female","White",2006,62,"Theft",2,2,1,0,1,0,0,1,0,0,2
"7711","Male","White",2006,62,"Theft",52,40,37,0,10,0,1,7,0,0,52
"7712","Male","Asian",2007,62,"Theft",1,1,0,0,1,0,0,0,0,0,1
"7713","Female","Black",2007,62,"Theft",1,1,1,0,1,0,0,1,0,0,1
"7714","Male","Black",2007,62,"Theft",8,7,4,0,2,0,2,2,0,0,8
"7715","Male","Hispanic",2007,62,"Theft",18,18,16,0,3,0,1,4,0,0,18
"7716","Male","Other",2007,62,"Theft",1,1,1,0,1,0,0,1,0,0,1
"7717","Female","White",2007,62,"Theft",1,1,0,0,0,0,0,0,0,0,1
"7718","Male","White",2007,62,"Theft",114,111,94,0,2,0,0,2,0,0,114
"7719","Male","Asian",2008,62,"Theft",3,1,2,0,1,0,0,1,0,0,3
"7720","Female","Black",2008,62,"Theft",6,6,1,0,2,0,0,0,0,0,6
"7721","Male","Black",2008,62,"Theft",12,9,6,0,0,0,0,1,0,0,12
"7722","Female","Hispanic",2008,62,"Theft",3,3,2,0,0,0,0,1,0,0,3
"7723","Male","Hispanic",2008,62,"Theft",36,35,27,0,8,0,1,8,0,0,36
"7724","Male","Other",2008,62,"Theft",2,2,2,0,0,0,0,0,0,0,2
"7725","Female","White",2008,62,"Theft",4,3,4,0,1,0,0,1,0,0,4
"7726","Male","White",2008,62,"Theft",69,66,48,0,5,0,1,7,0,0,69
"7727","Male","Asian",2009,62,"Theft",1,1,1,0,0,0,0,0,0,0,1
"7728","Female","Black",2009,62,"Theft",1,1,1,0,1,0,0,1,0,0,1
"7729","Male","Black",2009,62,"Theft",20,19,16,0,8,0,0,7,0,0,20
"7730","Male","Hispanic",2009,62,"Theft",24,23,17,0,4,0,0,6,0,0,24
"7731","Unknown","Hispanic",2009,62,"Theft",1,1,0,0,0,0,0,0,0,0,1
"7732","Male","Native",2009,62,"Theft",1,1,1,0,0,0,0,1,0,0,1
"7733","Male","Other",2009,62,"Theft",3,3,3,0,2,0,0,1,0,0,3
"7734","Male","White",2009,62,"Theft",45,39,20,0,8,0,0,8,0,0,45
"7735","Male","Black",2010,62,"Theft",1,1,1,0,0,0,0,0,0,0,1
"7736","Female","Hispanic",2010,62,"Theft",2,2,2,0,1,0,0,1,0,0,2
"7737","Male","Hispanic",2010,62,"Theft",16,14,14,0,8,0,0,6,0,0,16
"7738","Female","White",2010,62,"Theft",3,3,2,0,2,0,0,2,0,0,3
"7739","Male","White",2010,62,"Theft",28,25,24,0,12,0,1,11,0,0,28
"7740","Female","Black",2005,63,"Theft",1,1,1,0,0,0,0,1,0,0,1
"7741","Male","Black",2005,63,"Theft",6,5,5,0,0,0,0,1,0,0,6
"7742","Unknown","Other",2005,63,"Theft",2,0,0,0,0,0,0,0,0,0,2
"7743","Male","White",2005,63,"Theft",1,0,0,0,0,0,0,0,0,0,1
"7744","Female","Black",2006,63,"Theft",2,2,0,0,1,0,0,2,0,0,2
"7745","Male","Black",2006,63,"Theft",16,15,11,0,3,0,0,8,0,0,16
"7746","Female","Hispanic",2006,63,"Theft",1,0,0,0,0,0,0,0,0,0,1
"7747","Male","Hispanic",2006,63,"Theft",1,1,1,0,0,0,0,0,0,0,1
"7748","Male","White",2006,63,"Theft",4,3,4,0,0,0,0,0,0,0,4
"7749","Male","Black",2007,63,"Theft",16,14,12,1,12,1,3,10,0,0,16
"7750","Unknown","Native",2007,63,"Theft",1,1,1,0,1,0,0,1,0,0,1
"7751","Male","Other",2007,63,"Theft",1,1,0,0,0,0,0,1,0,0,1
"7752","Male","White",2007,63,"Theft",2,2,2,0,1,0,0,2,0,0,2
"7753","Female","Black",2008,63,"Theft",1,1,1,0,0,0,0,0,0,0,1
"7754","Male","Black",2008,63,"Theft",27,25,25,0,12,0,0,11,0,0,27
"7755","Male","Hispanic",2008,63,"Theft",4,4,4,0,2,0,0,3,0,0,4
"7756","Unknown","Other",2008,63,"Theft",1,1,1,0,0,0,0,0,0,0,1
"7757","Unknown","White",2008,63,"Theft",1,1,1,0,0,0,0,0,0,0,1
"7758","Female","Black",2009,63,"Theft",2,1,1,0,0,0,0,2,0,0,2
"7759","Male","Black",2009,63,"Theft",34,34,21,0,13,0,0,21,0,0,34
"7760","Unknown","Black",2009,63,"Theft",1,1,1,0,0,0,0,1,0,0,1
"7761","Male","Hispanic",2009,63,"Theft",3,2,2,0,1,0,0,1,0,0,3
"7762","Unknown","Other",2009,63,"Theft",1,1,1,0,1,0,0,0,0,0,1
"7763","Male","Black",2010,63,"Theft",18,17,11,0,7,1,0,13,0,0,18
"7764","Male","Hispanic",2010,63,"Theft",2,2,1,0,0,0,0,1,0,0,2
"7765","Male","White",2010,63,"Theft",4,3,3,0,0,0,0,3,0,0,4
"7766","Male","Asian",2005,66,"Theft",1,0,0,0,0,0,0,0,0,0,1
"7767","Female","Black",2005,66,"Theft",2,2,1,0,2,0,0,0,0,0,2
"7768","Male","Black",2005,66,"Theft",5,5,2,0,0,0,0,1,0,0,5
"7769","Male","Hispanic",2005,66,"Theft",9,9,7,0,5,0,0,5,0,0,9
"7770","Male","Native",2005,66,"Theft",3,3,2,0,3,0,0,3,0,0,3
"7771","Male","Other",2005,66,"Theft",1,1,0,0,0,0,0,0,0,0,1
"7772","Male","White",2005,66,"Theft",2,2,2,0,0,0,0,2,0,0,2
"7773","Female","Asian",2006,66,"Theft",2,2,2,0,0,0,0,0,0,0,2
"7774","Male","Asian",2006,66,"Theft",2,2,1,0,1,0,0,0,0,0,2
"7775","Male","Black",2006,66,"Theft",7,6,5,0,1,0,1,3,0,0,7
"7776","Male","Hispanic",2006,66,"Theft",24,19,12,0,6,0,1,10,0,0,24
"7777","Female","White",2006,66,"Theft",1,0,0,0,0,0,0,0,0,0,1
"7778","Male","White",2006,66,"Theft",5,3,0,0,1,0,0,1,0,0,5
"7779","Female","Asian",2007,66,"Theft",3,2,1,0,0,0,0,2,0,0,3
"7780","Male","Asian",2007,66,"Theft",7,7,2,0,4,0,0,5,0,0,7
"7781","Female","Black",2007,66,"Theft",8,8,7,0,1,0,0,2,0,0,8
"7782","Male","Black",2007,66,"Theft",32,30,16,0,15,0,0,26,0,0,32
"7783","Female","Hispanic",2007,66,"Theft",4,4,2,0,3,0,0,2,0,0,4
"7784","Male","Hispanic",2007,66,"Theft",65,65,37,0,33,0,0,43,0,0,65
"7785","Male","Other",2007,66,"Theft",2,2,2,0,0,0,0,1,0,0,2
"7786","Female","White",2007,66,"Theft",3,2,2,0,1,0,0,1,0,0,3
"7787","Male","White",2007,66,"Theft",34,32,25,0,15,0,0,21,0,0,34
"7788","Female","Asian",2008,66,"Theft",4,4,4,0,1,0,0,1,0,0,4
"7789","Male","Asian",2008,66,"Theft",13,11,11,0,3,0,1,5,0,0,13
"7790","Female","Black",2008,66,"Theft",14,14,12,0,7,0,0,10,0,0,14
"7791","Male","Black",2008,66,"Theft",41,38,27,0,10,0,4,19,0,0,41
"7792","Female","Hispanic",2008,66,"Theft",9,6,2,0,2,0,0,7,0,0,9
"7793","Male","Hispanic",2008,66,"Theft",96,88,59,0,30,0,4,43,0,0,96
"7794","Male","Native",2008,66,"Theft",2,2,1,0,0,0,0,1,0,0,2
"7795","Female","Other",2008,66,"Theft",3,3,3,0,0,0,0,2,0,0,3
"7796","Male","Other",2008,66,"Theft",8,8,5,0,3,0,2,4,0,0,8
"7797","Unknown","Other",2008,66,"Theft",5,5,4,0,1,0,0,3,0,0,5
"7798","Female","White",2008,66,"Theft",12,10,7,0,3,0,0,5,0,0,12
"7799","Male","White",2008,66,"Theft",47,39,36,0,19,1,0,20,0,0,47
"7800","Unknown","White",2008,66,"Theft",1,1,0,0,1,0,0,1,0,0,1
"7801","Female","Asian",2009,66,"Theft",1,1,1,0,0,0,0,0,0,0,1
"7802","Male","Asian",2009,66,"Theft",10,7,8,0,4,0,1,3,0,0,10
"7803","Female","Black",2009,66,"Theft",2,1,1,0,1,0,0,1,0,0,2
"7804","Male","Black",2009,66,"Theft",30,26,24,0,0,0,0,1,0,0,30
"7805","Female","Hispanic",2009,66,"Theft",15,11,8,0,4,0,0,2,0,0,15
"7806","Male","Hispanic",2009,66,"Theft",107,93,65,1,28,1,5,44,0,0,107
"7807","Unknown","Hispanic",2009,66,"Theft",1,1,1,0,1,0,0,1,0,0,1
"7808","Male","Native",2009,66,"Theft",1,1,1,0,0,0,0,0,0,0,1
"7809","Female","Other",2009,66,"Theft",2,2,2,0,0,0,0,0,0,0,2
"7810","Male","Other",2009,66,"Theft",5,4,5,0,2,0,0,2,0,0,5
"7811","Unknown","Other",2009,66,"Theft",1,1,0,0,0,0,0,0,0,0,1
"7812","Female","White",2009,66,"Theft",9,4,5,0,1,0,0,1,0,0,9
"7813","Male","White",2009,66,"Theft",66,57,50,0,30,2,0,34,0,0,66
"7814","Female","Asian",2010,66,"Theft",2,2,1,0,0,0,0,0,0,0,2
"7815","Male","Asian",2010,66,"Theft",10,10,1,0,2,0,0,4,0,0,10
"7816","Female","Black",2010,66,"Theft",2,1,2,0,0,0,0,0,0,0,2
"7817","Male","Black",2010,66,"Theft",11,10,10,0,4,0,0,3,0,0,11
"7818","Female","Hispanic",2010,66,"Theft",3,3,1,0,1,0,0,0,0,0,3
"7819","Male","Hispanic",2010,66,"Theft",50,48,37,0,13,1,0,16,0,0,50
"7820","Unknown","Other",2010,66,"Theft",4,4,4,0,0,0,0,2,0,0,4
"7821","Female","White",2010,66,"Theft",4,2,3,0,0,0,0,0,0,0,4
"7822","Male","White",2010,66,"Theft",21,18,16,0,6,0,1,5,0,0,21
"7823","Female","Black",2006,67,"Theft",1,0,0,0,1,0,0,0,0,0,1
"7824","Male","Black",2006,67,"Theft",31,28,16,0,8,0,3,10,0,0,31
"7825","Male","White",2006,67,"Theft",3,2,3,0,0,0,0,1,0,0,3
"7826","Female","Black",2007,67,"Theft",8,6,3,0,2,0,0,3,0,0,8
"7827","Male","Black",2007,67,"Theft",102,75,46,0,18,0,6,28,0,0,102
"7828","Female","Hispanic",2007,67,"Theft",1,1,1,0,1,0,0,1,0,0,1
"7829","Male","White",2007,67,"Theft",1,0,1,0,0,0,0,0,0,0,1
"7830","Male","Asian",2008,67,"Theft",3,3,2,0,1,0,0,1,0,0,3
"7831","Female","Black",2008,67,"Theft",4,4,1,0,1,0,0,1,0,0,4
"7832","Male","Black",2008,67,"Theft",79,70,46,0,24,0,3,30,0,0,79
"7833","Male","Other",2008,67,"Theft",1,1,0,0,0,0,0,0,0,0,1
"7834","Female","White",2008,67,"Theft",1,1,1,0,1,0,0,0,0,0,1
"7835","Male","White",2008,67,"Theft",1,1,1,0,0,0,1,0,0,0,1
"7836","Female","Asian",2009,67,"Theft",1,1,0,0,1,0,0,0,0,0,1
"7837","Male","Asian",2009,67,"Theft",1,1,1,0,0,0,0,0,0,0,1
"7838","Female","Black",2009,67,"Theft",13,7,6,0,2,0,0,5,0,0,13
"7839","Male","Black",2009,67,"Theft",154,148,103,0,56,1,13,61,0,0,154
"7840","Female","Hispanic",2009,67,"Theft",2,2,1,0,0,0,0,0,0,0,2
"7841","Male","Hispanic",2009,67,"Theft",1,1,1,0,1,0,0,1,0,0,1
"7842","Male","Other",2009,67,"Theft",1,1,1,0,0,0,0,0,0,0,1
"7843","Unknown","Other",2009,67,"Theft",1,1,1,0,1,0,0,1,0,0,1
"7844","Male","White",2009,67,"Theft",1,0,0,0,1,0,0,0,0,0,1
"7845","Female","Asian",2010,67,"Theft",1,1,1,0,0,0,0,0,0,0,1
"7846","Female","Black",2010,67,"Theft",5,5,2,0,3,0,0,4,0,0,5
"7847","Male","Black",2010,67,"Theft",87,76,58,0,28,1,3,27,0,0,87
"7848","Male","Hispanic",2010,67,"Theft",1,1,1,0,0,0,0,0,0,0,1
"7849","Male","Native",2010,67,"Theft",1,1,0,0,0,0,0,0,0,0,1
"7850","Male","White",2010,67,"Theft",1,1,0,0,1,0,0,1,0,0,1
"7851","Female","Asian",2005,68,"Theft",5,5,5,0,5,0,0,4,0,0,5
"7852","Male","Asian",2005,68,"Theft",5,5,3,0,4,0,0,3,0,0,5
"7853","Female","Black",2005,68,"Theft",1,1,1,0,1,0,0,0,0,0,1
"7854","Male","Black",2005,68,"Theft",10,10,10,0,4,0,0,3,0,0,10
"7855","Female","Hispanic",2005,68,"Theft",2,2,2,0,2,0,0,1,0,0,2
"7856","Male","Hispanic",2005,68,"Theft",21,17,16,0,12,0,0,9,0,0,21
"7857","Unknown","Hispanic",2005,68,"Theft",1,1,1,0,1,0,0,1,0,0,1
"7858","Unknown","Other",2005,68,"Theft",5,3,2,0,1,0,1,1,0,0,5
"7859","Female","White",2005,68,"Theft",8,7,7,0,5,0,0,3,0,0,8
"7860","Male","White",2005,68,"Theft",19,17,12,0,7,0,0,8,0,0,19
"7861","Female","Asian",2006,68,"Theft",1,1,1,0,0,0,0,0,0,0,1
"7862","Male","Asian",2006,68,"Theft",1,1,1,0,1,0,0,0,0,0,1
"7863","Female","Black",2006,68,"Theft",5,5,5,0,3,0,0,1,0,0,5
"7864","Male","Black",2006,68,"Theft",11,10,10,0,8,0,0,5,0,0,11
"7865","Female","Hispanic",2006,68,"Theft",3,3,3,0,0,0,0,0,0,0,3
"7866","Male","Hispanic",2006,68,"Theft",19,18,19,0,8,0,2,5,0,0,19
"7867","Male","Other",2006,68,"Theft",1,1,1,0,1,0,0,0,0,0,1
"7868","Female","White",2006,68,"Theft",11,10,11,0,6,0,0,2,0,0,11
"7869","Male","White",2006,68,"Theft",38,34,36,0,19,0,0,7,0,0,38
"7870","Female","Asian",2007,68,"Theft",3,2,2,0,1,0,0,1,0,0,3
"7871","Male","Asian",2007,68,"Theft",3,2,2,0,2,0,0,1,0,0,3
"7872","Female","Black",2007,68,"Theft",2,2,2,0,2,0,0,0,0,0,2
"7873","Male","Black",2007,68,"Theft",6,6,4,0,5,0,0,4,0,0,6
"7874","Female","Hispanic",2007,68,"Theft",3,3,3,0,2,0,0,0,0,0,3
"7875","Male","Hispanic",2007,68,"Theft",26,26,23,0,13,0,1,11,0,0,26
"7876","Unknown","Other",2007,68,"Theft",1,1,0,0,0,0,0,1,0,0,1
"7877","Female","White",2007,68,"Theft",8,8,8,0,6,0,1,2,0,0,8
"7878","Male","White",2007,68,"Theft",44,44,40,0,29,0,4,12,0,0,44
"7879","Male","Asian",2008,68,"Theft",4,4,4,0,2,0,0,4,0,0,4
"7880","Female","Black",2008,68,"Theft",2,1,2,0,0,0,0,0,0,0,2
"7881","Male","Black",2008,68,"Theft",22,22,21,0,14,0,0,9,0,0,22
"7882","Female","Hispanic",2008,68,"Theft",1,1,1,0,0,0,0,0,0,0,1
"7883","Male","Hispanic",2008,68,"Theft",52,49,44,0,24,0,1,13,0,0,52
"7884","Male","Other",2008,68,"Theft",2,2,2,0,1,0,0,0,0,0,2
"7885","Female","White",2008,68,"Theft",3,3,3,0,3,0,0,2,0,0,3
"7886","Male","White",2008,68,"Theft",74,66,60,0,21,0,2,22,0,0,74
"7887","Female","Asian",2009,68,"Theft",1,1,1,0,0,0,0,0,0,0,1
"7888","Male","Asian",2009,68,"Theft",4,4,1,0,1,0,0,3,0,0,4
"7889","Female","Black",2009,68,"Theft",4,4,4,0,2,0,0,1,0,0,4
"7890","Male","Black",2009,68,"Theft",14,11,13,0,4,0,1,3,0,0,14
"7891","Female","Hispanic",2009,68,"Theft",3,3,2,0,0,0,0,0,0,0,3
"7892","Male","Hispanic",2009,68,"Theft",51,46,41,0,14,0,0,14,0,0,51
"7893","Male","Other",2009,68,"Theft",3,2,2,0,0,0,0,0,0,0,3
"7894","Female","White",2009,68,"Theft",8,7,6,0,1,0,0,0,0,0,8
"7895","Male","White",2009,68,"Theft",78,71,57,0,11,0,0,12,0,0,78
"7896","Male","Asian",2010,68,"Theft",1,0,0,0,0,0,0,0,0,0,1
"7897","Male","Black",2010,68,"Theft",9,8,9,0,4,0,0,3,0,0,9
"7898","Female","Hispanic",2010,68,"Theft",2,2,2,0,0,0,0,0,0,0,2
"7899","Male","Hispanic",2010,68,"Theft",30,27,26,0,6,0,2,7,0,0,30
"7900","Male","Other",2010,68,"Theft",1,1,0,0,1,0,0,1,0,0,1
"7901","Female","White",2010,68,"Theft",4,3,3,0,1,0,0,1,0,0,4
"7902","Male","White",2010,68,"Theft",46,42,40,0,8,0,0,8,0,0,46
"7903","Female","Black",2006,69,"Theft",4,4,2,0,3,0,0,3,0,0,4
"7904","Male","Black",2006,69,"Theft",38,30,21,0,18,0,3,16,0,0,38
"7905","Female","Hispanic",2006,69,"Theft",2,2,1,0,1,0,0,2,0,0,2
"7906","Male","Hispanic",2006,69,"Theft",5,5,4,0,3,0,1,4,0,0,5
"7907","Male","Other",2006,69,"Theft",1,1,1,0,0,0,0,1,0,0,1
"7908","Male","White",2006,69,"Theft",2,2,1,0,2,1,0,1,0,0,2
"7909","Female","Black",2007,69,"Theft",6,6,1,0,3,0,0,4,0,0,6
"7910","Male","Black",2007,69,"Theft",38,37,22,0,18,0,2,21,0,0,38
"7911","Male","Hispanic",2007,69,"Theft",3,3,2,0,2,0,0,3,0,0,3
"7912","Male","White",2007,69,"Theft",1,1,1,0,0,0,0,0,0,0,1
"7913","Male","Asian",2008,69,"Theft",1,1,0,0,0,0,0,1,0,0,1
"7914","Female","Black",2008,69,"Theft",5,5,2,0,3,0,1,4,0,0,5
"7915","Male","Black",2008,69,"Theft",94,90,46,0,35,0,3,78,0,0,94
"7916","Male","Hispanic",2008,69,"Theft",2,2,1,0,1,0,0,1,0,0,2
"7917","Male","Other",2008,69,"Theft",3,3,2,0,1,0,0,1,0,0,3
"7918","Female","Black",2009,69,"Theft",8,7,3,0,2,0,1,7,0,0,8
"7919","Male","Black",2009,69,"Theft",81,79,30,0,42,0,5,67,0,0,81
"7920","Female","Hispanic",2009,69,"Theft",1,1,1,0,1,0,0,1,0,0,1
"7921","Male","Hispanic",2009,69,"Theft",5,4,4,0,4,0,0,5,0,0,5
"7922","Male","White",2009,69,"Theft",1,0,1,0,1,0,0,0,0,0,1
"7923","Female","Black",2010,69,"Theft",3,3,2,0,2,0,0,2,0,0,3
"7924","Male","Black",2010,69,"Theft",60,57,28,0,25,0,4,52,0,0,60
"7925","Male","Hispanic",2010,69,"Theft",3,2,1,0,0,0,0,2,0,0,3
"7926","Male","Asian",2006,70,"Theft",2,2,2,0,2,0,0,2,0,0,2
"7927","Female","Black",2006,70,"Theft",2,2,2,0,1,0,0,1,0,0,2
"7928","Male","Black",2006,70,"Theft",48,46,31,0,23,0,2,32,0,0,48
"7929","Female","Hispanic",2006,70,"Theft",1,1,1,0,1,0,0,0,0,0,1
"7930","Male","Hispanic",2006,70,"Theft",6,5,4,0,1,0,1,4,0,0,6
"7931","Male","White",2006,70,"Theft",4,4,4,0,3,0,0,3,0,0,4
"7932","Male","Asian",2007,70,"Theft",2,1,2,0,0,0,0,1,0,0,2
"7933","Female","Black",2007,70,"Theft",6,6,3,0,1,0,0,4,0,0,6
"7934","Male","Black",2007,70,"Theft",58,58,42,0,20,1,2,36,0,0,58
"7935","Unknown","Black",2007,70,"Theft",1,1,0,0,0,0,0,1,0,0,1
"7936","Male","Hispanic",2007,70,"Theft",19,19,14,0,13,0,0,14,0,0,19
"7937","Male","White",2007,70,"Theft",6,6,5,0,3,0,0,1,0,0,6
"7938","Male","Asian",2008,70,"Theft",1,1,0,0,1,0,0,1,0,0,1
"7939","Female","Black",2008,70,"Theft",6,6,1,0,5,0,1,1,0,0,6
"7940","Male","Black",2008,70,"Theft",84,83,42,0,38,0,6,59,0,0,84
"7941","Female","Hispanic",2008,70,"Theft",2,2,0,0,1,0,0,0,0,0,2
"7942","Male","Hispanic",2008,70,"Theft",20,20,15,0,9,0,0,12,0,0,20
"7943","Male","Other",2008,70,"Theft",2,2,1,0,0,0,0,2,0,0,2
"7944","Male","White",2008,70,"Theft",3,3,0,0,0,0,0,0,0,0,3
"7945","Male","Asian",2009,70,"Theft",1,1,1,0,0,0,0,0,0,0,1
"7946","Female","Black",2009,70,"Theft",10,8,8,0,3,0,0,3,0,0,10
"7947","Male","Black",2009,70,"Theft",79,78,55,0,35,0,7,47,0,0,79
"7948","Female","Hispanic",2009,70,"Theft",1,1,1,0,1,0,0,0,0,0,1
"7949","Male","Hispanic",2009,70,"Theft",13,13,4,0,1,0,0,9,0,0,13
"7950","Male","Native",2009,70,"Theft",1,1,1,0,1,0,0,1,0,0,1
"7951","Male","Other",2009,70,"Theft",1,1,0,0,0,0,0,1,0,0,1
"7952","Male","White",2009,70,"Theft",1,1,1,0,0,0,0,1,0,0,1
"7953","Male","Asian",2010,70,"Theft",3,3,2,0,1,0,0,1,0,0,3
"7954","Female","Black",2010,70,"Theft",8,8,7,0,2,0,0,1,0,0,8
"7955","Male","Black",2010,70,"Theft",31,29,22,0,11,0,1,14,0,0,31
"7956","Male","Hispanic",2010,70,"Theft",3,2,2,0,0,0,0,1,0,0,3
"7957","Male","Other",2010,70,"Theft",1,1,0,0,0,0,0,1,0,0,1
"7958","Male","White",2010,70,"Theft",2,1,2,0,0,0,0,0,0,0,2
"7959","Female","Black",2006,71,"Theft",1,1,1,0,0,0,0,0,0,0,1
"7960","Male","Black",2006,71,"Theft",8,7,5,0,7,0,0,5,0,0,8
"7961","Female","Black",2007,71,"Theft",2,2,2,0,0,0,0,1,0,0,2
"7962","Male","Black",2007,71,"Theft",42,34,18,0,14,0,2,22,0,0,42
"7963","Female","Hispanic",2007,71,"Theft",1,1,0,0,0,0,0,0,0,0,1
"7964","Male","Hispanic",2007,71,"Theft",3,3,1,0,0,0,0,0,0,0,3
"7965","Male","Other",2007,71,"Theft",1,1,1,0,0,0,0,0,0,0,1
"7966","Unknown","Other",2007,71,"Theft",1,1,0,0,0,0,0,0,0,0,1
"7967","Male","White",2007,71,"Theft",3,2,3,0,3,0,0,3,0,0,3
"7968","Female","Black",2008,71,"Theft",3,2,0,0,0,0,0,1,0,0,3
"7969","Male","Black",2008,71,"Theft",69,53,38,0,13,0,4,13,0,0,69
"7970","Male","Hispanic",2008,71,"Theft",1,0,0,0,0,0,0,0,0,0,1
"7971","Male","Other",2008,71,"Theft",1,1,1,0,0,0,0,0,0,0,1
"7972","Male","White",2008,71,"Theft",1,1,1,0,1,0,0,1,0,0,1
"7973","Female","Black",2009,71,"Theft",3,3,1,0,0,0,0,3,0,0,3
"7974","Male","Black",2009,71,"Theft",78,74,36,0,27,0,2,31,0,0,78
"7975","Male","Hispanic",2009,71,"Theft",5,5,2,0,2,0,0,1,0,0,5
"7976","Male","White",2009,71,"Theft",1,1,0,0,0,0,0,0,0,0,1
"7977","Male","Black",2010,71,"Theft",38,35,17,0,6,0,1,11,0,0,38
"7978","Female","Hispanic",2010,71,"Theft",1,1,0,0,0,0,0,0,0,0,1
"7979","Male","Hispanic",2010,71,"Theft",1,1,1,0,0,0,0,0,0,0,1
"7980","Male","Other",2010,71,"Theft",1,1,1,0,1,0,0,1,0,0,1
"7981","Male","White",2010,71,"Theft",1,1,0,0,1,0,0,1,0,0,1
"7982","Female","Black",2006,72,"Theft",1,1,1,0,0,0,0,0,0,0,1
"7983","Male","Black",2006,72,"Theft",11,8,6,0,10,0,2,7,0,0,11
"7984","Female","Hispanic",2006,72,"Theft",1,0,0,0,1,0,0,0,0,0,1
"7985","Male","Hispanic",2006,72,"Theft",27,18,15,0,4,0,0,9,0,0,27
"7986","Unknown","Hispanic",2006,72,"Theft",1,1,1,0,1,0,0,0,0,0,1
"7987","Male","Other",2006,72,"Theft",1,1,1,0,0,0,0,1,0,0,1
"7988","Unknown","Other",2006,72,"Theft",1,1,1,0,0,0,0,0,0,0,1
"7989","Female","Black",2007,72,"Theft",3,3,2,0,2,0,1,2,0,0,3
"7990","Male","Black",2007,72,"Theft",8,8,5,0,4,0,0,4,0,0,8
"7991","Female","Hispanic",2007,72,"Theft",1,1,1,0,1,0,0,0,0,0,1
"7992","Male","Hispanic",2007,72,"Theft",53,45,38,0,17,0,2,27,0,0,53
"7993","Male","Other",2007,72,"Theft",2,2,2,0,1,0,0,1,0,0,2
"7994","Unknown","Other",2007,72,"Theft",1,1,0,0,0,0,0,0,0,0,1
"7995","Male","White",2007,72,"Theft",2,2,2,0,0,0,0,0,0,0,2
"7996","Female","Asian",2008,72,"Theft",1,1,1,0,0,0,0,1,0,0,1
"7997","Male","Asian",2008,72,"Theft",1,1,1,1,0,0,0,1,0,0,1
"7998","Male","Black",2008,72,"Theft",19,19,6,0,4,0,3,18,0,0,19
"7999","Female","Hispanic",2008,72,"Theft",7,7,7,0,5,0,0,3,0,0,7
"8000","Male","Hispanic",2008,72,"Theft",51,46,35,0,25,0,0,32,0,0,51
"8001","Male","Native",2008,72,"Theft",1,1,1,0,1,0,0,1,0,0,1
"8002","Male","Other",2008,72,"Theft",1,1,1,0,0,0,0,1,0,0,1
"8003","Male","White",2008,72,"Theft",7,7,4,0,2,0,0,5,0,0,7
"8004","Male","Asian",2009,72,"Theft",1,1,1,0,0,0,0,1,0,0,1
"8005","Male","Black",2009,72,"Theft",6,6,4,0,3,0,1,4,0,0,6
"8006","Female","Hispanic",2009,72,"Theft",2,2,1,0,2,0,0,2,0,0,2
"8007","Male","Hispanic",2009,72,"Theft",96,94,73,0,53,0,0,62,0,0,96
"8008","Female","White",2009,72,"Theft",1,1,0,0,1,0,0,1,0,0,1
"8009","Male","White",2009,72,"Theft",9,9,6,0,4,0,2,8,0,0,9
"8010","Male","Asian",2010,72,"Theft",2,2,1,0,2,0,0,2,0,0,2
"8011","Male","Black",2010,72,"Theft",5,5,5,0,2,0,0,1,0,0,5
"8012","Male","Hispanic",2010,72,"Theft",49,48,32,0,33,0,4,41,0,0,49
"8013","Male","Other",2010,72,"Theft",2,1,2,0,2,0,0,2,0,0,2
"8014","Unknown","Other",2010,72,"Theft",7,7,7,0,6,0,0,6,0,0,7
"8015","Male","White",2010,72,"Theft",7,6,3,0,5,0,1,4,0,0,7
"8016","Female","Black",2005,73,"Theft",2,2,0,0,1,0,0,1,0,0,2
"8017","Male","Black",2005,73,"Theft",18,18,17,0,11,0,2,10,0,0,18
"8018","Male","Other",2005,73,"Theft",2,1,0,0,0,0,0,0,0,0,2
"8019","Unknown","Other",2005,73,"Theft",2,2,1,0,0,0,0,1,0,0,2
"8020","Female","Black",2006,73,"Theft",6,5,4,0,2,0,1,2,0,0,6
"8021","Male","Black",2006,73,"Theft",48,39,32,0,17,0,6,22,0,0,48
"8022","Male","Hispanic",2006,73,"Theft",1,1,0,0,1,0,0,1,0,0,1
"8023","Unknown","Other",2006,73,"Theft",1,1,1,0,1,0,0,1,0,0,1
"8024","Female","White",2006,73,"Theft",1,1,0,0,0,0,0,1,0,0,1
"8025","Female","Black",2007,73,"Theft",4,2,1,0,1,0,0,2,0,0,4
"8026","Male","Black",2007,73,"Theft",46,42,31,0,15,0,1,19,0,0,46
"8027","Male","Hispanic",2007,73,"Theft",6,4,3,0,0,0,0,0,0,0,6
"8028","Female","Other",2007,73,"Theft",1,1,1,0,0,0,0,0,0,0,1
"8029","Unknown","Other",2007,73,"Theft",1,1,0,0,0,0,1,1,0,0,1
"8030","Male","Asian",2008,73,"Theft",1,1,1,0,0,0,0,1,0,0,1
"8031","Male","Black",2008,73,"Theft",64,57,35,0,27,1,3,29,0,0,64
"8032","Male","Hispanic",2008,73,"Theft",21,20,15,0,11,0,1,11,0,0,21
"8033","Male","Native",2008,73,"Theft",1,1,1,0,0,0,0,0,0,0,1
"8034","Male","Other",2008,73,"Theft",1,1,0,0,0,0,0,0,0,0,1
"8035","Unknown","Other",2008,73,"Theft",4,4,2,0,1,0,0,3,0,0,4
"8036","Male","White",2008,73,"Theft",2,1,1,0,0,0,1,2,0,0,2
"8037","Male","Asian",2009,73,"Theft",2,2,2,0,0,0,0,1,0,0,2
"8038","Female","Black",2009,73,"Theft",7,7,1,0,1,0,0,3,0,0,7
"8039","Male","Black",2009,73,"Theft",79,71,51,0,16,1,0,23,0,0,79
"8040","Unknown","Black",2009,73,"Theft",5,5,4,0,5,0,0,2,0,0,5
"8041","Female","Hispanic",2009,73,"Theft",2,2,2,0,1,0,0,1,0,0,2
"8042","Male","Hispanic",2009,73,"Theft",16,15,12,0,9,0,0,8,0,0,16
"8043","Unknown","Hispanic",2009,73,"Theft",1,1,1,0,1,0,0,0,0,0,1
"8044","Male","Other",2009,73,"Theft",1,1,1,0,1,0,0,1,0,0,1
"8045","Unknown","Other",2009,73,"Theft",4,2,2,0,1,0,0,2,0,0,4
"8046","Female","Black",2010,73,"Theft",3,2,1,0,0,0,0,1,0,0,3
"8047","Male","Black",2010,73,"Theft",51,44,29,1,22,0,2,25,0,0,51
"8048","Male","Hispanic",2010,73,"Theft",1,1,0,0,0,0,0,0,0,0,1
"8049","Female","Other",2010,73,"Theft",1,1,0,0,1,0,0,0,0,0,1
"8050","Male","Other",2010,73,"Theft",1,1,1,0,1,0,0,1,0,0,1
"8051","Unknown","Other",2010,73,"Theft",2,2,2,0,0,0,0,0,0,0,2
"8052","Male","White",2010,73,"Theft",2,2,0,0,0,0,0,0,0,0,2
"8053","Unknown","White",2010,73,"Theft",1,1,1,0,1,0,0,1,0,0,1
"8054","Male","Asian",2006,75,"Theft",2,2,1,0,1,0,0,1,0,0,2
"8055","Female","Black",2006,75,"Theft",7,4,2,0,2,0,0,1,0,0,7
"8056","Male","Black",2006,75,"Theft",78,66,44,0,18,0,1,25,0,0,78
"8057","Unknown","Black",2006,75,"Theft",1,0,1,0,1,0,0,1,0,0,1
"8058","Male","Hispanic",2006,75,"Theft",17,14,13,0,3,0,0,5,0,0,17
"8059","Female","Native",2006,75,"Theft",1,0,1,0,1,0,0,0,0,0,1
"8060","Male","Native",2006,75,"Theft",1,1,1,0,1,0,0,1,0,0,1
"8061","Male","Other",2006,75,"Theft",2,1,0,0,0,0,0,0,0,0,2
"8062","Unknown","Other",2006,75,"Theft",2,2,1,0,0,0,0,0,0,0,2
"8063","Female","White",2006,75,"Theft",1,1,0,0,0,0,0,0,0,0,1
"8064","Male","White",2006,75,"Theft",5,4,4,0,2,0,0,1,0,0,5
"8065","Male","Asian",2007,75,"Theft",1,1,1,0,1,0,0,1,0,0,1
"8066","Female","Black",2007,75,"Theft",11,9,8,0,6,0,0,1,0,0,11
"8067","Male","Black",2007,75,"Theft",103,86,65,0,41,1,4,32,0,0,103
"8068","Unknown","Black",2007,75,"Theft",1,1,1,0,0,0,0,0,0,0,1
"8069","Female","Hispanic",2007,75,"Theft",10,8,9,0,4,0,0,4,0,0,10
"8070","Male","Hispanic",2007,75,"Theft",43,40,30,0,16,0,0,17,0,0,43
"8071","Male","Native",2007,75,"Theft",1,1,1,0,1,0,0,0,0,0,1
"8072","Unknown","Other",2007,75,"Theft",7,5,4,0,2,0,0,2,0,0,7
"8073","Female","White",2007,75,"Theft",2,2,2,0,1,0,0,2,0,0,2
"8074","Male","White",2007,75,"Theft",10,9,7,0,3,0,1,4,0,0,10
"8075","Male","Asian",2008,75,"Theft",3,3,3,0,1,0,0,1,0,0,3
"8076","Female","Black",2008,75,"Theft",20,18,12,0,12,0,0,13,0,0,20
"8077","Male","Black",2008,75,"Theft",128,119,77,0,43,0,4,39,0,0,128
"8078","Unknown","Black",2008,75,"Theft",1,1,1,0,1,0,0,1,0,0,1
"8079","Female","Hispanic",2008,75,"Theft",5,1,2,0,0,0,0,0,0,0,5
"8080","Male","Hispanic",2008,75,"Theft",31,30,20,0,9,0,1,10,0,0,31
"8081","Unknown","Hispanic",2008,75,"Theft",1,1,1,0,1,0,0,1,0,0,1
"8082","Male","Native",2008,75,"Theft",1,1,1,0,0,0,0,0,0,0,1
"8083","Female","Other",2008,75,"Theft",1,1,1,0,0,0,0,0,0,0,1
"8084","Male","Other",2008,75,"Theft",4,2,2,0,2,0,0,1,0,0,4
"8085","Unknown","Other",2008,75,"Theft",8,7,5,0,1,0,0,3,0,0,8
"8086","Female","White",2008,75,"Theft",2,2,2,0,1,0,0,1,0,0,2
"8087","Male","White",2008,75,"Theft",10,9,8,0,6,0,0,4,0,0,10
"8088","Female","Asian",2009,75,"Theft",1,1,0,0,1,0,0,1,0,0,1
"8089","Male","Asian",2009,75,"Theft",1,1,1,0,0,0,0,0,0,0,1
"8090","Female","Black",2009,75,"Theft",20,16,11,0,6,0,0,8,0,0,20
"8091","Male","Black",2009,75,"Theft",204,176,115,1,64,1,5,61,0,0,204
"8092","Unknown","Black",2009,75,"Theft",1,1,0,0,0,0,0,1,0,0,1
"8093","Female","Hispanic",2009,75,"Theft",1,1,1,0,1,0,0,0,0,0,1
"8094","Male","Hispanic",2009,75,"Theft",59,54,38,0,26,0,1,26,0,0,59
"8095","Male","Other",2009,75,"Theft",2,2,1,0,1,0,0,1,0,0,2
"8096","Unknown","Other",2009,75,"Theft",7,6,3,0,2,0,0,2,0,0,7
"8097","Female","White",2009,75,"Theft",1,1,1,0,0,0,0,0,0,0,1
"8098","Male","White",2009,75,"Theft",7,6,6,0,1,0,0,1,0,0,7
"8099","Male","Asian",2010,75,"Theft",1,1,1,0,0,0,0,1,0,0,1
"8100","Female","Black",2010,75,"Theft",6,4,4,0,3,0,0,1,0,0,6
"8101","Male","Black",2010,75,"Theft",107,90,60,0,39,0,3,44,0,0,107
"8102","Female","Hispanic",2010,75,"Theft",3,3,2,0,0,0,0,1,0,0,3
"8103","Male","Hispanic",2010,75,"Theft",29,28,16,0,10,0,0,6,0,0,29
"8104","Male","Native",2010,75,"Theft",1,1,0,0,0,0,0,0,0,0,1
"8105","Male","Other",2010,75,"Theft",3,2,1,0,1,0,0,1,0,0,3
"8106","Unknown","Other",2010,75,"Theft",6,6,1,0,1,0,0,0,0,0,6
"8107","Male","Black",2005,76,"Theft",6,4,1,0,1,0,0,1,0,0,6
"8108","Male","Hispanic",2005,76,"Theft",1,1,0,0,0,0,0,0,0,0,1
"8109","Female","Black",2006,76,"Theft",3,3,3,0,0,0,0,0,0,0,3
"8110","Male","Black",2006,76,"Theft",24,23,19,0,6,0,1,13,0,0,24
"8111","Female","Hispanic",2006,76,"Theft",1,1,0,0,0,0,0,1,0,0,1
"8112","Male","Hispanic",2006,76,"Theft",18,12,15,0,8,0,0,4,0,0,18
"8113","Female","Black",2007,76,"Theft",1,0,1,0,0,0,0,0,0,0,1
"8114","Male","Black",2007,76,"Theft",27,24,19,0,11,0,0,16,0,0,27
"8115","Female","Hispanic",2007,76,"Theft",1,1,0,0,1,0,0,1,0,0,1
"8116","Male","Hispanic",2007,76,"Theft",15,14,11,0,3,0,0,7,0,0,15
"8117","Female","Other",2007,76,"Theft",1,0,0,0,0,0,0,0,0,0,1
"8118","Male","Other",2007,76,"Theft",2,2,2,0,0,0,0,2,0,0,2
"8119","Female","White",2007,76,"Theft",1,1,0,0,0,0,0,0,0,0,1
"8120","Male","White",2007,76,"Theft",5,3,3,0,4,0,0,2,0,0,5
"8121","Male","Asian",2008,76,"Theft",2,2,2,0,2,0,0,2,0,0,2
"8122","Male","Black",2008,76,"Theft",29,28,22,0,14,0,2,18,0,0,29
"8123","Female","Hispanic",2008,76,"Theft",1,1,1,0,1,0,0,1,0,0,1
"8124","Male","Hispanic",2008,76,"Theft",22,19,13,0,10,0,0,10,0,0,22
"8125","Male","Other",2008,76,"Theft",2,1,1,0,0,0,0,0,0,0,2
"8126","Male","White",2008,76,"Theft",6,5,4,0,1,0,0,4,0,0,6
"8127","Female","Black",2009,76,"Theft",2,1,1,0,0,0,0,1,0,0,2
"8128","Male","Black",2009,76,"Theft",31,30,26,0,16,0,1,21,0,0,31
"8129","Female","Hispanic",2009,76,"Theft",1,1,1,0,1,0,0,0,0,0,1
"8130","Male","Hispanic",2009,76,"Theft",18,17,14,0,9,0,0,14,0,0,18
"8131","Male","White",2009,76,"Theft",6,6,6,0,3,0,0,3,0,0,6
"8132","Male","Asian",2010,76,"Theft",2,1,1,0,0,0,0,1,0,0,2
"8133","Male","Black",2010,76,"Theft",25,24,12,0,3,0,0,7,0,0,25
"8134","Female","Hispanic",2010,76,"Theft",1,1,0,0,0,0,0,0,0,0,1
"8135","Male","Hispanic",2010,76,"Theft",15,14,10,0,5,0,2,4,0,0,15
"8136","Female","White",2010,76,"Theft",2,1,1,0,1,0,0,1,0,0,2
"8137","Male","White",2010,76,"Theft",5,5,3,0,2,0,0,1,0,0,5
"8138","Female","Black",2005,77,"Theft",1,1,1,0,0,0,0,1,0,0,1
"8139","Male","Black",2005,77,"Theft",55,48,43,0,24,0,3,20,0,0,55
"8140","Male","Hispanic",2005,77,"Theft",7,5,5,0,3,0,0,2,0,0,7
"8141","Male","Other",2005,77,"Theft",2,2,0,0,1,0,0,0,0,0,2
"8142","Female","Black",2006,77,"Theft",1,1,1,0,1,0,0,0,0,0,1
"8143","Male","Black",2006,77,"Theft",30,28,21,0,18,0,0,5,0,0,30
"8144","Male","Hispanic",2006,77,"Theft",2,2,1,0,0,0,0,1,0,0,2
"8145","Unknown","Other",2006,77,"Theft",1,1,0,0,0,0,0,0,0,0,1
"8146","Male","White",2006,77,"Theft",1,1,1,0,1,0,0,1,0,0,1
"8147","Female","Black",2007,77,"Theft",4,4,2,0,1,0,0,2,0,0,4
"8148","Male","Black",2007,77,"Theft",72,68,50,0,30,0,2,32,0,0,72
"8149","Female","Hispanic",2007,77,"Theft",1,0,0,0,0,0,0,0,0,0,1
"8150","Male","Hispanic",2007,77,"Theft",2,2,2,0,0,0,0,0,0,0,2
"8151","Male","Other",2007,77,"Theft",2,2,2,0,0,0,0,1,0,0,2
"8152","Unknown","Other",2007,77,"Theft",3,3,2,0,1,0,0,2,0,0,3
"8153","Female","Black",2008,77,"Theft",2,1,2,0,2,0,0,1,0,0,2
"8154","Male","Black",2008,77,"Theft",101,83,65,0,26,0,8,53,0,0,101
"8155","Unknown","Black",2008,77,"Theft",1,1,1,0,1,0,0,0,0,0,1
"8156","Female","Hispanic",2008,77,"Theft",2,1,1,0,1,0,0,0,0,0,2
"8157","Male","Hispanic",2008,77,"Theft",14,10,10,0,5,0,0,7,0,0,14
"8158","Male","Other",2008,77,"Theft",3,3,2,0,0,0,0,3,0,0,3
"8159","Unknown","Other",2008,77,"Theft",3,3,2,0,1,0,0,1,0,0,3
"8160","Male","White",2008,77,"Theft",2,2,2,0,1,0,0,1,0,0,2
"8161","Male","Asian",2009,77,"Theft",3,1,1,0,0,0,0,0,0,0,3
"8162","Female","Black",2009,77,"Theft",9,7,5,0,1,0,0,4,0,0,9
"8163","Male","Black",2009,77,"Theft",107,81,37,0,21,1,1,25,0,0,107
"8164","Unknown","Black",2009,77,"Theft",2,2,2,0,0,0,0,0,0,0,2
"8165","Female","Hispanic",2009,77,"Theft",1,1,1,0,1,0,0,1,0,0,1
"8166","Male","Hispanic",2009,77,"Theft",3,3,2,0,1,0,0,2,0,0,3
"8167","Unknown","Other",2009,77,"Theft",4,1,1,0,0,0,0,1,0,0,4
"8168","Female","White",2009,77,"Theft",1,0,0,0,0,0,0,0,0,0,1
"8169","Male","White",2009,77,"Theft",6,2,1,0,1,0,0,0,0,0,6
"8170","Male","Asian",2010,77,"Theft",2,1,0,0,0,0,0,0,0,0,2
"8171","Female","Black",2010,77,"Theft",3,3,1,0,0,0,0,2,0,0,3
"8172","Male","Black",2010,77,"Theft",69,62,38,0,3,0,1,7,0,0,69
"8173","Male","Hispanic",2010,77,"Theft",4,4,1,0,1,0,0,1,0,0,4
"8174","Male","White",2010,77,"Theft",1,1,1,0,0,0,0,0,0,0,1
"8175","Female","Black",2006,78,"Theft",1,0,0,0,0,0,0,1,0,0,1
"8176","Male","Black",2006,78,"Theft",14,11,8,0,4,0,0,3,0,0,14
"8177","Male","Hispanic",2006,78,"Theft",11,8,8,0,2,0,0,4,0,0,11
"8178","Female","Native",2006,78,"Theft",1,0,0,0,0,0,0,0,0,0,1
"8179","Male","Native",2006,78,"Theft",1,0,0,0,0,0,0,0,0,0,1
"8180","Male","Other",2006,78,"Theft",1,1,1,0,0,0,0,1,0,0,1
"8181","Unknown","Other",2006,78,"Theft",6,4,4,0,2,0,0,1,0,0,6
"8182","Male","White",2006,78,"Theft",3,1,1,0,1,0,0,1,0,0,3
"8183","Female","Black",2007,78,"Theft",4,4,0,0,4,0,0,0,0,0,4
"8184","Male","Black",2007,78,"Theft",12,10,7,0,4,0,0,3,0,0,12
"8185","Male","Hispanic",2007,78,"Theft",10,8,3,0,1,0,0,3,0,0,10
"8186","Male","White",2007,78,"Theft",2,2,1,0,0,0,0,1,0,0,2
"8187","Male","Black",2008,78,"Theft",9,9,5,0,2,0,2,4,0,0,9
"8188","Male","Hispanic",2008,78,"Theft",6,6,4,0,2,0,0,2,0,0,6
"8189","Male","Other",2008,78,"Theft",2,2,0,0,0,0,0,2,0,0,2
"8190","Male","White",2008,78,"Theft",1,1,1,0,0,0,0,0,0,0,1
"8191","Female","Black",2009,78,"Theft",1,0,0,0,0,0,0,1,0,0,1
"8192","Male","Black",2009,78,"Theft",26,25,20,0,2,0,3,8,0,0,26
"8193","Male","Hispanic",2009,78,"Theft",8,8,6,0,0,0,0,0,0,0,8
"8194","Female","Black",2010,78,"Theft",1,0,0,0,0,0,0,0,0,0,1
"8195","Male","Black",2010,78,"Theft",8,7,4,0,3,0,0,3,0,0,8
"8196","Female","Hispanic",2010,78,"Theft",1,0,0,0,0,0,0,0,0,0,1
"8197","Male","Hispanic",2010,78,"Theft",11,9,5,0,2,0,1,2,0,0,11
"8198","Unknown","Hispanic",2010,78,"Theft",1,1,1,0,0,0,0,1,0,0,1
"8199","Male","White",2010,78,"Theft",2,2,0,0,0,0,0,0,0,0,2
"8200","Male","Asian",2005,79,"Theft",1,1,1,0,1,0,0,0,0,0,1
"8201","Female","Black",2005,79,"Theft",2,1,0,0,0,0,0,0,0,0,2
"8202","Male","Black",2005,79,"Theft",28,19,19,0,9,0,1,5,0,0,28
"8203","Male","Hispanic",2005,79,"Theft",5,4,3,0,0,0,0,0,0,0,5
"8204","Male","Other",2005,79,"Theft",2,1,1,0,0,0,0,0,0,0,2
"8205","Unknown","Other",2005,79,"Theft",1,1,0,0,1,0,0,0,0,0,1
"8206","Male","Asian",2006,79,"Theft",1,1,0,0,1,0,0,0,0,0,1
"8207","Female","Black",2006,79,"Theft",9,4,3,0,5,0,0,3,0,0,9
"8208","Male","Black",2006,79,"Theft",57,51,41,0,21,0,1,22,0,0,57
"8209","Female","Hispanic",2006,79,"Theft",1,0,0,0,0,0,0,1,0,0,1
"8210","Male","Hispanic",2006,79,"Theft",11,11,6,0,5,0,0,5,0,0,11
"8211","Male","Other",2006,79,"Theft",1,1,1,0,1,0,0,1,0,0,1
"8212","Female","Black",2007,79,"Theft",15,13,8,0,3,0,1,5,0,0,15
"8213","Male","Black",2007,79,"Theft",95,83,54,0,37,1,4,33,0,0,95
"8214","Unknown","Black",2007,79,"Theft",3,3,2,0,1,0,0,2,0,0,3
"8215","Female","Hispanic",2007,79,"Theft",2,1,2,0,0,0,0,2,0,0,2
"8216","Male","Hispanic",2007,79,"Theft",16,14,8,0,7,0,0,6,0,0,16
"8217","Male","Native",2007,79,"Theft",1,0,1,0,1,0,0,1,0,0,1
"8218","Unknown","Native",2007,79,"Theft",1,0,0,0,1,0,0,0,0,0,1
"8219","Female","Other",2007,79,"Theft",1,1,1,0,0,0,0,0,0,0,1
"8220","Unknown","Other",2007,79,"Theft",4,3,1,0,0,0,0,2,0,0,4
"8221","Male","White",2007,79,"Theft",1,1,1,0,0,0,0,1,0,0,1
"8222","Female","Black",2008,79,"Theft",16,11,4,0,6,0,1,4,0,0,16
"8223","Male","Black",2008,79,"Theft",126,116,69,0,46,0,7,50,0,0,126
"8224","Unknown","Black",2008,79,"Theft",1,0,1,0,0,0,0,0,0,0,1
"8225","Female","Hispanic",2008,79,"Theft",1,1,1,0,1,0,0,0,0,0,1
"8226","Male","Hispanic",2008,79,"Theft",23,22,13,0,9,0,0,10,0,0,23
"8227","Male","Native",2008,79,"Theft",1,1,0,0,0,0,0,0,0,0,1
"8228","Male","Other",2008,79,"Theft",2,2,2,0,1,0,0,1,0,0,2
"8229","Unknown","Other",2008,79,"Theft",1,1,0,0,0,0,0,0,0,0,1
"8230","Female","White",2008,79,"Theft",1,1,0,0,0,0,0,1,0,0,1
"8231","Male","White",2008,79,"Theft",2,2,1,0,2,0,0,1,0,0,2
"8232","Female","Black",2009,79,"Theft",12,6,4,0,5,0,0,4,0,0,12
"8233","Male","Black",2009,79,"Theft",111,91,66,0,58,1,5,49,0,0,111
"8234","Female","Hispanic",2009,79,"Theft",1,0,0,0,1,0,0,0,0,0,1
"8235","Male","Hispanic",2009,79,"Theft",18,18,9,0,9,0,1,8,0,0,18
"8236","Male","Other",2009,79,"Theft",4,2,3,0,1,0,0,1,0,0,4
"8237","Female","White",2009,79,"Theft",1,1,0,0,1,0,0,0,0,0,1
"8238","Male","White",2009,79,"Theft",7,7,5,0,3,0,0,3,0,0,7
"8239","Unknown","White",2009,79,"Theft",1,0,0,0,0,0,0,0,0,0,1
"8240","Male","Asian",2010,79,"Theft",2,2,0,0,1,0,0,1,0,0,2
"8241","Female","Black",2010,79,"Theft",8,6,4,0,5,0,0,2,0,0,8
"8242","Male","Black",2010,79,"Theft",88,71,49,0,23,0,1,22,0,0,88
"8243","Male","Hispanic",2010,79,"Theft",10,8,4,0,3,0,0,6,0,0,10
"8244","Unknown","Other",2010,79,"Theft",1,1,1,0,0,0,0,0,0,0,1
"8245","Female","White",2010,79,"Theft",2,1,1,0,1,0,0,0,0,0,2
"8246","Male","White",2010,79,"Theft",1,1,1,0,0,0,0,0,0,0,1
"8247","Female","Black",2005,81,"Theft",3,3,3,0,0,0,0,0,0,0,3
"8248","Male","Black",2005,81,"Theft",21,20,12,0,4,0,1,5,0,0,21
"8249","Male","Hispanic",2005,81,"Theft",1,1,1,0,0,0,0,1,0,0,1
"8250","Male","White",2005,81,"Theft",1,1,1,0,1,0,0,1,0,0,1
"8251","Female","Black",2006,81,"Theft",2,2,1,0,0,0,0,1,0,0,2
"8252","Male","Black",2006,81,"Theft",33,32,27,0,7,0,3,8,0,0,33
"8253","Male","Black",2007,81,"Theft",29,26,15,1,15,0,0,11,0,0,29
"8254","Male","Hispanic",2007,81,"Theft",1,1,1,0,1,0,0,1,0,0,1
"8255","Female","Black",2008,81,"Theft",10,10,2,0,3,0,0,6,0,0,10
"8256","Male","Black",2008,81,"Theft",77,68,45,1,28,0,3,21,0,0,77
"8257","Female","Hispanic",2008,81,"Theft",1,1,1,0,0,0,0,0,0,0,1
"8258","Male","Hispanic",2008,81,"Theft",3,2,2,0,1,0,0,0,0,0,3
"8259","Male","White",2008,81,"Theft",1,1,0,0,0,0,0,0,0,0,1
"8260","Male","Asian",2009,81,"Theft",2,1,1,0,0,0,0,1,0,0,2
"8261","Female","Black",2009,81,"Theft",8,5,0,0,2,0,0,4,0,0,8
"8262","Male","Black",2009,81,"Theft",109,100,37,0,27,0,0,25,0,0,109
"8263","Female","Hispanic",2009,81,"Theft",2,2,2,0,2,0,0,1,0,0,2
"8264","Male","Hispanic",2009,81,"Theft",6,4,5,0,2,0,0,0,0,0,6
"8265","Unknown","Other",2009,81,"Theft",1,1,0,0,0,0,0,1,0,0,1
"8266","Female","Black",2010,81,"Theft",5,5,4,0,0,0,0,0,0,0,5
"8267","Male","Black",2010,81,"Theft",41,40,12,0,4,0,0,3,0,0,41
"8268","Male","Hispanic",2010,81,"Theft",4,4,1,0,0,0,0,0,0,0,4
"8269","Male","Other",2010,81,"Theft",1,1,0,0,0,0,0,0,0,0,1
"8270","Male","Black",2005,83,"Theft",12,11,5,0,3,0,0,6,0,0,12
"8271","Male","Hispanic",2005,83,"Theft",9,7,4,0,3,0,1,4,0,0,9
"8272","Male","Other",2005,83,"Theft",1,1,1,0,0,0,0,1,0,0,1
"8273","Female","White",2005,83,"Theft",1,1,1,0,1,0,0,0,0,0,1
"8274","Male","White",2005,83,"Theft",1,1,1,0,0,0,0,1,0,0,1
"8275","Male","Asian",2006,83,"Theft",1,1,0,0,0,0,0,0,0,0,1
"8276","Male","Black",2006,83,"Theft",38,36,23,0,7,0,0,23,0,0,38
"8277","Female","Hispanic",2006,83,"Theft",1,1,0,0,0,0,0,0,0,0,1
"8278","Male","Hispanic",2006,83,"Theft",25,23,15,0,6,0,0,12,0,0,25
"8279","Male","Other",2006,83,"Theft",3,3,2,0,1,0,0,1,0,0,3
"8280","Unknown","Other",2006,83,"Theft",2,2,2,0,1,0,0,2,0,0,2
"8281","Male","White",2006,83,"Theft",1,1,1,0,0,0,0,0,0,0,1
"8282","Female","Black",2007,83,"Theft",1,1,1,0,0,0,0,0,0,0,1
"8283","Male","Black",2007,83,"Theft",23,23,18,0,7,0,2,17,0,0,23
"8284","Male","Hispanic",2007,83,"Theft",32,31,19,0,14,0,0,13,0,0,32
"8285","Unknown","Hispanic",2007,83,"Theft",1,1,0,0,1,0,0,1,0,0,1
"8286","Male","White",2007,83,"Theft",1,1,0,0,0,0,0,1,0,0,1
"8287","Female","Black",2008,83,"Theft",2,2,1,0,2,0,0,1,0,0,2
"8288","Male","Black",2008,83,"Theft",56,50,28,0,25,0,1,26,0,0,56
"8289","Female","Hispanic",2008,83,"Theft",5,2,2,0,1,0,0,1,0,0,5
"8290","Male","Hispanic",2008,83,"Theft",96,87,42,0,39,0,1,45,0,0,96
"8291","Male","Other",2008,83,"Theft",7,4,1,0,1,0,0,2,0,0,7
"8292","Unknown","Other",2008,83,"Theft",1,0,1,0,0,0,0,0,0,0,1
"8293","Male","White",2008,83,"Theft",6,5,3,0,2,0,0,3,0,0,6
"8294","Male","Asian",2009,83,"Theft",1,1,0,0,0,0,0,0,0,0,1
"8295","Female","Black",2009,83,"Theft",6,3,3,0,1,0,0,1,0,0,6
"8296","Male","Black",2009,83,"Theft",66,64,43,1,25,0,1,27,0,0,66
"8297","Female","Hispanic",2009,83,"Theft",4,4,3,0,3,0,0,3,0,0,4
"8298","Male","Hispanic",2009,83,"Theft",96,90,53,0,42,0,0,39,0,0,96
"8299","Male","Other",2009,83,"Theft",1,1,1,0,0,0,0,0,0,0,1
"8300","Male","White",2009,83,"Theft",6,6,3,0,0,0,0,1,0,0,6
"8301","Female","Asian",2010,83,"Theft",1,1,1,0,1,0,0,1,0,0,1
"8302","Male","Asian",2010,83,"Theft",4,4,1,0,0,0,0,0,0,0,4
"8303","Male","Black",2010,83,"Theft",34,33,21,0,12,0,2,12,0,0,34
"8304","Female","Hispanic",2010,83,"Theft",4,4,2,0,1,0,0,0,0,0,4
"8305","Male","Hispanic",2010,83,"Theft",64,57,35,0,21,0,1,25,0,0,64
"8306","Male","White",2010,83,"Theft",3,3,2,0,1,0,0,1,0,0,3
"8307","Female","Black",2005,84,"Theft",1,0,1,0,0,0,0,0,0,0,1
"8308","Male","Black",2005,84,"Theft",1,1,1,0,0,0,0,0,0,0,1
"8309","Female","Black",2006,84,"Theft",3,1,1,0,1,0,0,1,0,0,3
"8310","Male","Black",2006,84,"Theft",30,23,19,0,14,1,1,16,0,0,30
"8311","Female","Hispanic",2006,84,"Theft",1,0,0,0,1,0,0,0,0,0,1
"8312","Male","Hispanic",2006,84,"Theft",6,5,5,0,0,0,3,0,0,0,6
"8313","Male","White",2006,84,"Theft",2,2,2,0,1,0,0,1,0,0,2
"8314","Female","Black",2007,84,"Theft",1,0,0,0,0,0,0,0,0,0,1
"8315","Male","Black",2007,84,"Theft",27,27,17,0,5,0,2,8,0,0,27
"8316","Male","Hispanic",2007,84,"Theft",5,3,4,0,2,0,0,0,0,0,5
"8317","Male","White",2007,84,"Theft",2,1,1,0,1,0,0,2,0,0,2
"8318","Female","Black",2008,84,"Theft",2,2,2,0,0,0,0,0,0,0,2
"8319","Male","Black",2008,84,"Theft",48,45,27,0,14,0,0,16,0,0,48
"8320","Female","Hispanic",2008,84,"Theft",1,1,1,0,1,0,1,0,0,0,1
"8321","Male","Hispanic",2008,84,"Theft",11,9,7,0,3,0,0,2,0,0,11
"8322","Male","Other",2008,84,"Theft",2,2,2,0,1,0,0,0,0,0,2
"8323","Female","White",2008,84,"Theft",1,1,1,0,1,0,0,1,0,0,1
"8324","Male","White",2008,84,"Theft",1,1,1,0,0,0,0,0,0,0,1
"8325","Female","Asian",2009,84,"Theft",1,1,1,0,1,0,0,0,0,0,1
"8326","Female","Black",2009,84,"Theft",9,5,6,0,4,0,0,2,0,0,9
"8327","Male","Black",2009,84,"Theft",60,49,45,0,24,0,0,25,0,0,60
"8328","Female","Hispanic",2009,84,"Theft",2,2,0,0,0,0,0,0,0,0,2
"8329","Male","Hispanic",2009,84,"Theft",9,8,5,0,5,0,0,3,0,0,9
"8330","Male","Other",2009,84,"Theft",1,0,0,0,0,0,0,0,0,0,1
"8331","Male","White",2009,84,"Theft",2,1,1,0,0,0,0,0,0,0,2
"8332","Male","Asian",2010,84,"Theft",1,1,1,0,0,0,0,0,0,0,1
"8333","Female","Black",2010,84,"Theft",10,7,4,0,4,0,0,1,0,0,10
"8334","Male","Black",2010,84,"Theft",39,34,27,0,4,0,0,9,0,0,39
"8335","Female","Hispanic",2010,84,"Theft",3,2,3,0,1,0,0,1,0,0,3
"8336","Male","Hispanic",2010,84,"Theft",9,5,5,0,1,0,0,0,0,0,9
"8337","Male","Native",2010,84,"Theft",1,1,1,0,1,0,0,1,0,0,1
"8338","Male","Other",2010,84,"Theft",1,1,0,0,0,0,0,0,0,0,1
"8339","Female","White",2010,84,"Theft",3,2,3,0,0,0,0,0,0,0,3
"8340","Male","White",2010,84,"Theft",4,3,2,0,0,0,0,0,0,0,4
"8341","Female","Black",2005,88,"Theft",4,4,2,0,2,0,0,2,0,0,4
"8342","Male","Black",2005,88,"Theft",34,31,22,1,8,0,0,13,0,0,34
"8343","Male","Hispanic",2005,88,"Theft",3,3,3,0,1,0,0,2,0,0,3
"8344","Male","White",2005,88,"Theft",1,1,0,0,0,0,0,1,0,0,1
"8345","Female","Black",2006,88,"Theft",3,3,2,0,2,0,0,2,0,0,3
"8346","Male","Black",2006,88,"Theft",48,43,34,0,9,0,2,16,0,0,48
"8347","Male","Hispanic",2006,88,"Theft",3,2,3,0,2,0,0,2,0,0,3
"8348","Unknown","Other",2006,88,"Theft",1,1,1,0,1,0,0,0,0,0,1
"8349","Female","White",2006,88,"Theft",1,1,0,0,0,0,0,0,0,0,1
"8350","Male","White",2006,88,"Theft",3,3,2,0,0,0,0,2,0,0,3
"8351","Female","Black",2007,88,"Theft",5,4,3,0,2,0,0,3,0,0,5
"8352","Male","Black",2007,88,"Theft",64,52,38,0,17,0,2,24,0,0,64
"8353","Male","Hispanic",2007,88,"Theft",12,8,4,0,0,0,0,4,0,0,12
"8354","Unknown","Hispanic",2007,88,"Theft",1,1,1,0,0,0,0,0,0,0,1
"8355","Unknown","Other",2007,88,"Theft",2,2,0,0,0,0,0,0,0,0,2
"8356","Male","White",2007,88,"Theft",2,2,2,0,1,0,0,0,0,0,2
"8357","Male","Asian",2008,88,"Theft",1,1,1,0,1,0,0,1,0,0,1
"8358","Female","Black",2008,88,"Theft",7,5,5,0,4,0,0,4,0,0,7
"8359","Male","Black",2008,88,"Theft",69,59,32,0,18,0,0,18,0,0,69
"8360","Unknown","Black",2008,88,"Theft",1,1,0,0,0,0,0,1,0,0,1
"8361","Female","Hispanic",2008,88,"Theft",3,2,2,0,1,0,0,1,0,0,3
"8362","Male","Hispanic",2008,88,"Theft",10,9,6,0,3,0,0,4,0,0,10
"8363","Male","Native",2008,88,"Theft",1,1,1,0,1,0,0,1,0,0,1
"8364","Male","White",2008,88,"Theft",2,1,1,0,1,0,0,1,0,0,2
"8365","Male","Asian",2009,88,"Theft",1,0,0,0,0,0,0,0,0,0,1
"8366","Female","Black",2009,88,"Theft",14,13,11,0,9,0,1,6,0,0,14
"8367","Male","Black",2009,88,"Theft",90,75,44,0,24,2,2,17,0,0,90
"8368","Male","Hispanic",2009,88,"Theft",17,14,9,0,2,0,0,2,0,0,17
"8369","Male","Native",2009,88,"Theft",1,1,0,0,0,0,0,0,0,0,1
"8370","Female","White",2009,88,"Theft",1,0,0,0,0,0,0,0,0,0,1
"8371","Male","White",2009,88,"Theft",5,4,2,0,1,0,0,2,0,0,5
"8372","Male","Asian",2010,88,"Theft",2,1,1,0,0,0,0,0,0,0,2
"8373","Female","Black",2010,88,"Theft",19,9,5,0,6,0,0,3,0,0,19
"8374","Male","Black",2010,88,"Theft",55,42,28,0,15,0,0,10,0,0,55
"8375","Female","Hispanic",2010,88,"Theft",1,0,0,0,0,0,0,0,0,0,1
"8376","Male","Hispanic",2010,88,"Theft",13,8,4,0,1,0,0,3,0,0,13
"8377","Female","White",2010,88,"Theft",2,1,0,0,1,0,0,0,0,0,2
"8378","Male","White",2010,88,"Theft",1,0,0,0,0,0,0,0,0,0,1
"8379","Male","Black",2005,90,"Theft",20,16,16,0,6,0,4,10,0,0,20
"8380","Female","Hispanic",2005,90,"Theft",1,1,1,0,0,0,0,0,0,0,1
"8381","Male","Hispanic",2005,90,"Theft",36,30,27,0,8,0,3,8,0,0,36
"8382","Unknown","Other",2005,90,"Theft",1,1,1,0,1,0,0,0,0,0,1
"8383","Male","White",2005,90,"Theft",2,1,0,0,0,0,0,0,0,0,2
"8384","Female","Black",2006,90,"Theft",2,2,1,0,0,0,0,0,0,0,2
"8385","Male","Black",2006,90,"Theft",15,12,10,0,1,0,0,4,0,0,15
"8386","Male","Hispanic",2006,90,"Theft",34,26,21,0,6,0,1,13,0,0,34
"8387","Male","Other",2006,90,"Theft",1,0,0,0,0,0,0,0,0,0,1
"8388","Unknown","Other",2006,90,"Theft",2,2,2,0,0,0,0,1,0,0,2
"8389","Female","White",2006,90,"Theft",1,0,0,0,0,0,0,0,0,0,1
"8390","Male","White",2006,90,"Theft",3,3,2,0,1,0,0,2,0,0,3
"8391","Female","Black",2007,90,"Theft",2,2,2,0,0,0,0,2,0,0,2
"8392","Male","Black",2007,90,"Theft",32,32,26,0,11,2,0,12,0,0,32
"8393","Unknown","Black",2007,90,"Theft",1,0,0,0,0,0,0,1,0,0,1
"8394","Male","Hispanic",2007,90,"Theft",72,67,50,0,18,0,5,23,0,0,72
"8395","Male","Other",2007,90,"Theft",4,4,3,0,1,0,0,1,0,0,4
"8396","Unknown","Other",2007,90,"Theft",1,1,1,0,0,0,0,0,0,0,1
"8397","Female","White",2007,90,"Theft",1,1,1,0,1,0,1,1,0,0,1
"8398","Male","White",2007,90,"Theft",4,4,4,0,2,0,0,2,0,0,4
"8399","Female","Black",2008,90,"Theft",3,3,3,0,0,0,0,2,0,0,3
"8400","Male","Black",2008,90,"Theft",64,61,39,0,11,0,0,28,0,0,64
"8401","Female","Hispanic",2008,90,"Theft",1,1,1,0,1,0,0,1,0,0,1
"8402","Male","Hispanic",2008,90,"Theft",86,78,44,0,28,2,3,26,0,0,86
"8403","Unknown","Hispanic",2008,90,"Theft",1,1,1,0,0,0,0,0,0,0,1
"8404","Male","Native",2008,90,"Theft",1,1,1,0,0,0,0,0,0,0,1
"8405","Male","Other",2008,90,"Theft",5,5,4,0,2,0,0,2,0,0,5
"8406","Unknown","Other",2008,90,"Theft",3,3,2,0,0,0,1,1,0,0,3
"8407","Male","White",2008,90,"Theft",12,12,10,0,6,0,0,5,0,0,12
"8408","Male","Black",2009,90,"Theft",52,47,25,0,13,0,0,19,0,0,52
"8409","Female","Hispanic",2009,90,"Theft",3,3,1,0,2,0,0,1,0,0,3
"8410","Male","Hispanic",2009,90,"Theft",72,63,31,0,12,0,1,23,0,0,72
"8411","Male","Other",2009,90,"Theft",5,5,4,0,4,0,0,3,0,0,5
"8412","Unknown","Other",2009,90,"Theft",1,1,0,0,0,0,0,0,0,0,1
"8413","Female","White",2009,90,"Theft",2,0,1,0,1,0,0,0,0,0,2
"8414","Male","White",2009,90,"Theft",14,10,7,0,4,0,0,5,0,0,14
"8415","Female","Black",2010,90,"Theft",3,3,2,0,1,0,0,1,0,0,3
"8416","Male","Black",2010,90,"Theft",48,42,22,0,4,0,0,17,0,0,48
"8417","Female","Hispanic",2010,90,"Theft",1,0,0,0,0,0,0,0,0,0,1
"8418","Male","Hispanic",2010,90,"Theft",71,62,30,0,6,0,0,15,0,0,71
"8419","Male","Other",2010,90,"Theft",1,1,0,0,0,0,0,0,0,0,1
"8420","Female","White",2010,90,"Theft",1,0,0,0,0,0,0,0,0,0,1
"8421","Male","White",2010,90,"Theft",8,5,4,0,2,0,0,3,0,0,8
"8422","Male","Black",2005,94,"Theft",21,18,13,0,1,0,0,10,0,0,21
"8423","Female","Hispanic",2005,94,"Theft",2,2,2,0,0,0,0,1,0,0,2
"8424","Male","Hispanic",2005,94,"Theft",20,13,8,0,5,0,0,9,0,0,20
"8425","Male","Other",2005,94,"Theft",3,2,0,0,1,0,0,1,0,0,3
"8426","Unknown","Other",2005,94,"Theft",1,0,0,0,0,0,0,1,0,0,1
"8427","Male","White",2005,94,"Theft",17,11,5,0,6,0,0,1,0,0,17
"8428","Male","Black",2006,94,"Theft",5,3,0,0,2,0,0,2,0,0,5
"8429","Male","Hispanic",2006,94,"Theft",16,10,5,0,3,0,1,3,0,0,16
"8430","Male","Other",2006,94,"Theft",2,1,2,0,0,0,0,0,0,0,2
"8431","Female","White",2006,94,"Theft",1,0,0,0,0,0,0,0,0,0,1
"8432","Male","White",2006,94,"Theft",8,5,3,0,5,0,0,5,0,0,8
"8433","Female","Black",2007,94,"Theft",1,1,0,0,0,0,0,1,0,0,1
"8434","Male","Black",2007,94,"Theft",14,14,8,0,8,0,0,4,0,0,14
"8435","Male","Hispanic",2007,94,"Theft",21,21,18,0,9,0,1,9,0,0,21
"8436","Male","White",2007,94,"Theft",13,12,11,0,2,0,0,2,0,0,13
"8437","Female","Black",2008,94,"Theft",1,1,0,0,0,0,0,0,0,0,1
"8438","Male","Black",2008,94,"Theft",7,7,6,0,3,0,0,0,0,0,7
"8439","Female","Hispanic",2008,94,"Theft",1,1,0,0,0,0,0,0,0,0,1
"8440","Male","Hispanic",2008,94,"Theft",21,21,18,0,10,0,2,13,0,0,21
"8441","Male","White",2008,94,"Theft",12,12,9,0,4,0,2,2,0,0,12
"8442","Male","Black",2009,94,"Theft",10,10,5,0,2,0,0,4,0,0,10
"8443","Female","Hispanic",2009,94,"Theft",1,1,1,0,0,0,0,0,0,0,1
"8444","Male","Hispanic",2009,94,"Theft",18,17,14,0,8,0,0,3,0,0,18
"8445","Female","White",2009,94,"Theft",5,3,3,0,3,0,0,0,0,0,5
"8446","Male","White",2009,94,"Theft",15,12,9,0,3,0,0,2,0,0,15
"8447","Male","Black",2010,94,"Theft",13,13,9,0,3,0,0,2,0,0,13
"8448","Male","Hispanic",2010,94,"Theft",9,9,9,0,0,0,0,0,0,0,9
"8449","Female","Other",2010,94,"Theft",1,1,1,0,0,0,0,0,0,0,1
"8450","Male","Other",2010,94,"Theft",1,1,0,0,0,0,0,0,0,0,1
"8451","Female","White",2010,94,"Theft",3,3,2,0,0,0,0,0,0,0,3
"8452","Male","White",2010,94,"Theft",9,9,8,0,1,0,0,2,0,0,9
"8453","Female","Black",2006,100,"Theft",5,5,3,0,3,0,0,3,0,0,5
"8454","Male","Black",2006,100,"Theft",58,49,45,0,33,2,14,31,0,0,58
"8455","Female","Hispanic",2006,100,"Theft",2,2,0,0,0,0,0,0,0,0,2
"8456","Male","Hispanic",2006,100,"Theft",8,6,5,0,3,0,0,2,0,0,8
"8457","Female","White",2006,100,"Theft",3,3,3,0,2,0,0,1,0,0,3
"8458","Male","White",2006,100,"Theft",13,12,8,0,5,0,0,3,0,0,13
"8459","Female","Black",2007,100,"Theft",2,1,1,0,1,0,0,1,0,0,2
"8460","Male","Black",2007,100,"Theft",49,46,41,0,28,0,2,22,0,0,49
"8461","Male","Hispanic",2007,100,"Theft",7,7,7,0,5,0,0,5,0,0,7
"8462","Male","White",2007,100,"Theft",7,6,6,0,4,0,0,4,0,0,7
"8463","Female","Black",2008,100,"Theft",2,2,0,0,2,0,1,2,0,0,2
"8464","Male","Black",2008,100,"Theft",46,43,41,0,23,0,2,31,0,0,46
"8465","Male","Hispanic",2008,100,"Theft",7,5,5,0,3,0,0,3,0,0,7
"8466","Female","White",2008,100,"Theft",2,1,1,0,0,0,0,1,0,0,2
"8467","Male","White",2008,100,"Theft",7,6,6,0,4,0,0,5,0,0,7
"8468","Male","Black",2009,100,"Theft",38,37,31,0,25,0,4,28,0,0,38
"8469","Male","Hispanic",2009,100,"Theft",8,8,8,1,5,1,1,8,0,0,8
"8470","Female","White",2009,100,"Theft",1,1,1,0,1,0,0,1,0,0,1
"8471","Male","White",2009,100,"Theft",8,6,8,0,7,0,0,3,0,0,8
"8472","Female","Black",2010,100,"Theft",2,2,2,0,1,0,0,1,0,0,2
"8473","Male","Black",2010,100,"Theft",27,26,21,0,12,0,0,16,0,0,27
"8474","Female","Hispanic",2010,100,"Theft",1,1,0,0,1,0,0,1,0,0,1
"8475","Male","Hispanic",2010,100,"Theft",4,4,3,0,1,0,0,3,0,0,4
"8476","Female","White",2010,100,"Theft",3,3,3,0,1,0,0,3,0,0,3
"8477","Male","White",2010,100,"Theft",10,9,9,0,7,0,0,7,0,0,10
"8478","Male","Black",2005,101,"Theft",5,5,5,0,2,1,0,2,0,0,5
"8479","Male","Hispanic",2005,101,"Theft",3,3,3,0,0,0,0,0,0,0,3
"8480","Female","Black",2006,101,"Theft",3,3,2,0,1,0,0,1,0,0,3
"8481","Male","Black",2006,101,"Theft",80,67,52,0,34,0,1,21,0,0,80
"8482","Female","Hispanic",2006,101,"Theft",1,0,0,0,0,0,0,0,0,0,1
"8483","Male","Hispanic",2006,101,"Theft",14,11,9,0,5,0,0,4,0,0,14
"8484","Unknown","Other",2006,101,"Theft",2,1,1,0,0,0,0,0,0,0,2
"8485","Male","White",2006,101,"Theft",1,1,1,0,0,0,0,0,0,0,1
"8486","Female","Black",2007,101,"Theft",3,1,0,0,0,0,0,0,0,0,3
"8487","Male","Black",2007,101,"Theft",87,77,51,0,35,0,1,26,0,0,87
"8488","Male","Hispanic",2007,101,"Theft",12,12,9,0,5,0,1,3,0,0,12
"8489","Male","White",2007,101,"Theft",5,4,4,0,3,0,0,0,0,0,5
"8490","Female","Black",2008,101,"Theft",5,5,5,0,5,0,2,3,0,0,5
"8491","Male","Black",2008,101,"Theft",65,56,40,0,31,0,6,24,0,0,65
"8492","Male","Hispanic",2008,101,"Theft",13,13,10,0,4,0,0,5,0,0,13
"8493","Male","White",2008,101,"Theft",7,6,4,0,2,0,0,0,0,0,7
"8494","Female","Black",2009,101,"Theft",4,4,3,0,2,0,0,1,0,0,4
"8495","Male","Black",2009,101,"Theft",55,47,37,0,21,0,0,31,0,0,55
"8496","Male","Hispanic",2009,101,"Theft",6,6,5,0,2,0,1,4,0,0,6
"8497","Male","Other",2009,101,"Theft",1,1,1,0,0,0,0,0,0,0,1
"8498","Male","White",2009,101,"Theft",1,1,1,0,1,0,0,1,0,0,1
"8499","Female","Black",2010,101,"Theft",4,3,1,0,2,0,0,0,0,0,4
"8500","Male","Black",2010,101,"Theft",84,78,37,0,35,0,1,23,0,0,84
"8501","Unknown","Black",2010,101,"Theft",1,1,0,0,0,0,0,0,0,0,1
"8502","Male","Hispanic",2010,101,"Theft",7,7,6,0,5,0,0,3,0,0,7
"8503","Male","Native",2010,101,"Theft",1,0,0,0,0,0,0,0,0,0,1
"8504","Male","Other",2010,101,"Theft",2,2,1,0,0,0,0,1,0,0,2
"8505","Unknown","Other",2010,101,"Theft",2,2,0,0,0,0,0,1,0,0,2
"8506","Female","Asian",2006,102,"Theft",1,1,1,0,1,0,0,1,0,0,1
"8507","Male","Asian",2006,102,"Theft",39,33,31,0,18,0,1,21,0,0,39
"8508","Female","Black",2006,102,"Theft",5,4,3,0,4,0,0,1,0,0,5
"8509","Male","Black",2006,102,"Theft",57,54,46,0,33,1,2,27,0,0,57
"8510","Female","Hispanic",2006,102,"Theft",5,5,5,0,4,0,0,4,0,0,5
"8511","Male","Hispanic",2006,102,"Theft",98,89,82,0,58,0,0,58,0,0,98
"8512","Male","Native",2006,102,"Theft",3,3,3,0,2,0,0,2,0,0,3
"8513","Unknown","Other",2006,102,"Theft",1,1,1,0,1,0,0,1,0,0,1
"8514","Male","White",2006,102,"Theft",29,27,23,0,17,0,0,12,0,0,29
"8515","Male","Asian",2007,102,"Theft",32,30,25,0,21,0,5,21,0,0,32
"8516","Female","Black",2007,102,"Theft",3,2,3,0,2,0,0,1,0,0,3
"8517","Male","Black",2007,102,"Theft",61,60,54,0,27,0,6,33,0,0,61
"8518","Female","Hispanic",2007,102,"Theft",14,11,12,0,6,0,0,5,0,0,14
"8519","Male","Hispanic",2007,102,"Theft",109,107,94,0,69,0,6,69,0,0,109
"8520","Male","Other",2007,102,"Theft",1,1,0,0,0,0,0,0,0,0,1
"8521","Female","White",2007,102,"Theft",4,3,2,0,2,0,0,2,0,0,4
"8522","Male","White",2007,102,"Theft",24,22,21,0,16,0,1,20,0,0,24
"8523","Female","Asian",2008,102,"Theft",6,6,6,0,4,0,1,4,0,0,6
"8524","Male","Asian",2008,102,"Theft",55,52,49,0,37,0,1,33,0,0,55
"8525","Female","Black",2008,102,"Theft",6,4,6,0,4,0,0,4,0,0,6
"8526","Male","Black",2008,102,"Theft",53,51,47,0,30,0,1,30,0,0,53
"8527","Female","Hispanic",2008,102,"Theft",11,10,6,0,3,0,0,4,0,0,11
"8528","Male","Hispanic",2008,102,"Theft",148,142,125,0,84,0,4,91,0,0,148
"8529","Male","Native",2008,102,"Theft",3,3,2,0,1,0,0,2,0,0,3
"8530","Male","Other",2008,102,"Theft",6,6,4,0,2,0,0,2,0,0,6
"8531","Unknown","Other",2008,102,"Theft",2,2,1,0,0,0,0,0,0,0,2
"8532","Female","White",2008,102,"Theft",5,4,4,0,0,0,0,1,0,0,5
"8533","Male","White",2008,102,"Theft",32,31,27,0,9,0,2,8,0,0,32
"8534","Unknown","White",2008,102,"Theft",1,1,1,0,1,0,0,1,0,0,1
"8535","Female","Asian",2009,102,"Theft",2,2,2,0,1,0,0,1,0,0,2
"8536","Male","Asian",2009,102,"Theft",70,67,62,0,48,0,3,44,0,0,70
"8537","Unknown","Asian",2009,102,"Theft",2,2,2,0,0,0,0,0,0,0,2
"8538","Female","Black",2009,102,"Theft",4,4,4,0,2,0,0,3,0,0,4
"8539","Male","Black",2009,102,"Theft",73,72,67,0,43,0,1,46,0,0,73
"8540","Unknown","Black",2009,102,"Theft",2,2,1,0,1,0,0,1,0,0,2
"8541","Female","Hispanic",2009,102,"Theft",9,8,8,0,5,0,0,4,0,0,9
"8542","Male","Hispanic",2009,102,"Theft",166,161,155,1,90,0,3,96,0,0,166
"8543","Unknown","Hispanic",2009,102,"Theft",1,1,1,0,1,0,0,1,0,0,1
"8544","Male","Native",2009,102,"Theft",5,5,4,0,2,0,0,2,0,0,5
"8545","Male","Other",2009,102,"Theft",16,16,12,0,8,0,0,9,0,0,16
"8546","Unknown","Other",2009,102,"Theft",4,3,3,0,2,0,0,2,0,0,4
"8547","Female","White",2009,102,"Theft",5,4,4,0,2,0,0,0,0,0,5
"8548","Male","White",2009,102,"Theft",37,37,35,0,16,0,1,17,0,0,37
"8549","Unknown","White",2009,102,"Theft",1,1,0,0,0,0,0,0,0,0,1
"8550","Female","Asian",2010,102,"Theft",1,1,1,0,1,0,0,1,0,0,1
"8551","Male","Asian",2010,102,"Theft",43,43,36,0,22,0,0,21,0,0,43
"8552","Female","Black",2010,102,"Theft",3,3,3,0,1,0,0,1,0,0,3
"8553","Male","Black",2010,102,"Theft",58,52,48,0,29,0,0,30,0,0,58
"8554","Female","Hispanic",2010,102,"Theft",8,8,7,0,2,0,0,2,0,0,8
"8555","Male","Hispanic",2010,102,"Theft",75,70,57,0,32,0,0,28,0,0,75
"8556","Male","Native",2010,102,"Theft",2,2,1,0,1,0,0,1,0,0,2
"8557","Female","Other",2010,102,"Theft",2,1,2,0,0,0,0,0,0,0,2
"8558","Male","Other",2010,102,"Theft",3,3,3,0,1,0,1,2,0,0,3
"8559","Unknown","Other",2010,102,"Theft",3,3,3,0,1,0,0,2,0,0,3
"8560","Female","White",2010,102,"Theft",4,3,4,0,2,0,0,2,0,0,4
"8561","Male","White",2010,102,"Theft",17,17,12,0,7,0,0,8,0,0,17
"8562","Male","Hispanic",2005,103,"Theft",1,1,0,0,1,0,0,1,0,0,1
"8563","Unknown","Hispanic",2005,103,"Theft",1,1,0,0,1,0,0,1,0,0,1
"8564","Female","Asian",2006,103,"Theft",2,1,1,0,1,0,0,1,0,0,2
"8565","Male","Asian",2006,103,"Theft",16,10,9,0,9,0,0,9,0,0,16
"8566","Female","Black",2006,103,"Theft",2,2,1,0,1,0,0,0,0,0,2
"8567","Male","Black",2006,103,"Theft",122,98,80,0,58,2,3,66,0,0,122
"8568","Unknown","Black",2006,103,"Theft",1,1,1,0,1,0,0,1,0,0,1
"8569","Male","Hispanic",2006,103,"Theft",37,32,25,0,13,0,1,15,0,0,37
"8570","Female","White",2006,103,"Theft",2,1,1,0,1,0,0,0,0,0,2
"8571","Male","White",2006,103,"Theft",3,3,3,0,1,0,0,2,0,0,3
"8572","Male","Asian",2007,103,"Theft",17,17,10,0,12,0,0,11,0,0,17
"8573","Female","Black",2007,103,"Theft",8,5,3,0,2,0,0,2,0,0,8
"8574","Male","Black",2007,103,"Theft",108,94,66,1,44,0,9,58,0,0,108
"8575","Unknown","Black",2007,103,"Theft",1,1,1,0,1,0,0,1,0,0,1
"8576","Male","Hispanic",2007,103,"Theft",30,27,25,0,13,0,0,16,0,0,30
"8577","Male","Native",2007,103,"Theft",5,4,3,0,2,0,0,5,0,0,5
"8578","Male","Other",2007,103,"Theft",2,2,2,0,0,0,1,2,0,0,2
"8579","Unknown","Other",2007,103,"Theft",1,1,1,0,0,0,0,0,0,0,1
"8580","Female","White",2007,103,"Theft",2,1,0,0,1,0,0,0,0,0,2
"8581","Male","White",2007,103,"Theft",6,5,4,0,0,0,0,0,0,0,6
"8582","Female","Asian",2008,103,"Theft",1,1,1,0,1,0,0,1,0,0,1
"8583","Male","Asian",2008,103,"Theft",5,4,4,0,3,0,0,2,0,0,5
"8584","Female","Black",2008,103,"Theft",6,6,3,0,3,0,0,2,0,0,6
"8585","Male","Black",2008,103,"Theft",155,127,107,0,81,0,10,83,0,0,155
"8586","Female","Hispanic",2008,103,"Theft",1,1,1,0,1,0,1,1,0,0,1
"8587","Male","Hispanic",2008,103,"Theft",40,37,29,0,25,0,5,29,0,0,40
"8588","Female","Native",2008,103,"Theft",1,1,1,0,1,0,0,1,0,0,1
"8589","Male","Native",2008,103,"Theft",2,2,2,0,0,0,0,1,0,0,2
"8590","Female","Other",2008,103,"Theft",1,1,1,0,1,0,0,0,0,0,1
"8591","Male","Other",2008,103,"Theft",2,2,2,0,0,0,0,2,0,0,2
"8592","Female","White",2008,103,"Theft",1,1,0,0,1,0,0,1,0,0,1
"8593","Male","White",2008,103,"Theft",4,1,2,0,2,0,0,1,0,0,4
"8594","Female","Asian",2009,103,"Theft",6,3,3,0,3,0,0,0,0,0,6
"8595","Male","Asian",2009,103,"Theft",5,5,3,0,1,0,0,1,0,0,5
"8596","Female","Black",2009,103,"Theft",26,19,20,0,10,0,0,10,0,0,26
"8597","Male","Black",2009,103,"Theft",185,163,138,0,103,0,7,105,0,0,185
"8598","Female","Hispanic",2009,103,"Theft",8,7,7,0,6,0,0,4,0,0,8
"8599","Male","Hispanic",2009,103,"Theft",55,47,38,1,31,0,1,31,0,0,55
"8600","Female","Native",2009,103,"Theft",2,1,1,0,1,0,0,0,0,0,2
"8601","Male","Native",2009,103,"Theft",3,3,2,0,1,0,0,2,0,0,3
"8602","Female","Other",2009,103,"Theft",2,1,2,0,1,0,0,1,0,0,2
"8603","Male","Other",2009,103,"Theft",4,4,4,0,4,0,1,3,0,0,4
"8604","Unknown","Other",2009,103,"Theft",2,0,2,0,1,0,0,1,0,0,2
"8605","Female","White",2009,103,"Theft",1,1,1,0,1,0,0,1,0,0,1
"8606","Male","White",2009,103,"Theft",7,6,6,0,3,0,0,2,0,0,7
"8607","Female","Asian",2010,103,"Theft",1,1,1,0,1,0,0,1,0,0,1
"8608","Male","Asian",2010,103,"Theft",7,6,6,0,5,0,0,5,0,0,7
"8609","Female","Black",2010,103,"Theft",28,23,23,0,13,0,1,12,0,0,28
"8610","Male","Black",2010,103,"Theft",137,118,87,0,56,0,2,67,0,0,137
"8611","Female","Hispanic",2010,103,"Theft",9,7,8,0,3,0,0,4,0,0,9
"8612","Male","Hispanic",2010,103,"Theft",25,25,18,0,10,0,0,17,0,0,25
"8613","Female","Other",2010,103,"Theft",2,2,1,0,2,0,0,1,0,0,2
"8614","Male","Other",2010,103,"Theft",5,5,4,0,2,0,0,3,0,0,5
"8615","Unknown","Other",2010,103,"Theft",2,1,1,0,1,0,0,1,0,0,2
"8616","Female","White",2010,103,"Theft",3,2,3,0,1,0,0,1,0,0,3
"8617","Male","White",2010,103,"Theft",2,0,1,0,0,0,0,0,0,0,2
"8618","Male","Asian",2006,104,"Theft",3,3,1,0,0,0,0,0,0,0,3
"8619","Female","Black",2006,104,"Theft",1,1,1,0,0,0,0,1,0,0,1
"8620","Male","Black",2006,104,"Theft",30,23,16,0,5,0,0,8,0,0,30
"8621","Female","Hispanic",2006,104,"Theft",3,3,2,0,0,0,0,0,0,0,3
"8622","Male","Hispanic",2006,104,"Theft",79,70,48,1,20,0,3,18,0,0,79
"8623","Male","Native",2006,104,"Theft",1,1,0,0,0,0,0,0,0,0,1
"8624","Male","Other",2006,104,"Theft",1,1,1,0,1,0,0,0,0,0,1
"8625","Female","White",2006,104,"Theft",3,2,2,0,2,0,0,1,0,0,3
"8626","Male","White",2006,104,"Theft",36,31,24,0,9,0,3,10,0,0,36
"8627","Unknown","White",2006,104,"Theft",1,1,0,0,0,0,0,0,0,0,1
"8628","Female","Black",2007,104,"Theft",1,1,0,0,0,0,0,0,0,0,1
"8629","Male","Black",2007,104,"Theft",14,13,9,0,2,0,0,2,0,0,14
"8630","Female","Hispanic",2007,104,"Theft",5,5,3,0,0,0,0,2,0,0,5
"8631","Male","Hispanic",2007,104,"Theft",61,54,33,0,17,0,1,14,0,0,61
"8632","Male","Native",2007,104,"Theft",1,1,0,0,0,0,0,0,0,0,1
"8633","Female","White",2007,104,"Theft",1,0,0,0,0,0,0,0,0,0,1
"8634","Male","White",2007,104,"Theft",41,39,19,0,16,0,0,10,0,0,41
"8635","Female","Black",2008,104,"Theft",1,1,0,0,0,0,0,1,0,0,1
"8636","Male","Black",2008,104,"Theft",16,16,8,0,3,0,0,4,0,0,16
"8637","Female","Hispanic",2008,104,"Theft",1,1,0,0,0,0,0,0,0,0,1
"8638","Male","Hispanic",2008,104,"Theft",70,70,42,0,9,0,2,15,0,0,70
"8639","Male","Other",2008,104,"Theft",2,2,0,0,0,0,0,0,0,0,2
"8640","Female","White",2008,104,"Theft",3,3,2,0,0,0,0,0,0,0,3
"8641","Male","White",2008,104,"Theft",24,24,15,0,5,0,1,5,0,0,24
"8642","Male","Asian",2009,104,"Theft",1,1,1,0,1,0,0,1,0,0,1
"8643","Female","Black",2009,104,"Theft",2,1,1,0,1,0,0,0,0,0,2
"8644","Male","Black",2009,104,"Theft",20,19,13,0,7,0,2,7,0,0,20
"8645","Female","Hispanic",2009,104,"Theft",4,4,4,0,1,0,0,2,0,0,4
"8646","Male","Hispanic",2009,104,"Theft",120,119,92,0,32,0,4,41,0,0,120
"8647","Male","Native",2009,104,"Theft",2,2,1,0,1,0,0,1,0,0,2
"8648","Female","White",2009,104,"Theft",1,1,1,0,0,0,0,0,0,0,1
"8649","Male","White",2009,104,"Theft",33,32,20,0,7,0,2,11,0,0,33
"8650","Female","Black",2010,104,"Theft",1,1,1,0,0,0,0,1,0,0,1
"8651","Male","Black",2010,104,"Theft",13,12,12,0,5,1,0,7,0,0,13
"8652","Male","Hispanic",2010,104,"Theft",63,62,51,0,14,0,1,17,0,0,63
"8653","Male","Other",2010,104,"Theft",2,2,1,0,0,0,0,1,0,0,2
"8654","Female","White",2010,104,"Theft",1,1,0,0,0,0,0,0,0,0,1
"8655","Male","White",2010,104,"Theft",27,27,22,0,6,0,0,8,0,0,27
"8656","Male","Black",2005,105,"Theft",1,1,0,0,0,0,0,1,0,0,1
"8657","Male","Asian",2006,105,"Theft",5,4,2,0,2,0,0,3,0,0,5
"8658","Unknown","Asian",2006,105,"Theft",1,1,1,0,1,0,0,1,0,0,1
"8659","Female","Black",2006,105,"Theft",4,3,3,0,4,0,0,1,0,0,4
"8660","Male","Black",2006,105,"Theft",97,94,67,0,35,3,4,40,0,0,97
"8661","Unknown","Black",2006,105,"Theft",1,1,1,0,0,0,0,0,0,0,1
"8662","Male","Hispanic",2006,105,"Theft",13,11,9,0,7,0,0,7,0,0,13
"8663","Male","Native",2006,105,"Theft",1,1,1,0,0,0,0,0,0,0,1
"8664","Male","Other",2006,105,"Theft",5,2,2,0,0,0,0,0,0,0,5
"8665","Unknown","Other",2006,105,"Theft",6,4,2,0,1,1,1,1,0,0,6
"8666","Male","White",2006,105,"Theft",5,5,3,0,1,0,0,1,0,0,5
"8667","Male","Asian",2007,105,"Theft",8,5,5,0,3,0,2,3,0,0,8
"8668","Female","Black",2007,105,"Theft",3,3,3,0,1,0,0,2,0,0,3
"8669","Male","Black",2007,105,"Theft",72,64,48,0,25,0,5,23,0,0,72
"8670","Unknown","Black",2007,105,"Theft",1,1,0,0,0,0,0,0,0,0,1
"8671","Male","Hispanic",2007,105,"Theft",17,16,13,0,8,0,2,6,0,0,17
"8672","Male","Native",2007,105,"Theft",1,0,0,0,0,0,0,0,0,0,1
"8673","Unknown","Other",2007,105,"Theft",1,1,1,0,0,0,0,0,0,0,1
"8674","Male","White",2007,105,"Theft",12,11,7,0,5,0,1,5,0,0,12
"8675","Female","Asian",2008,105,"Theft",1,1,0,0,0,0,0,0,0,0,1
"8676","Male","Asian",2008,105,"Theft",13,13,9,0,6,0,0,2,0,0,13
"8677","Female","Black",2008,105,"Theft",8,7,3,0,3,0,1,3,0,0,8
"8678","Male","Black",2008,105,"Theft",112,101,75,0,42,0,8,48,0,0,112
"8679","Unknown","Black",2008,105,"Theft",1,1,0,0,1,0,1,1,0,0,1
"8680","Female","Hispanic",2008,105,"Theft",4,3,2,0,1,0,0,1,0,0,4
"8681","Male","Hispanic",2008,105,"Theft",16,13,9,0,6,0,0,9,0,0,16
"8682","Male","Native",2008,105,"Theft",1,1,1,0,0,0,0,0,0,0,1
"8683","Male","Other",2008,105,"Theft",5,5,4,0,2,0,0,2,0,0,5
"8684","Unknown","Other",2008,105,"Theft",7,7,4,0,0,0,0,0,0,0,7
"8685","Male","White",2008,105,"Theft",11,10,7,0,3,0,0,3,0,0,11
"8686","Female","Asian",2009,105,"Theft",5,0,0,0,1,0,0,0,0,0,5
"8687","Male","Asian",2009,105,"Theft",21,20,11,0,11,0,0,6,0,0,21
"8688","Female","Black",2009,105,"Theft",8,8,7,0,6,0,0,6,0,0,8
"8689","Male","Black",2009,105,"Theft",242,224,169,0,104,0,3,92,0,0,242
"8690","Female","Hispanic",2009,105,"Theft",6,3,1,0,2,0,0,1,0,0,6
"8691","Male","Hispanic",2009,105,"Theft",37,34,15,0,13,0,0,9,0,0,37
"8692","Female","Other",2009,105,"Theft",3,2,0,0,0,0,0,0,0,0,3
"8693","Male","Other",2009,105,"Theft",8,4,4,0,1,0,0,0,0,0,8
"8694","Female","White",2009,105,"Theft",4,3,1,0,1,0,0,0,0,0,4
"8695","Male","White",2009,105,"Theft",23,16,10,0,4,0,0,5,0,0,23
"8696","Female","Asian",2010,105,"Theft",2,2,2,0,2,0,0,2,0,0,2
"8697","Male","Asian",2010,105,"Theft",4,3,1,0,1,0,0,1,0,0,4
"8698","Female","Black",2010,105,"Theft",12,10,9,0,4,0,1,4,0,0,12
"8699","Male","Black",2010,105,"Theft",156,141,115,1,70,0,1,55,0,0,156
"8700","Unknown","Black",2010,105,"Theft",1,1,1,0,0,0,0,0,0,0,1
"8701","Male","Hispanic",2010,105,"Theft",16,14,7,0,4,0,0,3,0,0,16
"8702","Unknown","Hispanic",2010,105,"Theft",1,1,1,0,1,0,0,1,0,0,1
"8703","Male","Native",2010,105,"Theft",2,2,1,0,0,0,0,0,0,0,2
"8704","Female","Other",2010,105,"Theft",1,0,0,0,0,0,0,0,0,0,1
"8705","Male","Other",2010,105,"Theft",1,1,1,0,0,0,0,0,0,0,1
"8706","Female","White",2010,105,"Theft",1,1,0,0,1,0,0,0,0,0,1
"8707","Male","White",2010,105,"Theft",8,8,4,0,1,0,0,1,0,0,8
"8708","Male","Hispanic",2005,106,"Theft",1,1,1,0,1,0,0,1,0,0,1
"8709","Female","Asian",2006,106,"Theft",1,0,1,0,0,0,0,0,0,0,1
"8710","Male","Asian",2006,106,"Theft",40,27,23,0,8,0,1,6,0,0,40
"8711","Female","Black",2006,106,"Theft",3,3,3,0,0,0,0,3,0,0,3
"8712","Male","Black",2006,106,"Theft",76,65,48,0,20,0,12,25,0,0,76
"8713","Female","Hispanic",2006,106,"Theft",5,5,4,0,4,0,0,3,0,0,5
"8714","Male","Hispanic",2006,106,"Theft",48,42,31,0,19,0,0,16,0,0,48
"8715","Male","Native",2006,106,"Theft",1,0,0,0,0,0,0,0,0,0,1
"8716","Female","White",2006,106,"Theft",3,2,3,0,1,0,0,0,0,0,3
"8717","Male","White",2006,106,"Theft",21,19,18,0,5,0,5,6,0,0,21
"8718","Female","Asian",2007,106,"Theft",3,0,2,0,2,0,0,0,0,0,3
"8719","Male","Asian",2007,106,"Theft",37,28,20,0,7,0,0,1,0,0,37
"8720","Female","Black",2007,106,"Theft",4,4,4,0,1,0,0,1,0,0,4
"8721","Male","Black",2007,106,"Theft",84,74,69,0,22,1,6,27,0,0,84
"8722","Unknown","Black",2007,106,"Theft",1,0,0,0,0,0,0,0,0,0,1
"8723","Female","Hispanic",2007,106,"Theft",3,3,2,0,0,0,0,1,0,0,3
"8724","Male","Hispanic",2007,106,"Theft",54,48,43,0,16,0,1,10,0,0,54
"8725","Male","Other",2007,106,"Theft",3,2,0,0,0,0,0,0,0,0,3
"8726","Male","White",2007,106,"Theft",36,28,25,0,16,0,0,11,0,0,36
"8727","Male","Asian",2008,106,"Theft",45,45,36,0,12,0,1,8,0,0,45
"8728","Female","Black",2008,106,"Theft",5,4,3,0,2,0,0,0,0,0,5
"8729","Male","Black",2008,106,"Theft",70,68,56,0,24,1,6,18,0,0,70
"8730","Male","Hispanic",2008,106,"Theft",43,41,35,0,10,0,1,5,0,0,43
"8731","Male","Native",2008,106,"Theft",2,2,2,0,0,0,0,0,0,0,2
"8732","Male","White",2008,106,"Theft",29,29,19,0,2,0,0,4,0,0,29
"8733","Female","Asian",2009,106,"Theft",1,0,0,0,0,0,0,0,0,0,1
"8734","Male","Asian",2009,106,"Theft",51,45,35,0,7,0,1,7,0,0,51
"8735","Female","Black",2009,106,"Theft",3,1,0,0,0,0,0,0,0,0,3
"8736","Male","Black",2009,106,"Theft",66,66,49,0,13,0,5,19,0,0,66
"8737","Female","Hispanic",2009,106,"Theft",2,2,2,0,2,0,0,1,0,0,2
"8738","Male","Hispanic",2009,106,"Theft",46,42,37,0,5,0,1,6,0,0,46
"8739","Male","Native",2009,106,"Theft",1,1,1,0,0,0,0,0,0,0,1
"8740","Male","Other",2009,106,"Theft",5,5,3,0,1,0,0,1,0,0,5
"8741","Female","White",2009,106,"Theft",1,1,0,0,0,0,0,0,0,0,1
"8742","Male","White",2009,106,"Theft",23,22,16,0,4,0,0,3,0,0,23
"8743","Unknown","White",2009,106,"Theft",1,1,1,0,0,0,0,0,0,0,1
"8744","Female","Asian",2010,106,"Theft",2,2,1,0,0,0,0,0,0,0,2
"8745","Male","Asian",2010,106,"Theft",31,25,18,0,5,0,0,4,0,0,31
"8746","Female","Black",2010,106,"Theft",5,5,4,0,0,0,0,0,0,0,5
"8747","Male","Black",2010,106,"Theft",50,44,32,0,13,0,1,10,0,0,50
"8748","Female","Hispanic",2010,106,"Theft",2,2,2,0,2,0,0,2,0,0,2
"8749","Male","Hispanic",2010,106,"Theft",29,27,19,0,5,0,0,4,0,0,29
"8750","Male","Other",2010,106,"Theft",2,2,2,0,1,0,0,1,0,0,2
"8751","Female","White",2010,106,"Theft",1,1,1,0,0,0,0,0,0,0,1
"8752","Male","White",2010,106,"Theft",9,9,5,0,0,0,0,1,0,0,9
"8753","Male","Black",2005,107,"Theft",1,1,1,0,0,0,0,0,0,0,1
"8754","Female","Asian",2006,107,"Theft",1,1,1,0,0,0,0,0,0,0,1
"8755","Male","Asian",2006,107,"Theft",10,9,8,0,2,0,0,3,0,0,10
"8756","Female","Black",2006,107,"Theft",2,2,2,0,2,0,1,1,0,0,2
"8757","Male","Black",2006,107,"Theft",52,49,45,0,19,1,4,25,0,0,52
"8758","Male","Hispanic",2006,107,"Theft",21,19,17,0,8,0,0,6,0,0,21
"8759","Male","Native",2006,107,"Theft",1,1,1,0,0,0,0,0,0,0,1
"8760","Unknown","Native",2006,107,"Theft",1,1,1,0,0,0,0,0,0,0,1
"8761","Male","Other",2006,107,"Theft",4,4,4,0,1,0,0,1,0,0,4
"8762","Unknown","Other",2006,107,"Theft",3,2,3,0,0,0,0,1,0,0,3
"8763","Female","White",2006,107,"Theft",4,4,2,0,2,0,2,2,0,0,4
"8764","Male","White",2006,107,"Theft",13,10,10,0,4,0,0,3,0,0,13
"8765","Unknown","White",2006,107,"Theft",1,1,0,0,0,0,0,0,0,0,1
"8766","Male","Asian",2007,107,"Theft",4,4,4,0,2,0,0,1,0,0,4
"8767","Female","Black",2007,107,"Theft",4,4,4,0,2,0,1,4,0,0,4
"8768","Male","Black",2007,107,"Theft",37,36,29,0,25,0,5,22,0,0,37
"8769","Female","Hispanic",2007,107,"Theft",2,2,1,0,2,0,0,0,0,0,2
"8770","Male","Hispanic",2007,107,"Theft",36,33,30,0,22,0,1,23,0,0,36
"8771","Male","Native",2007,107,"Theft",5,4,4,0,2,0,0,3,0,0,5
"8772","Male","Other",2007,107,"Theft",1,1,1,0,0,0,0,1,0,0,1
"8773","Unknown","Other",2007,107,"Theft",2,2,2,0,1,0,0,0,0,0,2
"8774","Female","White",2007,107,"Theft",1,1,0,0,0,0,0,1,0,0,1
"8775","Male","White",2007,107,"Theft",9,8,9,0,6,0,0,6,0,0,9
"8776","Unknown","White",2007,107,"Theft",1,1,1,0,0,0,0,1,0,0,1
"8777","Male","Asian",2008,107,"Theft",8,8,6,0,4,0,0,5,0,0,8
"8778","Female","Black",2008,107,"Theft",3,2,2,0,2,0,0,1,0,0,3
"8779","Male","Black",2008,107,"Theft",45,41,32,1,25,0,1,25,0,0,45
"8780","Female","Hispanic",2008,107,"Theft",3,2,3,0,2,0,0,2,0,0,3
"8781","Male","Hispanic",2008,107,"Theft",29,27,22,0,18,0,1,20,0,0,29
"8782","Male","Native",2008,107,"Theft",3,3,3,0,3,0,0,3,0,0,3
"8783","Male","Other",2008,107,"Theft",1,1,1,0,1,0,0,1,0,0,1
"8784","Male","White",2008,107,"Theft",13,11,9,1,9,0,0,7,0,0,13
"8785","Male","Asian",2009,107,"Theft",10,10,9,0,5,0,2,3,0,0,10
"8786","Female","Black",2009,107,"Theft",5,4,5,0,4,0,0,3,0,0,5
"8787","Male","Black",2009,107,"Theft",65,64,52,0,27,0,6,30,0,0,65
"8788","Female","Hispanic",2009,107,"Theft",1,1,1,0,1,0,0,1,0,0,1
"8789","Male","Hispanic",2009,107,"Theft",30,28,26,0,12,0,3,13,0,0,30
"8790","Male","Native",2009,107,"Theft",3,3,3,0,2,0,1,3,0,0,3
"8791","Male","Other",2009,107,"Theft",1,1,1,0,1,0,0,1,0,0,1
"8792","Female","White",2009,107,"Theft",2,2,1,0,2,0,0,1,0,0,2
"8793","Male","White",2009,107,"Theft",13,13,9,0,6,0,2,9,0,0,13
"8794","Male","Asian",2010,107,"Theft",4,4,3,0,2,0,0,1,0,0,4
"8795","Male","Black",2010,107,"Theft",37,36,28,0,24,0,3,16,0,0,37
"8796","Female","Hispanic",2010,107,"Theft",4,4,4,0,3,0,0,0,0,0,4
"8797","Male","Hispanic",2010,107,"Theft",17,17,14,0,4,0,0,10,0,0,17
"8798","Male","Native",2010,107,"Theft",3,3,3,0,3,0,0,3,0,0,3
"8799","Male","Other",2010,107,"Theft",2,2,2,0,0,0,0,1,0,0,2
"8800","Male","White",2010,107,"Theft",9,9,7,0,6,0,1,8,0,0,9
"8801","Male","Asian",2006,108,"Theft",3,2,2,0,0,0,0,0,0,0,3
"8802","Male","Black",2006,108,"Theft",10,8,7,0,2,0,1,3,0,0,10
"8803","Female","Hispanic",2006,108,"Theft",2,1,1,0,0,0,0,0,0,0,2
"8804","Male","Hispanic",2006,108,"Theft",54,44,39,0,11,0,0,8,0,0,54
"8805","Male","Other",2006,108,"Theft",1,0,1,0,0,0,0,0,0,0,1
"8806","Male","White",2006,108,"Theft",13,12,10,0,3,0,0,0,0,0,13
"8807","Male","Asian",2007,108,"Theft",20,15,15,0,3,0,0,1,0,0,20
"8808","Female","Black",2007,108,"Theft",3,2,2,0,1,0,0,1,0,0,3
"8809","Male","Black",2007,108,"Theft",28,28,23,0,9,0,0,7,0,0,28
"8810","Female","Hispanic",2007,108,"Theft",4,3,3,0,0,0,0,0,0,0,4
"8811","Male","Hispanic",2007,108,"Theft",99,77,72,0,13,0,0,20,0,0,99
"8812","Male","Other",2007,108,"Theft",1,1,1,0,0,0,0,0,0,0,1
"8813","Unknown","Other",2007,108,"Theft",1,1,1,0,0,0,0,1,0,0,1
"8814","Female","White",2007,108,"Theft",2,1,1,0,0,0,0,0,0,0,2
"8815","Male","White",2007,108,"Theft",17,14,13,0,1,0,0,1,0,0,17
"8816","Female","Asian",2008,108,"Theft",3,2,1,0,0,0,0,0,0,0,3
"8817","Male","Asian",2008,108,"Theft",22,21,18,0,12,0,0,0,0,0,22
"8818","Female","Black",2008,108,"Theft",6,6,5,0,3,0,0,1,0,0,6
"8819","Male","Black",2008,108,"Theft",29,29,26,0,10,0,1,4,0,0,29
"8820","Female","Hispanic",2008,108,"Theft",11,11,11,0,1,0,0,0,0,0,11
"8821","Male","Hispanic",2008,108,"Theft",66,58,45,0,13,0,2,12,0,0,66
"8822","Female","White",2008,108,"Theft",2,1,2,0,1,0,0,0,0,0,2
"8823","Male","White",2008,108,"Theft",18,18,12,0,5,0,1,5,0,0,18
"8824","Male","Asian",2009,108,"Theft",11,11,11,0,5,0,0,3,0,0,11
"8825","Female","Black",2009,108,"Theft",3,3,3,0,1,0,0,0,0,0,3
"8826","Male","Black",2009,108,"Theft",25,24,18,0,5,0,0,4,0,0,25
"8827","Female","Hispanic",2009,108,"Theft",2,2,2,0,0,0,0,0,0,0,2
"8828","Male","Hispanic",2009,108,"Theft",87,84,68,0,22,0,0,17,0,0,87
"8829","Female","White",2009,108,"Theft",1,1,1,0,1,0,0,0,0,0,1
"8830","Male","White",2009,108,"Theft",18,17,16,0,5,0,0,6,0,0,18
"8831","Male","Asian",2010,108,"Theft",9,9,7,0,1,0,0,1,0,0,9
"8832","Male","Black",2010,108,"Theft",15,14,15,0,4,0,1,2,0,0,15
"8833","Female","Hispanic",2010,108,"Theft",2,2,2,0,0,0,0,0,0,0,2
"8834","Male","Hispanic",2010,108,"Theft",41,39,32,0,8,0,0,16,0,0,41
"8835","Male","Other",2010,108,"Theft",1,1,1,0,0,0,0,0,0,0,1
"8836","Male","White",2010,108,"Theft",16,16,11,0,2,0,1,3,0,0,16
"8837","Female","Asian",2006,109,"Theft",7,7,7,0,6,0,0,7,0,0,7
"8838","Male","Asian",2006,109,"Theft",26,23,19,0,21,0,0,11,0,0,26
"8839","Female","Black",2006,109,"Theft",4,1,0,0,3,0,0,4,0,0,4
"8840","Male","Black",2006,109,"Theft",33,29,26,0,19,0,2,25,0,0,33
"8841","Female","Hispanic",2006,109,"Theft",3,2,1,0,3,0,0,2,0,0,3
"8842","Male","Hispanic",2006,109,"Theft",59,52,40,0,33,0,2,31,0,0,59
"8843","Male","Other",2006,109,"Theft",1,0,0,0,0,0,0,0,0,0,1
"8844","Female","White",2006,109,"Theft",4,3,2,0,3,0,0,2,0,0,4
"8845","Male","White",2006,109,"Theft",22,18,14,0,14,0,0,10,0,0,22
"8846","Female","Asian",2007,109,"Theft",4,2,2,0,2,0,0,2,0,0,4
"8847","Male","Asian",2007,109,"Theft",34,27,25,0,12,0,1,18,0,0,34
"8848","Female","Black",2007,109,"Theft",2,1,1,0,2,0,0,2,0,0,2
"8849","Male","Black",2007,109,"Theft",16,15,14,0,11,0,1,13,0,0,16
"8850","Female","Hispanic",2007,109,"Theft",5,2,2,0,5,0,0,3,0,0,5
"8851","Male","Hispanic",2007,109,"Theft",67,61,52,0,35,0,3,43,0,0,67
"8852","Male","Native",2007,109,"Theft",1,1,0,0,1,0,0,1,0,0,1
"8853","Female","Other",2007,109,"Theft",2,1,1,0,2,0,0,2,0,0,2
"8854","Male","Other",2007,109,"Theft",2,2,2,0,1,0,0,1,0,0,2
"8855","Unknown","Other",2007,109,"Theft",1,1,1,0,1,0,0,1,0,0,1
"8856","Female","White",2007,109,"Theft",7,6,6,0,6,0,0,2,0,0,7
"8857","Male","White",2007,109,"Theft",27,25,22,0,21,0,2,16,0,0,27
"8858","Male","Asian",2008,109,"Theft",20,16,15,0,10,0,1,11,0,0,20
"8859","Female","Black",2008,109,"Theft",11,11,9,0,3,0,0,3,0,0,11
"8860","Male","Black",2008,109,"Theft",26,25,23,0,12,0,0,14,0,0,26
"8861","Female","Hispanic",2008,109,"Theft",4,4,2,0,2,0,0,2,0,0,4
"8862","Male","Hispanic",2008,109,"Theft",92,90,66,0,48,0,5,63,0,0,92
"8863","Female","Other",2008,109,"Theft",1,1,0,0,0,0,0,0,0,0,1
"8864","Male","Other",2008,109,"Theft",2,2,1,0,1,0,0,1,0,0,2
"8865","Unknown","Other",2008,109,"Theft",1,1,0,0,0,0,0,0,0,0,1
"8866","Female","White",2008,109,"Theft",3,3,1,0,2,0,0,3,0,0,3
"8867","Male","White",2008,109,"Theft",30,26,27,0,18,0,1,14,0,0,30
"8868","Unknown","White",2008,109,"Theft",1,1,0,0,0,0,0,0,0,0,1
"8869","Female","Asian",2009,109,"Theft",4,3,2,0,1,0,0,1,0,0,4
"8870","Male","Asian",2009,109,"Theft",28,22,16,0,8,0,0,10,0,0,28
"8871","Female","Black",2009,109,"Theft",1,1,1,0,1,0,0,1,0,0,1
"8872","Male","Black",2009,109,"Theft",42,39,31,0,16,0,0,21,0,0,42
"8873","Female","Hispanic",2009,109,"Theft",5,5,3,0,4,0,0,3,0,0,5
"8874","Male","Hispanic",2009,109,"Theft",76,72,49,0,33,0,3,44,0,0,76
"8875","Male","Other",2009,109,"Theft",1,1,1,0,0,0,0,1,0,0,1
"8876","Female","White",2009,109,"Theft",1,1,0,0,0,0,0,0,0,0,1
"8877","Male","White",2009,109,"Theft",21,20,17,0,12,0,0,10,0,0,21
"8878","Female","Asian",2010,109,"Theft",2,2,2,0,1,0,0,1,0,0,2
"8879","Male","Asian",2010,109,"Theft",11,10,5,0,3,0,0,4,0,0,11
"8880","Male","Black",2010,109,"Theft",17,16,11,0,7,0,0,9,0,0,17
"8881","Female","Hispanic",2010,109,"Theft",1,1,1,0,0,0,0,1,0,0,1
"8882","Male","Hispanic",2010,109,"Theft",26,23,14,0,15,0,0,15,0,0,26
"8883","Male","Native",2010,109,"Theft",1,1,1,0,1,0,0,0,0,0,1
"8884","Male","Other",2010,109,"Theft",4,4,4,0,1,0,0,1,0,0,4
"8885","Female","White",2010,109,"Theft",2,0,0,0,2,0,0,2,0,0,2
"8886","Male","White",2010,109,"Theft",13,11,9,0,4,0,0,7,0,0,13
"8887","Male","Asian",2005,110,"Theft",1,1,1,0,0,0,0,0,0,0,1
"8888","Female","Hispanic",2005,110,"Theft",1,1,1,0,0,0,0,0,0,0,1
"8889","Male","Hispanic",2005,110,"Theft",7,7,6,0,2,0,0,0,0,0,7
"8890","Male","Asian",2006,110,"Theft",16,16,12,0,12,0,1,7,0,0,16
"8891","Female","Black",2006,110,"Theft",2,2,2,0,1,0,0,0,0,0,2
"8892","Male","Black",2006,110,"Theft",31,30,27,0,16,1,0,12,0,0,31
"8893","Female","Hispanic",2006,110,"Theft",10,9,8,0,6,0,0,2,0,0,10
"8894","Male","Hispanic",2006,110,"Theft",161,159,122,0,48,0,5,61,0,0,161
"8895","Unknown","Other",2006,110,"Theft",4,3,3,0,3,0,0,2,0,0,4
"8896","Female","White",2006,110,"Theft",2,1,1,0,2,0,0,2,0,0,2
"8897","Male","White",2006,110,"Theft",10,10,7,0,3,0,0,3,0,0,10
"8898","Male","Asian",2007,110,"Theft",6,6,3,0,3,0,0,4,0,0,6
"8899","Female","Black",2007,110,"Theft",6,5,5,0,0,0,0,4,0,0,6
"8900","Male","Black",2007,110,"Theft",26,26,20,0,12,0,4,18,0,0,26
"8901","Unknown","Black",2007,110,"Theft",1,1,1,0,0,0,0,0,0,0,1
"8902","Female","Hispanic",2007,110,"Theft",5,5,5,0,3,0,0,2,0,0,5
"8903","Male","Hispanic",2007,110,"Theft",153,149,119,1,64,0,4,71,0,0,153
"8904","Unknown","Hispanic",2007,110,"Theft",2,2,2,0,0,0,0,0,0,0,2
"8905","Male","Native",2007,110,"Theft",1,1,1,0,1,0,0,0,0,0,1
"8906","Female","Other",2007,110,"Theft",1,1,1,0,1,0,0,1,0,0,1
"8907","Male","Other",2007,110,"Theft",1,1,1,0,0,0,0,1,0,0,1
"8908","Unknown","Other",2007,110,"Theft",3,3,3,0,1,0,0,2,0,0,3
"8909","Male","White",2007,110,"Theft",7,7,6,0,4,0,0,5,0,0,7
"8910","Male","Asian",2008,110,"Theft",2,2,2,0,2,0,0,2,0,0,2
"8911","Female","Black",2008,110,"Theft",5,5,0,0,0,0,0,0,0,0,5
"8912","Male","Black",2008,110,"Theft",17,17,15,0,8,0,0,8,0,0,17
"8913","Female","Hispanic",2008,110,"Theft",8,5,3,0,0,0,0,0,0,0,8
"8914","Male","Hispanic",2008,110,"Theft",111,109,85,0,36,0,1,50,0,0,111
"8915","Male","Native",2008,110,"Theft",2,2,0,0,0,0,0,0,0,0,2
"8916","Unknown","Other",2008,110,"Theft",1,1,1,0,1,0,0,0,0,0,1
"8917","Male","White",2008,110,"Theft",9,9,8,0,5,0,0,6,0,0,9
"8918","Male","Asian",2009,110,"Theft",2,2,2,0,1,0,0,2,0,0,2
"8919","Female","Black",2009,110,"Theft",4,4,3,0,0,0,0,1,0,0,4
"8920","Male","Black",2009,110,"Theft",15,14,9,0,6,0,0,5,0,0,15
"8921","Female","Hispanic",2009,110,"Theft",8,8,4,0,2,0,0,3,0,0,8
"8922","Male","Hispanic",2009,110,"Theft",163,163,129,0,50,0,2,75,0,0,163
"8923","Male","Native",2009,110,"Theft",1,1,1,0,1,0,0,0,0,0,1
"8924","Male","Other",2009,110,"Theft",1,1,1,0,0,0,0,0,0,0,1
"8925","Unknown","Other",2009,110,"Theft",1,1,0,0,0,0,0,1,0,0,1
"8926","Female","White",2009,110,"Theft",1,1,0,0,0,0,0,0,0,0,1
"8927","Male","White",2009,110,"Theft",8,8,8,0,3,0,0,2,0,0,8
"8928","Female","Asian",2010,110,"Theft",1,1,1,0,0,0,0,0,0,0,1
"8929","Male","Asian",2010,110,"Theft",8,7,7,0,4,0,0,5,0,0,8
"8930","Male","Black",2010,110,"Theft",26,24,12,0,5,0,0,8,0,0,26
"8931","Female","Hispanic",2010,110,"Theft",2,2,2,0,1,0,0,1,0,0,2
"8932","Male","Hispanic",2010,110,"Theft",111,106,77,0,53,0,0,58,0,0,111
"8933","Male","Native",2010,110,"Theft",1,1,0,0,0,0,0,1,0,0,1
"8934","Male","Other",2010,110,"Theft",1,1,1,0,0,0,0,1,0,0,1
"8935","Male","White",2010,110,"Theft",8,7,5,0,4,0,0,4,0,0,8
"8936","Female","Asian",2006,111,"Theft",1,1,0,0,0,0,0,0,0,0,1
"8937","Male","Asian",2006,111,"Theft",11,8,6,0,3,0,0,1,0,0,11
"8938","Female","Black",2006,111,"Theft",4,4,0,0,0,0,0,0,0,0,4
"8939","Male","Black",2006,111,"Theft",32,28,25,0,5,0,0,4,0,0,32
"8940","Female","Hispanic",2006,111,"Theft",2,0,2,0,1,0,0,0,0,0,2
"8941","Male","Hispanic",2006,111,"Theft",43,39,35,0,7,0,0,3,0,0,43
"8942","Male","Other",2006,111,"Theft",4,3,2,0,1,0,0,1,0,0,4
"8943","Female","White",2006,111,"Theft",1,1,1,0,0,0,0,0,0,0,1
"8944","Male","White",2006,111,"Theft",33,30,31,0,4,0,0,5,0,0,33
"8945","Male","Asian",2007,111,"Theft",20,20,8,0,1,0,0,1,0,0,20
"8946","Female","Black",2007,111,"Theft",1,1,0,0,0,0,0,0,0,0,1
"8947","Male","Black",2007,111,"Theft",44,43,24,0,11,0,5,10,0,0,44
"8948","Female","Hispanic",2007,111,"Theft",3,2,1,0,0,0,1,0,0,0,3
"8949","Male","Hispanic",2007,111,"Theft",44,41,22,0,4,0,3,4,0,0,44
"8950","Male","Native",2007,111,"Theft",1,1,0,0,0,0,0,0,0,0,1
"8951","Female","Other",2007,111,"Theft",1,1,1,0,1,0,0,1,0,0,1
"8952","Male","Other",2007,111,"Theft",4,4,2,0,1,0,0,1,0,0,4
"8953","Female","White",2007,111,"Theft",3,2,1,0,0,0,0,0,0,0,3
"8954","Male","White",2007,111,"Theft",36,34,21,0,1,0,0,1,0,0,36
"8955","Female","Asian",2008,111,"Theft",2,2,0,0,0,0,0,0,0,0,2
"8956","Male","Asian",2008,111,"Theft",38,36,25,0,2,0,0,2,0,0,38
"8957","Female","Black",2008,111,"Theft",2,2,2,0,0,0,0,0,0,0,2
"8958","Male","Black",2008,111,"Theft",42,42,32,0,7,0,0,8,0,0,42
"8959","Female","Hispanic",2008,111,"Theft",1,1,0,0,0,0,0,0,0,0,1
"8960","Male","Hispanic",2008,111,"Theft",38,38,27,0,17,0,5,14,0,0,38
"8961","Male","Other",2008,111,"Theft",4,4,2,0,0,0,0,2,0,0,4
"8962","Unknown","Other",2008,111,"Theft",1,1,1,0,0,0,0,0,0,0,1
"8963","Female","White",2008,111,"Theft",3,3,1,0,2,0,0,0,0,0,3
"8964","Male","White",2008,111,"Theft",43,43,27,0,8,0,0,9,0,0,43
"8965","Unknown","White",2008,111,"Theft",1,1,1,0,0,0,0,0,0,0,1
"8966","Male","Asian",2009,111,"Theft",22,22,15,0,5,0,0,4,0,0,22
"8967","Female","Black",2009,111,"Theft",2,2,2,0,1,0,1,1,0,0,2
"8968","Male","Black",2009,111,"Theft",40,39,26,0,11,0,2,6,0,0,40
"8969","Female","Hispanic",2009,111,"Theft",1,1,1,0,0,0,0,0,0,0,1
"8970","Male","Hispanic",2009,111,"Theft",40,40,34,0,13,0,0,13,0,0,40
"8971","Unknown","Hispanic",2009,111,"Theft",1,1,1,0,0,0,0,1,0,0,1
"8972","Female","Native",2009,111,"Theft",1,1,1,0,1,0,0,1,0,0,1
"8973","Female","Other",2009,111,"Theft",2,2,1,0,0,0,0,0,0,0,2
"8974","Male","Other",2009,111,"Theft",5,5,2,0,0,0,0,1,0,0,5
"8975","Unknown","Other",2009,111,"Theft",2,2,2,0,0,0,0,0,0,0,2
"8976","Female","White",2009,111,"Theft",3,3,1,0,1,0,0,0,0,0,3
"8977","Male","White",2009,111,"Theft",41,40,31,0,8,0,1,9,0,0,41
"8978","Female","Asian",2010,111,"Theft",1,1,1,0,0,0,0,1,0,0,1
"8979","Male","Asian",2010,111,"Theft",11,11,9,0,1,0,0,1,0,0,11
"8980","Male","Black",2010,111,"Theft",24,23,21,0,6,0,1,6,0,0,24
"8981","Male","Hispanic",2010,111,"Theft",29,29,25,0,9,0,0,9,0,0,29
"8982","Male","Native",2010,111,"Theft",1,1,0,0,0,0,0,0,0,0,1
"8983","Male","Other",2010,111,"Theft",2,2,2,0,0,0,0,0,0,0,2
"8984","Female","White",2010,111,"Theft",1,1,1,0,1,0,0,1,0,0,1
"8985","Male","White",2010,111,"Theft",24,20,17,0,5,0,0,2,0,0,24
"8986","Male","Asian",2006,112,"Theft",7,6,5,0,0,0,0,0,0,0,7
"8987","Unknown","Asian",2006,112,"Theft",1,0,1,0,0,0,0,0,0,0,1
"8988","Female","Black",2006,112,"Theft",2,2,2,0,1,0,0,1,0,0,2
"8989","Male","Black",2006,112,"Theft",21,21,18,0,6,0,5,13,0,0,21
"8990","Female","Hispanic",2006,112,"Theft",1,1,1,0,0,0,0,0,0,0,1
"8991","Male","Hispanic",2006,112,"Theft",19,18,13,0,5,0,1,7,0,0,19
"8992","Male","Other",2006,112,"Theft",2,2,1,0,0,0,0,0,0,0,2
"8993","Unknown","Other",2006,112,"Theft",1,1,1,0,1,0,0,1,0,0,1
"8994","Female","White",2006,112,"Theft",1,1,1,0,0,0,0,0,0,0,1
"8995","Male","White",2006,112,"Theft",25,25,21,0,7,0,0,7,0,0,25
"8996","Unknown","White",2006,112,"Theft",1,0,1,0,1,0,0,0,0,0,1
"8997","Male","Asian",2007,112,"Theft",4,4,2,0,0,0,0,1,0,0,4
"8998","Male","Black",2007,112,"Theft",25,22,18,0,4,0,1,4,0,0,25
"8999","Male","Hispanic",2007,112,"Theft",24,23,17,0,5,0,0,9,0,0,24
"9000","Male","Native",2007,112,"Theft",1,1,1,0,0,0,0,0,0,0,1
"9001","Male","Other",2007,112,"Theft",5,5,3,0,1,0,0,1,0,0,5
"9002","Female","White",2007,112,"Theft",1,1,0,0,0,0,0,0,0,0,1
"9003","Male","White",2007,112,"Theft",38,33,30,0,12,0,0,15,0,0,38
"9004","Male","Asian",2008,112,"Theft",9,9,5,0,1,0,0,4,0,0,9
"9005","Female","Black",2008,112,"Theft",5,5,1,0,2,0,0,0,0,0,5
"9006","Male","Black",2008,112,"Theft",15,14,11,0,5,0,0,8,0,0,15
"9007","Unknown","Black",2008,112,"Theft",1,1,1,0,0,0,0,1,0,0,1
"9008","Male","Hispanic",2008,112,"Theft",33,28,21,0,10,0,0,8,0,0,33
"9009","Male","Other",2008,112,"Theft",3,3,3,0,2,0,0,3,0,0,3
"9010","Female","White",2008,112,"Theft",2,1,1,0,1,0,0,1,0,0,2
"9011","Male","White",2008,112,"Theft",31,31,17,0,3,0,0,8,0,0,31
"9012","Male","Asian",2009,112,"Theft",8,7,7,0,2,0,0,1,0,0,8
"9013","Female","Black",2009,112,"Theft",6,6,3,0,1,0,0,1,0,0,6
"9014","Male","Black",2009,112,"Theft",38,35,28,1,12,0,1,15,0,0,38
"9015","Unknown","Black",2009,112,"Theft",1,1,1,0,0,0,0,1,0,0,1
"9016","Female","Hispanic",2009,112,"Theft",4,4,1,0,4,0,0,3,0,0,4
"9017","Male","Hispanic",2009,112,"Theft",33,32,29,0,5,0,0,12,0,0,33
"9018","Unknown","Hispanic",2009,112,"Theft",1,1,1,0,0,0,0,1,0,0,1
"9019","Male","Native",2009,112,"Theft",4,4,2,0,0,0,0,0,0,0,4
"9020","Male","Other",2009,112,"Theft",1,1,1,0,0,0,0,0,0,0,1
"9021","Unknown","Other",2009,112,"Theft",3,3,2,0,2,0,0,2,0,0,3
"9022","Female","White",2009,112,"Theft",8,7,6,0,5,0,0,4,0,0,8
"9023","Male","White",2009,112,"Theft",70,67,62,0,24,0,0,26,0,0,70
"9024","Male","Asian",2010,112,"Theft",1,1,0,0,0,0,0,0,0,0,1
"9025","Male","Black",2010,112,"Theft",21,18,10,0,3,0,1,4,0,0,21
"9026","Female","Hispanic",2010,112,"Theft",1,1,1,0,0,0,0,0,0,0,1
"9027","Male","Hispanic",2010,112,"Theft",22,22,15,0,6,0,0,10,0,0,22
"9028","Male","Native",2010,112,"Theft",1,1,0,0,0,0,0,0,0,0,1
"9029","Male","Other",2010,112,"Theft",3,3,1,0,0,0,0,0,0,0,3
"9030","Unknown","Other",2010,112,"Theft",2,2,1,0,0,0,0,0,0,0,2
"9031","Female","White",2010,112,"Theft",4,4,3,0,1,0,0,0,0,0,4
"9032","Male","White",2010,112,"Theft",18,18,15,0,3,0,0,2,0,0,18
"9033","Unknown","White",2010,112,"Theft",1,1,0,0,0,0,0,0,0,0,1
"9034","Female","Black",2006,113,"Theft",12,11,11,0,6,0,0,7,0,0,12
"9035","Male","Black",2006,113,"Theft",97,93,89,0,54,0,0,59,0,0,97
"9036","Male","Hispanic",2006,113,"Theft",2,2,2,0,1,0,1,2,0,0,2
"9037","Female","White",2006,113,"Theft",1,1,1,0,1,0,0,1,0,0,1
"9038","Male","White",2006,113,"Theft",1,1,1,0,1,0,0,1,0,0,1
"9039","Male","Asian",2007,113,"Theft",4,4,4,0,2,0,1,3,0,0,4
"9040","Female","Black",2007,113,"Theft",13,12,10,0,10,0,0,10,0,0,13
"9041","Male","Black",2007,113,"Theft",125,120,103,0,74,0,7,78,0,0,125
"9042","Unknown","Black",2007,113,"Theft",2,2,2,0,1,0,1,1,0,0,2
"9043","Male","Hispanic",2007,113,"Theft",6,5,3,0,1,0,0,2,0,0,6
"9044","Unknown","Other",2007,113,"Theft",1,1,1,0,0,0,0,1,0,0,1
"9045","Male","White",2007,113,"Theft",1,1,1,0,0,0,0,1,0,0,1
"9046","Female","Asian",2008,113,"Theft",1,1,1,0,1,0,0,1,0,0,1
"9047","Male","Asian",2008,113,"Theft",2,2,2,0,0,0,0,0,0,0,2
"9048","Female","Black",2008,113,"Theft",17,16,15,0,12,0,3,10,0,0,17
"9049","Male","Black",2008,113,"Theft",186,170,140,1,89,1,9,99,0,0,186
"9050","Male","Hispanic",2008,113,"Theft",10,10,8,0,4,0,0,7,0,0,10
"9051","Male","Native",2008,113,"Theft",2,2,2,0,1,0,0,1,0,0,2
"9052","Female","Other",2008,113,"Theft",1,1,0,0,1,0,0,1,0,0,1
"9053","Male","Other",2008,113,"Theft",2,1,1,0,1,0,0,0,0,0,2
"9054","Unknown","Other",2008,113,"Theft",1,1,1,0,0,0,0,0,0,0,1
"9055","Female","White",2008,113,"Theft",2,2,2,0,0,0,0,1,0,0,2
"9056","Male","White",2008,113,"Theft",2,1,1,0,1,0,0,0,0,0,2
"9057","Male","Asian",2009,113,"Theft",5,5,3,0,2,0,0,3,0,0,5
"9058","Female","Black",2009,113,"Theft",12,12,9,0,10,0,1,7,0,0,12
"9059","Male","Black",2009,113,"Theft",144,131,119,0,97,0,19,102,0,0,144
"9060","Female","Hispanic",2009,113,"Theft",1,1,0,0,1,0,0,1,0,0,1
"9061","Male","Hispanic",2009,113,"Theft",7,5,3,0,1,0,1,3,0,0,7
"9062","Unknown","Other",2009,113,"Theft",2,1,1,0,0,0,0,0,0,0,2
"9063","Female","White",2009,113,"Theft",1,1,1,0,1,0,0,1,0,0,1
"9064","Male","Asian",2010,113,"Theft",5,5,4,0,2,0,0,2,0,0,5
"9065","Female","Black",2010,113,"Theft",9,5,4,0,3,0,0,2,0,0,9
"9066","Male","Black",2010,113,"Theft",114,105,82,0,50,0,6,60,0,0,114
"9067","Unknown","Black",2010,113,"Theft",2,1,1,0,1,0,0,1,0,0,2
"9068","Male","Hispanic",2010,113,"Theft",7,7,6,0,4,0,0,6,0,0,7
"9069","Female","Other",2010,113,"Theft",1,1,1,0,1,0,0,1,0,0,1
"9070","Male","Black",2005,114,"Theft",1,1,1,0,0,0,0,0,0,0,1
"9071","Male","Hispanic",2005,114,"Theft",1,1,1,0,1,0,0,0,0,0,1
"9072","Unknown","Other",2005,114,"Theft",1,1,1,0,1,0,0,1,0,0,1
"9073","Female","Asian",2006,114,"Theft",2,1,2,0,0,0,0,1,0,0,2
"9074","Male","Asian",2006,114,"Theft",13,8,7,0,3,0,0,2,0,0,13
"9075","Female","Black",2006,114,"Theft",4,3,3,0,2,0,0,2,0,0,4
"9076","Male","Black",2006,114,"Theft",80,71,51,0,32,0,9,41,0,0,80
"9077","Unknown","Black",2006,114,"Theft",3,2,1,0,0,0,0,2,0,0,3
"9078","Female","Hispanic",2006,114,"Theft",8,5,7,0,2,0,0,1,0,0,8
"9079","Male","Hispanic",2006,114,"Theft",96,79,56,1,39,0,1,47,0,0,96
"9080","Unknown","Hispanic",2006,114,"Theft",2,1,1,0,0,0,0,0,0,0,2
"9081","Male","Native",2006,114,"Theft",5,2,3,0,2,0,0,0,0,0,5
"9082","Male","Other",2006,114,"Theft",5,5,3,0,1,0,0,1,0,0,5
"9083","Unknown","Other",2006,114,"Theft",3,3,2,0,0,0,0,0,0,0,3
"9084","Female","White",2006,114,"Theft",8,7,6,0,2,0,0,4,0,0,8
"9085","Male","White",2006,114,"Theft",59,44,38,1,38,0,1,27,0,0,59
"9086","Male","Asian",2007,114,"Theft",8,8,6,0,4,0,0,7,0,0,8
"9087","Female","Black",2007,114,"Theft",4,2,2,0,0,0,0,2,0,0,4
"9088","Male","Black",2007,114,"Theft",72,68,57,0,28,0,0,34,0,0,72
"9089","Unknown","Black",2007,114,"Theft",2,2,2,0,1,0,0,2,0,0,2
"9090","Female","Hispanic",2007,114,"Theft",11,9,8,0,1,0,0,3,0,0,11
"9091","Male","Hispanic",2007,114,"Theft",96,86,76,0,41,0,3,53,0,0,96
"9092","Unknown","Hispanic",2007,114,"Theft",1,1,1,0,0,0,0,1,0,0,1
"9093","Male","Native",2007,114,"Theft",4,3,4,0,1,0,0,3,0,0,4
"9094","Female","Other",2007,114,"Theft",1,1,0,0,0,0,0,1,0,0,1
"9095","Male","Other",2007,114,"Theft",3,3,2,1,0,0,0,3,0,0,3
"9096","Unknown","Other",2007,114,"Theft",9,9,7,0,2,0,0,5,0,0,9
"9097","Female","White",2007,114,"Theft",7,6,5,0,4,0,0,4,0,0,7
"9098","Male","White",2007,114,"Theft",42,38,33,0,20,0,0,18,0,0,42
"9099","Female","Asian",2008,114,"Theft",1,1,1,0,0,0,0,1,0,0,1
"9100","Male","Asian",2008,114,"Theft",18,16,11,0,4,0,0,10,0,0,18
"9101","Female","Black",2008,114,"Theft",9,8,6,0,5,0,0,3,0,0,9
"9102","Male","Black",2008,114,"Theft",55,50,41,0,29,0,1,32,0,0,55
"9103","Female","Hispanic",2008,114,"Theft",9,7,5,0,7,0,3,5,0,0,9
"9104","Male","Hispanic",2008,114,"Theft",98,85,53,1,34,0,3,47,0,0,98
"9105","Male","Native",2008,114,"Theft",2,2,1,0,1,0,0,1,0,0,2
"9106","Male","Other",2008,114,"Theft",10,10,7,0,2,0,0,7,0,0,10
"9107","Unknown","Other",2008,114,"Theft",15,11,11,0,7,0,0,6,0,0,15
"9108","Female","White",2008,114,"Theft",3,3,3,0,1,0,0,2,0,0,3
"9109","Male","White",2008,114,"Theft",52,49,40,0,20,0,0,25,0,0,52
"9110","Female","Asian",2009,114,"Theft",1,1,1,0,1,0,0,1,0,0,1
"9111","Male","Asian",2009,114,"Theft",6,6,6,0,3,0,0,6,0,0,6
"9112","Female","Black",2009,114,"Theft",8,8,7,0,3,0,0,2,0,0,8
"9113","Male","Black",2009,114,"Theft",67,61,45,0,28,0,4,29,0,0,67
"9114","Unknown","Black",2009,114,"Theft",1,1,1,0,1,0,0,0,0,0,1
"9115","Female","Hispanic",2009,114,"Theft",3,2,2,0,2,0,0,2,0,0,3
"9116","Male","Hispanic",2009,114,"Theft",94,82,71,0,47,0,1,63,0,0,94
"9117","Unknown","Hispanic",2009,114,"Theft",1,1,1,0,0,0,0,0,0,0,1
"9118","Male","Native",2009,114,"Theft",4,1,4,0,3,0,0,1,0,0,4
"9119","Male","Other",2009,114,"Theft",3,3,1,0,1,0,0,2,0,0,3
"9120","Unknown","Other",2009,114,"Theft",7,6,6,0,2,0,0,3,0,0,7
"9121","Female","White",2009,114,"Theft",3,1,1,0,1,0,0,1,0,0,3
"9122","Male","White",2009,114,"Theft",48,41,37,0,25,0,0,25,0,0,48
"9123","Female","Asian",2010,114,"Theft",1,0,0,0,0,0,0,0,0,0,1
"9124","Male","Asian",2010,114,"Theft",8,7,3,0,0,0,0,1,0,0,8
"9125","Female","Black",2010,114,"Theft",8,6,4,0,3,0,0,2,0,0,8
"9126","Male","Black",2010,114,"Theft",22,20,18,0,3,0,0,8,0,0,22
"9127","Female","Hispanic",2010,114,"Theft",2,2,1,0,0,0,0,0,0,0,2
"9128","Male","Hispanic",2010,114,"Theft",46,45,36,0,11,0,0,15,0,0,46
"9129","Male","Native",2010,114,"Theft",1,1,1,0,0,0,0,1,0,0,1
"9130","Female","Other",2010,114,"Theft",1,1,1,0,0,0,0,0,0,0,1
"9131","Male","Other",2010,114,"Theft",4,4,4,0,1,0,0,2,0,0,4
"9132","Male","White",2010,114,"Theft",29,29,19,0,8,0,4,10,0,0,29
"9133","Male","Asian",2006,115,"Theft",9,9,7,0,2,0,0,4,0,0,9
"9134","Female","Black",2006,115,"Theft",1,1,1,0,1,0,0,1,0,0,1
"9135","Male","Black",2006,115,"Theft",19,17,14,0,6,1,0,12,0,0,19
"9136","Female","Hispanic",2006,115,"Theft",5,4,2,0,1,0,0,3,0,0,5
"9137","Male","Hispanic",2006,115,"Theft",75,67,32,0,14,0,6,34,0,0,75
"9138","Unknown","Other",2006,115,"Theft",3,2,2,0,1,0,0,2,0,0,3
"9139","Male","White",2006,115,"Theft",2,2,0,0,0,0,1,0,0,0,2
"9140","Male","Asian",2007,115,"Theft",6,6,5,0,1,0,0,3,0,0,6
"9141","Male","Black",2007,115,"Theft",19,17,15,0,7,0,1,5,0,0,19
"9142","Female","Hispanic",2007,115,"Theft",1,1,1,0,0,0,0,0,0,0,1
"9143","Male","Hispanic",2007,115,"Theft",88,84,51,0,29,0,1,32,0,0,88
"9144","Male","Native",2007,115,"Theft",2,2,1,0,0,0,0,0,0,0,2
"9145","Female","White",2007,115,"Theft",1,1,1,0,0,0,0,0,0,0,1
"9146","Male","White",2007,115,"Theft",5,4,3,0,2,0,0,1,0,0,5
"9147","Male","Asian",2008,115,"Theft",5,4,4,0,4,1,0,1,0,0,5
"9148","Male","Black",2008,115,"Theft",24,24,20,0,11,0,0,13,0,0,24
"9149","Female","Hispanic",2008,115,"Theft",5,5,3,0,2,0,1,3,0,0,5
"9150","Male","Hispanic",2008,115,"Theft",92,90,63,0,39,0,5,43,0,0,92
"9151","Male","Native",2008,115,"Theft",1,1,1,0,1,0,1,1,0,0,1
"9152","Male","White",2008,115,"Theft",6,5,5,0,3,0,0,3,0,0,6
"9153","Male","Asian",2009,115,"Theft",7,7,4,0,5,0,0,6,0,0,7
"9154","Female","Black",2009,115,"Theft",3,3,2,0,0,0,0,1,0,0,3
"9155","Male","Black",2009,115,"Theft",20,18,16,0,5,0,0,6,0,0,20
"9156","Female","Hispanic",2009,115,"Theft",8,8,6,0,4,0,0,8,0,0,8
"9157","Male","Hispanic",2009,115,"Theft",120,105,74,0,55,0,7,70,0,0,120
"9158","Male","Native",2009,115,"Theft",2,2,0,0,0,0,0,0,0,0,2
"9159","Male","Other",2009,115,"Theft",2,1,1,0,2,0,0,2,0,0,2
"9160","Female","White",2009,115,"Theft",2,2,2,0,0,0,0,2,0,0,2
"9161","Male","White",2009,115,"Theft",4,3,3,0,1,0,0,1,0,0,4
"9162","Male","Asian",2010,115,"Theft",2,2,2,0,1,0,0,1,0,0,2
"9163","Male","Black",2010,115,"Theft",12,10,10,0,6,1,1,7,0,0,12
"9164","Female","Hispanic",2010,115,"Theft",3,3,0,0,0,0,0,2,0,0,3
"9165","Male","Hispanic",2010,115,"Theft",81,74,55,1,42,1,0,53,0,0,81
"9166","Male","Other",2010,115,"Theft",2,2,1,0,0,0,0,2,0,0,2
"9167","Unknown","Other",2010,115,"Theft",1,0,1,0,1,0,0,0,0,0,1
"9168","Male","White",2010,115,"Theft",3,3,3,0,2,0,0,3,0,0,3
"9169","Male","Asian",2006,120,"Theft",2,2,2,0,2,0,0,0,0,0,2
"9170","Female","Black",2006,120,"Theft",8,7,6,0,4,0,2,5,0,0,8
"9171","Male","Black",2006,120,"Theft",96,79,57,0,46,0,8,53,0,0,96
"9172","Female","Hispanic",2006,120,"Theft",2,2,2,0,1,0,1,0,0,0,2
"9173","Male","Hispanic",2006,120,"Theft",36,32,28,0,18,0,6,23,0,0,36
"9174","Female","Other",2006,120,"Theft",2,1,2,0,2,0,0,1,0,0,2
"9175","Unknown","Other",2006,120,"Theft",3,3,3,0,2,0,0,1,0,0,3
"9176","Female","White",2006,120,"Theft",2,2,1,0,1,0,0,2,0,0,2
"9177","Male","White",2006,120,"Theft",31,24,27,0,16,0,0,19,0,0,31
"9178","Male","Asian",2007,120,"Theft",1,1,0,0,0,0,0,1,0,0,1
"9179","Female","Black",2007,120,"Theft",7,3,5,0,5,0,0,2,0,0,7
"9180","Male","Black",2007,120,"Theft",76,66,56,0,37,1,5,33,0,0,76
"9181","Female","Hispanic",2007,120,"Theft",1,1,0,0,0,0,0,1,0,0,1
"9182","Male","Hispanic",2007,120,"Theft",29,25,20,0,14,0,2,15,0,0,29
"9183","Female","Other",2007,120,"Theft",2,1,1,0,1,0,0,0,0,0,2
"9184","Male","Other",2007,120,"Theft",1,1,1,0,1,0,0,1,0,0,1
"9185","Female","White",2007,120,"Theft",3,3,2,0,1,0,0,1,0,0,3
"9186","Male","White",2007,120,"Theft",29,26,21,0,18,0,1,20,0,0,29
"9187","Male","Asian",2008,120,"Theft",2,1,2,0,0,0,0,0,0,0,2
"9188","Female","Black",2008,120,"Theft",18,16,12,0,5,0,0,5,0,0,18
"9189","Male","Black",2008,120,"Theft",140,139,96,0,61,0,10,74,0,0,140
"9190","Female","Hispanic",2008,120,"Theft",5,3,3,0,3,0,0,2,0,0,5
"9191","Male","Hispanic",2008,120,"Theft",56,52,37,0,31,0,0,29,0,0,56
"9192","Female","White",2008,120,"Theft",11,11,5,0,4,0,0,5,0,0,11
"9193","Male","White",2008,120,"Theft",40,35,28,0,20,0,0,21,0,0,40
"9194","Male","Asian",2009,120,"Theft",1,1,1,0,0,0,0,0,0,0,1
"9195","Female","Black",2009,120,"Theft",13,6,5,0,6,0,2,6,0,0,13
"9196","Male","Black",2009,120,"Theft",108,99,80,0,54,0,11,53,0,0,108
"9197","Female","Hispanic",2009,120,"Theft",11,10,11,0,8,0,0,5,0,0,11
"9198","Male","Hispanic",2009,120,"Theft",60,50,44,0,26,0,0,28,0,0,60
"9199","Male","Native",2009,120,"Theft",1,1,1,0,1,0,0,0,0,0,1
"9200","Male","Other",2009,120,"Theft",4,4,2,0,1,0,0,0,0,0,4
"9201","Female","White",2009,120,"Theft",4,4,3,0,2,0,0,2,0,0,4
"9202","Male","White",2009,120,"Theft",34,31,23,0,21,0,0,20,0,0,34
"9203","Male","Asian",2010,120,"Theft",2,1,1,0,1,0,1,1,0,0,2
"9204","Female","Black",2010,120,"Theft",5,5,2,0,4,0,0,4,0,0,5
"9205","Male","Black",2010,120,"Theft",69,66,42,1,36,0,5,32,0,0,69
"9206","Female","Hispanic",2010,120,"Theft",3,2,2,0,0,0,0,0,0,0,3
"9207","Male","Hispanic",2010,120,"Theft",43,39,23,0,18,0,8,25,0,0,43
"9208","Male","Other",2010,120,"Theft",1,1,0,0,0,0,0,1,0,0,1
"9209","Female","White",2010,120,"Theft",1,1,0,0,0,0,0,1,0,0,1
"9210","Male","White",2010,120,"Theft",15,15,14,0,8,0,1,11,0,0,15
"9211","Female","Black",2006,122,"Theft",4,0,3,0,3,0,0,0,0,0,4
"9212","Male","Black",2006,122,"Theft",26,23,20,0,15,0,0,1,0,0,26
"9213","Female","Hispanic",2006,122,"Theft",2,2,1,0,1,0,0,0,0,0,2
"9214","Male","Hispanic",2006,122,"Theft",14,12,10,0,4,0,0,2,0,0,14
"9215","Male","Native",2006,122,"Theft",3,3,0,0,0,0,0,1,0,0,3
"9216","Male","Other",2006,122,"Theft",2,2,2,0,1,0,0,0,0,0,2
"9217","Female","White",2006,122,"Theft",4,2,1,0,1,0,0,2,0,0,4
"9218","Male","White",2006,122,"Theft",47,37,32,0,19,0,0,10,0,0,47
"9219","Female","Black",2007,122,"Theft",4,3,3,0,3,0,0,1,0,0,4
"9220","Male","Black",2007,122,"Theft",16,14,13,0,6,0,1,4,0,0,16
"9221","Female","Hispanic",2007,122,"Theft",2,1,2,0,0,0,0,0,0,0,2
"9222","Male","Hispanic",2007,122,"Theft",13,13,11,0,5,0,1,4,0,0,13
"9223","Male","Other",2007,122,"Theft",7,7,5,0,6,0,0,3,0,0,7
"9224","Unknown","Other",2007,122,"Theft",3,2,2,0,2,0,0,1,0,0,3
"9225","Female","White",2007,122,"Theft",7,5,3,0,2,0,0,2,0,0,7
"9226","Male","White",2007,122,"Theft",46,40,36,0,26,1,1,19,0,0,46
"9227","Unknown","White",2007,122,"Theft",1,1,1,0,0,0,0,0,0,0,1
"9228","Male","Asian",2008,122,"Theft",1,1,1,0,1,0,0,1,0,0,1
"9229","Female","Black",2008,122,"Theft",2,2,0,0,0,0,0,1,0,0,2
"9230","Male","Black",2008,122,"Theft",21,20,11,0,6,0,0,8,0,0,21
"9231","Unknown","Black",2008,122,"Theft",1,1,0,0,1,0,0,1,0,0,1
"9232","Female","Hispanic",2008,122,"Theft",2,2,0,0,0,0,0,1,0,0,2
"9233","Male","Hispanic",2008,122,"Theft",22,19,11,0,5,0,1,8,0,0,22
"9234","Unknown","Hispanic",2008,122,"Theft",1,1,0,0,0,0,0,1,0,0,1
"9235","Male","Native",2008,122,"Theft",1,1,0,0,0,0,0,1,0,0,1
"9236","Male","Other",2008,122,"Theft",2,2,1,0,1,0,0,2,0,0,2
"9237","Unknown","Other",2008,122,"Theft",2,2,1,0,0,0,0,1,0,0,2
"9238","Female","White",2008,122,"Theft",5,4,5,0,1,0,0,2,0,0,5
"9239","Male","White",2008,122,"Theft",68,65,56,0,24,0,1,33,0,0,68
"9240","Male","Asian",2009,122,"Theft",1,0,1,0,1,0,0,0,0,0,1
"9241","Female","Black",2009,122,"Theft",1,1,1,0,1,0,0,0,0,0,1
"9242","Male","Black",2009,122,"Theft",20,20,11,0,6,1,2,11,0,0,20
"9243","Male","Hispanic",2009,122,"Theft",15,15,9,0,6,0,0,13,0,0,15
"9244","Male","Other",2009,122,"Theft",2,2,0,0,0,0,0,2,0,0,2
"9245","Female","White",2009,122,"Theft",3,2,0,0,0,0,0,1,0,0,3
"9246","Male","White",2009,122,"Theft",43,41,25,0,17,0,1,26,0,0,43
"9247","Male","Black",2010,122,"Theft",5,5,4,0,1,0,0,2,0,0,5
"9248","Male","Hispanic",2010,122,"Theft",5,4,3,0,2,0,0,4,0,0,5
"9249","Female","Other",2010,122,"Theft",1,0,0,0,0,0,0,0,0,0,1
"9250","Male","Other",2010,122,"Theft",1,1,0,0,0,0,0,0,0,0,1
"9251","Female","White",2010,122,"Theft",2,2,2,0,1,0,0,1,0,0,2
"9252","Male","White",2010,122,"Theft",22,22,7,0,3,0,0,6,0,0,22
"9253","Male","Asian",2006,123,"Theft",1,1,1,0,1,0,0,1,0,0,1
"9254","Male","Black",2006,123,"Theft",7,6,3,0,0,0,0,0,0,0,7
"9255","Male","Hispanic",2006,123,"Theft",3,3,1,0,0,0,0,0,0,0,3
"9256","Male","White",2006,123,"Theft",32,26,15,0,2,0,0,3,0,0,32
"9257","Male","Black",2007,123,"Theft",2,2,2,0,0,0,0,0,0,0,2
"9258","Male","Hispanic",2007,123,"Theft",4,4,1,0,0,0,0,1,0,0,4
"9259","Male","Other",2007,123,"Theft",2,1,1,0,0,0,0,0,0,0,2
"9260","Female","White",2007,123,"Theft",2,2,2,0,1,0,0,0,0,0,2
"9261","Male","White",2007,123,"Theft",32,26,23,0,0,0,0,2,0,0,32
"9262","Male","Asian",2008,123,"Theft",1,1,1,0,0,0,0,0,0,0,1
"9263","Male","Black",2008,123,"Theft",2,2,2,0,1,0,0,1,0,0,2
"9264","Male","Hispanic",2008,123,"Theft",8,7,7,0,1,0,1,1,0,0,8
"9265","Unknown","Other",2008,123,"Theft",1,1,1,0,1,0,0,1,0,0,1
"9266","Female","White",2008,123,"Theft",3,3,3,0,2,0,0,1,0,0,3
"9267","Male","White",2008,123,"Theft",53,44,31,0,5,0,0,6,0,0,53
"9268","Female","Black",2009,123,"Theft",1,0,0,0,0,0,0,0,0,0,1
"9269","Male","Black",2009,123,"Theft",6,5,2,0,1,0,0,1,0,0,6
"9270","Male","Hispanic",2009,123,"Theft",4,3,1,0,0,0,0,0,0,0,4
"9271","Male","Other",2009,123,"Theft",2,2,1,0,0,0,0,0,0,0,2
"9272","Female","White",2009,123,"Theft",2,2,2,0,0,0,0,0,0,0,2
"9273","Male","White",2009,123,"Theft",43,38,31,0,10,0,0,9,0,0,43
"9274","Female","Asian",2010,123,"Theft",1,1,1,0,0,0,0,0,0,0,1
"9275","Female","Black",2010,123,"Theft",1,1,1,0,0,0,0,0,0,0,1
"9276","Male","Black",2010,123,"Theft",1,1,1,0,0,0,0,0,0,0,1
"9277","Unknown","Other",2010,123,"Theft",1,1,1,0,0,0,0,0,0,0,1
"9278","Female","White",2010,123,"Theft",2,2,2,0,0,0,0,0,0,0,2
"9279","Male","White",2010,123,"Theft",17,17,15,0,2,0,0,1,0,0,17
"9280","Male","Black",2006,1,"Tresspass",1,1,1,0,0,0,0,1,0,0,1
"9281","Male","Black",2008,1,"Tresspass",1,1,1,0,0,0,0,1,0,0,1
"9282","Male","White",2008,1,"Tresspass",2,2,1,0,0,0,0,0,0,0,2
"9283","Male","Black",2009,1,"Tresspass",1,0,1,0,0,0,0,0,0,0,1
"9284","Male","White",2009,1,"Tresspass",2,2,1,0,0,0,0,0,0,0,2
"9285","Female","Black",2005,5,"Tresspass",1,0,0,0,1,0,0,1,0,0,1
"9286","Male","Black",2005,5,"Tresspass",5,1,4,0,1,0,0,0,0,0,5
"9287","Male","Hispanic",2005,5,"Tresspass",4,2,3,0,3,0,0,0,0,0,4
"9288","Male","White",2005,5,"Tresspass",1,1,1,0,0,0,0,0,0,0,1
"9289","Female","Black",2006,5,"Tresspass",7,3,6,0,4,0,0,1,0,0,7
"9290","Male","Black",2006,5,"Tresspass",29,23,23,0,16,0,0,10,0,0,29
"9291","Female","Hispanic",2006,5,"Tresspass",2,1,1,0,0,0,0,0,0,0,2
"9292","Male","Hispanic",2006,5,"Tresspass",42,31,35,0,9,0,1,11,0,0,42
"9293","Male","Native",2006,5,"Tresspass",1,1,1,0,0,0,0,0,0,0,1
"9294","Male","Other",2006,5,"Tresspass",3,3,3,0,3,0,0,0,0,0,3
"9295","Female","White",2006,5,"Tresspass",1,1,1,0,0,0,0,1,0,0,1
"9296","Male","White",2006,5,"Tresspass",9,7,8,0,2,0,0,3,0,0,9
"9297","Male","Asian",2007,5,"Tresspass",2,2,1,0,2,0,0,1,0,0,2
"9298","Female","Black",2007,5,"Tresspass",5,4,5,0,4,0,0,3,0,0,5
"9299","Male","Black",2007,5,"Tresspass",33,29,26,0,11,0,0,8,0,0,33
"9300","Female","Hispanic",2007,5,"Tresspass",2,1,1,0,1,0,0,2,0,0,2
"9301","Male","Hispanic",2007,5,"Tresspass",23,20,17,0,7,0,0,9,0,0,23
"9302","Male","Other",2007,5,"Tresspass",1,1,1,0,0,0,0,1,0,0,1
"9303","Unknown","Other",2007,5,"Tresspass",3,2,3,0,1,0,0,0,0,0,3
"9304","Female","White",2007,5,"Tresspass",1,1,1,0,0,0,0,0,0,0,1
"9305","Male","White",2007,5,"Tresspass",5,5,5,0,4,0,0,3,0,0,5
"9306","Male","Asian",2008,5,"Tresspass",2,2,2,0,2,0,0,0,0,0,2
"9307","Male","Black",2008,5,"Tresspass",13,10,7,0,4,0,0,2,0,0,13
"9308","Female","Hispanic",2008,5,"Tresspass",1,0,0,0,0,0,0,0,0,0,1
"9309","Male","Hispanic",2008,5,"Tresspass",11,7,9,0,6,0,0,1,0,0,11
"9310","Male","Other",2008,5,"Tresspass",2,1,2,0,1,0,0,1,0,0,2
"9311","Unknown","Other",2008,5,"Tresspass",1,1,1,0,0,0,0,0,0,0,1
"9312","Male","White",2008,5,"Tresspass",2,2,2,0,1,0,0,0,0,0,2
"9313","Male","Asian",2009,5,"Tresspass",2,2,1,0,0,0,0,0,0,0,2
"9314","Male","Black",2009,5,"Tresspass",14,11,10,0,6,0,0,5,0,0,14
"9315","Female","Hispanic",2009,5,"Tresspass",4,2,3,0,1,0,0,1,0,0,4
"9316","Male","Hispanic",2009,5,"Tresspass",15,13,10,0,1,0,0,2,0,0,15
"9317","Male","Other",2009,5,"Tresspass",1,0,1,0,0,0,0,0,0,0,1
"9318","Male","White",2009,5,"Tresspass",4,4,4,0,0,0,0,0,0,0,4
"9319","Female","Asian",2010,5,"Tresspass",1,1,1,0,0,0,0,0,0,0,1
"9320","Male","Asian",2010,5,"Tresspass",2,1,0,0,0,0,0,0,0,0,2
"9321","Male","Black",2010,5,"Tresspass",10,10,8,0,3,0,0,7,0,0,10
"9322","Female","Hispanic",2010,5,"Tresspass",5,5,5,0,1,0,0,0,0,0,5
"9323","Male","Hispanic",2010,5,"Tresspass",18,13,12,0,8,0,0,5,0,0,18
"9324","Male","Other",2010,5,"Tresspass",2,2,2,0,1,0,0,1,0,0,2
"9325","Female","White",2010,5,"Tresspass",1,1,1,0,1,0,0,0,0,0,1
"9326","Male","White",2010,5,"Tresspass",7,6,5,0,4,0,0,1,0,0,7
"9327","Male","Black",2006,6,"Tresspass",3,3,1,0,3,0,0,0,0,0,3
"9328","Male","Hispanic",2006,6,"Tresspass",2,1,1,0,1,0,0,1,0,0,2
"9329","Male","Black",2007,6,"Tresspass",3,2,3,0,1,0,0,1,0,0,3
"9330","Male","Black",2008,6,"Tresspass",4,3,4,0,0,0,0,1,0,0,4
"9331","Female","Black",2005,7,"Tresspass",2,1,2,0,2,0,0,1,0,0,2
"9332","Male","Black",2005,7,"Tresspass",2,2,2,0,2,0,0,0,0,0,2
"9333","Male","Hispanic",2005,7,"Tresspass",3,2,1,0,1,0,0,1,0,0,3
"9334","Male","White",2005,7,"Tresspass",1,1,1,0,1,0,0,0,0,0,1
"9335","Male","Asian",2006,7,"Tresspass",7,7,6,0,3,0,0,0,0,0,7
"9336","Female","Black",2006,7,"Tresspass",5,4,3,0,0,0,0,0,0,0,5
"9337","Male","Black",2006,7,"Tresspass",39,36,33,0,8,0,0,8,0,0,39
"9338","Female","Hispanic",2006,7,"Tresspass",11,8,5,0,4,0,0,1,0,0,11
"9339","Male","Hispanic",2006,7,"Tresspass",54,45,52,0,19,0,0,11,0,0,54
"9340","Male","Other",2006,7,"Tresspass",5,4,5,0,1,0,0,1,0,0,5
"9341","Unknown","Other",2006,7,"Tresspass",2,2,1,0,1,0,0,0,0,0,2
"9342","Female","White",2006,7,"Tresspass",4,4,3,0,1,0,0,0,0,0,4
"9343","Male","White",2006,7,"Tresspass",13,11,8,0,0,0,0,0,0,0,13
"9344","Female","Asian",2007,7,"Tresspass",1,0,1,0,1,0,0,0,0,0,1
"9345","Male","Asian",2007,7,"Tresspass",4,4,4,0,0,0,0,2,0,0,4
"9346","Female","Black",2007,7,"Tresspass",11,7,8,0,3,0,0,3,0,0,11
"9347","Male","Black",2007,7,"Tresspass",67,60,52,0,20,0,1,20,0,0,67
"9348","Unknown","Black",2007,7,"Tresspass",1,1,1,0,0,0,0,0,0,0,1
"9349","Female","Hispanic",2007,7,"Tresspass",13,10,11,0,7,0,0,2,0,0,13
"9350","Male","Hispanic",2007,7,"Tresspass",82,69,63,0,22,0,0,15,0,0,82
"9351","Unknown","Hispanic",2007,7,"Tresspass",1,1,1,0,0,0,0,0,0,0,1
"9352","Female","Other",2007,7,"Tresspass",1,0,1,0,0,0,0,0,0,0,1
"9353","Male","Other",2007,7,"Tresspass",2,2,2,0,1,0,0,0,0,0,2
"9354","Unknown","Other",2007,7,"Tresspass",2,2,1,0,0,0,0,1,0,0,2
"9355","Female","White",2007,7,"Tresspass",2,2,2,0,0,0,0,0,0,0,2
"9356","Male","White",2007,7,"Tresspass",8,8,7,0,5,0,0,1,0,0,8
"9357","Female","Asian",2008,7,"Tresspass",1,1,0,0,1,0,0,1,0,0,1
"9358","Male","Asian",2008,7,"Tresspass",1,1,1,0,0,0,0,0,0,0,1
"9359","Female","Black",2008,7,"Tresspass",2,2,1,0,1,0,0,0,0,0,2
"9360","Male","Black",2008,7,"Tresspass",29,17,17,0,8,0,0,9,0,0,29
"9361","Female","Hispanic",2008,7,"Tresspass",8,5,5,0,4,0,0,2,0,0,8
"9362","Male","Hispanic",2008,7,"Tresspass",37,32,23,0,15,0,0,9,0,0,37
"9363","Unknown","Native",2008,7,"Tresspass",1,1,0,0,0,0,0,0,0,0,1
"9364","Female","Other",2008,7,"Tresspass",1,1,1,0,0,0,0,0,0,0,1
"9365","Male","Other",2008,7,"Tresspass",2,1,2,0,2,0,0,0,0,0,2
"9366","Female","White",2008,7,"Tresspass",3,2,1,0,0,0,0,1,0,0,3
"9367","Male","White",2008,7,"Tresspass",6,4,4,0,1,0,0,2,0,0,6
"9368","Male","Asian",2009,7,"Tresspass",3,3,2,0,2,0,0,1,0,0,3
"9369","Female","Black",2009,7,"Tresspass",4,4,4,0,2,0,0,0,0,0,4
"9370","Male","Black",2009,7,"Tresspass",24,17,15,0,8,0,0,4,0,0,24
"9371","Female","Hispanic",2009,7,"Tresspass",6,5,5,0,1,0,0,0,0,0,6
"9372","Male","Hispanic",2009,7,"Tresspass",37,29,28,0,13,0,0,7,0,0,37
"9373","Unknown","Hispanic",2009,7,"Tresspass",1,1,1,0,1,0,0,0,0,0,1
"9374","Male","Native",2009,7,"Tresspass",1,1,1,0,1,0,0,0,0,0,1
"9375","Female","Other",2009,7,"Tresspass",1,1,1,0,1,0,0,0,0,0,1
"9376","Female","White",2009,7,"Tresspass",3,3,3,0,0,0,0,0,0,0,3
"9377","Male","White",2009,7,"Tresspass",9,7,8,0,7,0,0,3,0,0,9
"9378","Male","Asian",2010,7,"Tresspass",4,2,3,0,2,0,0,1,0,0,4
"9379","Female","Black",2010,7,"Tresspass",4,4,4,0,2,0,0,1,0,0,4
"9380","Male","Black",2010,7,"Tresspass",24,22,16,0,6,0,0,5,0,0,24
"9381","Unknown","Black",2010,7,"Tresspass",1,1,0,0,0,0,0,0,0,0,1
"9382","Female","Hispanic",2010,7,"Tresspass",4,4,2,0,2,0,0,0,0,0,4
"9383","Male","Hispanic",2010,7,"Tresspass",37,32,31,0,16,0,0,6,0,0,37
"9384","Unknown","Hispanic",2010,7,"Tresspass",1,1,1,0,0,0,0,0,0,0,1
"9385","Female","Other",2010,7,"Tresspass",1,1,1,0,1,0,0,0,0,0,1
"9386","Male","Other",2010,7,"Tresspass",6,4,3,0,2,0,0,0,0,0,6
"9387","Unknown","Other",2010,7,"Tresspass",2,2,2,0,0,0,0,0,0,0,2
"9388","Female","White",2010,7,"Tresspass",2,0,2,0,0,0,0,0,0,0,2
"9389","Male","White",2010,7,"Tresspass",3,2,3,0,3,0,1,3,0,0,3
"9390","Female","Black",2005,9,"Tresspass",1,1,1,0,0,0,0,0,0,0,1
"9391","Male","Black",2005,9,"Tresspass",3,3,3,0,2,0,0,0,0,0,3
"9392","Female","Hispanic",2005,9,"Tresspass",2,2,1,0,1,0,0,0,0,0,2
"9393","Male","Hispanic",2005,9,"Tresspass",7,7,6,0,5,0,0,0,0,0,7
"9394","Female","Black",2006,9,"Tresspass",3,3,3,0,1,0,0,0,0,0,3
"9395","Male","Black",2006,9,"Tresspass",44,34,41,0,14,0,0,2,0,0,44
"9396","Female","Hispanic",2006,9,"Tresspass",11,8,6,0,2,0,0,1,0,0,11
"9397","Male","Hispanic",2006,9,"Tresspass",61,46,52,0,19,0,0,7,0,0,61
"9398","Unknown","Hispanic",2006,9,"Tresspass",1,1,1,0,1,0,0,0,0,0,1
"9399","Female","Other",2006,9,"Tresspass",2,1,2,0,1,1,0,1,0,0,2
"9400","Male","Other",2006,9,"Tresspass",2,2,2,0,1,0,0,1,0,0,2
"9401","Unknown","Other",2006,9,"Tresspass",2,1,2,0,1,0,0,1,0,0,2
"9402","Female","White",2006,9,"Tresspass",3,3,3,0,2,0,0,0,0,0,3
"9403","Male","White",2006,9,"Tresspass",9,8,7,0,4,0,0,1,0,0,9
"9404","Male","Asian",2007,9,"Tresspass",1,0,0,0,0,0,0,0,0,0,1
"9405","Female","Black",2007,9,"Tresspass",11,8,8,0,3,0,0,1,0,0,11
"9406","Male","Black",2007,9,"Tresspass",44,31,37,0,14,0,0,4,0,0,44
"9407","Female","Hispanic",2007,9,"Tresspass",12,9,10,0,3,0,0,1,0,0,12
"9408","Male","Hispanic",2007,9,"Tresspass",62,46,55,0,17,1,0,6,0,0,62
"9409","Unknown","Hispanic",2007,9,"Tresspass",1,1,0,0,0,0,0,0,0,0,1
"9410","Male","Other",2007,9,"Tresspass",2,2,2,0,2,0,0,0,0,0,2
"9411","Unknown","Other",2007,9,"Tresspass",2,2,1,0,1,0,0,0,0,0,2
"9412","Female","White",2007,9,"Tresspass",5,1,2,0,1,0,0,0,0,0,5
"9413","Male","White",2007,9,"Tresspass",15,10,12,0,5,0,0,3,0,0,15
"9414","Male","Asian",2008,9,"Tresspass",3,3,3,0,1,0,0,1,0,0,3
"9415","Female","Black",2008,9,"Tresspass",3,2,2,0,0,0,0,0,0,0,3
"9416","Male","Black",2008,9,"Tresspass",30,22,20,0,10,0,0,6,0,0,30
"9417","Female","Hispanic",2008,9,"Tresspass",8,3,4,0,2,0,0,2,0,0,8
"9418","Male","Hispanic",2008,9,"Tresspass",59,43,53,0,29,0,0,9,0,0,59
"9419","Female","Other",2008,9,"Tresspass",1,1,1,0,1,0,0,0,0,0,1
"9420","Male","Other",2008,9,"Tresspass",2,0,2,0,2,0,0,0,0,0,2
"9421","Unknown","Other",2008,9,"Tresspass",1,0,1,0,0,0,0,0,0,0,1
"9422","Female","White",2008,9,"Tresspass",5,3,4,0,0,0,0,1,0,0,5
"9423","Male","White",2008,9,"Tresspass",13,11,12,0,8,0,0,4,0,0,13
"9424","Male","Asian",2009,9,"Tresspass",2,1,1,0,1,0,0,0,0,0,2
"9425","Female","Black",2009,9,"Tresspass",10,4,2,0,4,0,0,0,0,0,10
"9426","Male","Black",2009,9,"Tresspass",36,30,25,0,17,0,0,10,0,0,36
"9427","Female","Hispanic",2009,9,"Tresspass",4,3,2,0,1,0,0,0,0,0,4
"9428","Male","Hispanic",2009,9,"Tresspass",48,33,35,0,20,0,0,9,0,0,48
"9429","Female","Other",2009,9,"Tresspass",4,3,3,0,1,0,0,0,0,0,4
"9430","Male","Other",2009,9,"Tresspass",2,2,2,0,1,0,0,0,0,0,2
"9431","Unknown","Other",2009,9,"Tresspass",1,1,1,0,1,0,0,0,0,0,1
"9432","Female","White",2009,9,"Tresspass",2,0,1,0,1,0,0,0,0,0,2
"9433","Male","White",2009,9,"Tresspass",8,6,4,0,1,0,0,1,0,0,8
"9434","Male","Asian",2010,9,"Tresspass",1,1,1,0,0,0,0,0,0,0,1
"9435","Female","Black",2010,9,"Tresspass",2,0,0,0,0,0,0,0,0,0,2
"9436","Male","Black",2010,9,"Tresspass",30,23,21,0,14,0,0,6,0,0,30
"9437","Female","Hispanic",2010,9,"Tresspass",6,3,6,0,4,0,0,0,0,0,6
"9438","Male","Hispanic",2010,9,"Tresspass",35,30,28,0,17,0,0,12,0,0,35
"9439","Female","Other",2010,9,"Tresspass",2,2,1,0,1,0,0,0,0,0,2
"9440","Male","Other",2010,9,"Tresspass",4,2,4,0,2,0,0,1,0,0,4
"9441","Unknown","Other",2010,9,"Tresspass",2,1,2,0,2,0,0,0,0,0,2
"9442","Female","White",2010,9,"Tresspass",3,2,1,0,1,0,0,1,0,0,3
"9443","Male","White",2010,9,"Tresspass",4,4,3,0,2,0,0,0,0,0,4
"9444","Male","Black",2005,10,"Tresspass",6,5,6,0,3,0,0,1,0,0,6
"9445","Female","Hispanic",2005,10,"Tresspass",2,2,2,0,1,0,0,2,0,0,2
"9446","Male","White",2005,10,"Tresspass",2,1,1,0,1,0,0,0,0,0,2
"9447","Male","Asian",2006,10,"Tresspass",1,0,1,0,1,0,0,0,0,0,1
"9448","Female","Black",2006,10,"Tresspass",6,3,6,0,3,0,0,0,0,0,6
"9449","Male","Black",2006,10,"Tresspass",26,20,24,0,9,0,0,4,0,0,26
"9450","Female","Hispanic",2006,10,"Tresspass",1,1,1,0,0,0,0,0,0,0,1
"9451","Male","Hispanic",2006,10,"Tresspass",13,8,10,0,5,0,0,4,0,0,13
"9452","Male","Other",2006,10,"Tresspass",1,1,1,0,1,0,0,1,0,0,1
"9453","Female","White",2006,10,"Tresspass",2,1,1,0,1,0,0,0,0,0,2
"9454","Male","White",2006,10,"Tresspass",15,7,15,0,8,1,1,4,0,0,15
"9455","Female","Black",2007,10,"Tresspass",3,1,3,0,1,0,0,1,0,0,3
"9456","Male","Black",2007,10,"Tresspass",21,17,19,0,6,1,0,6,0,0,21
"9457","Female","Hispanic",2007,10,"Tresspass",5,5,5,0,4,0,0,3,0,0,5
"9458","Male","Hispanic",2007,10,"Tresspass",11,11,10,0,6,0,0,1,0,0,11
"9459","Male","Other",2007,10,"Tresspass",1,0,1,0,1,0,0,1,0,0,1
"9460","Female","White",2007,10,"Tresspass",1,1,1,0,0,0,0,0,0,0,1
"9461","Male","White",2007,10,"Tresspass",8,6,8,0,4,0,1,2,0,0,8
"9462","Male","Asian",2008,10,"Tresspass",1,1,1,0,1,0,0,1,0,0,1
"9463","Female","Black",2008,10,"Tresspass",1,1,1,0,0,0,0,1,0,0,1
"9464","Male","Black",2008,10,"Tresspass",13,9,9,0,2,0,1,3,0,0,13
"9465","Female","Hispanic",2008,10,"Tresspass",3,1,2,0,3,0,0,2,0,0,3
"9466","Male","Hispanic",2008,10,"Tresspass",9,8,9,0,5,0,0,2,0,0,9
"9467","Female","Other",2008,10,"Tresspass",1,1,1,0,0,0,0,0,0,0,1
"9468","Male","Other",2008,10,"Tresspass",2,2,2,0,1,0,0,2,0,0,2
"9469","Male","White",2008,10,"Tresspass",3,1,2,0,2,0,0,2,0,0,3
"9470","Female","Black",2009,10,"Tresspass",5,1,1,1,2,0,0,3,0,0,5
"9471","Male","Black",2009,10,"Tresspass",9,7,9,0,6,0,0,2,0,0,9
"9472","Female","Hispanic",2009,10,"Tresspass",1,1,1,0,0,0,0,0,0,0,1
"9473","Male","Hispanic",2009,10,"Tresspass",16,13,15,0,9,0,0,1,0,0,16
"9474","Female","Other",2009,10,"Tresspass",1,1,1,0,1,0,0,0,0,0,1
"9475","Male","Other",2009,10,"Tresspass",2,2,2,0,1,0,0,0,0,0,2
"9476","Unknown","Other",2009,10,"Tresspass",2,1,2,0,1,0,0,0,0,0,2
"9477","Female","White",2009,10,"Tresspass",2,1,2,0,1,0,0,0,0,0,2
"9478","Male","White",2009,10,"Tresspass",6,6,4,0,3,0,0,1,0,0,6
"9479","Female","Black",2010,10,"Tresspass",3,0,0,0,0,0,0,0,0,0,3
"9480","Male","Black",2010,10,"Tresspass",17,12,11,0,6,0,0,4,0,0,17
"9481","Female","Hispanic",2010,10,"Tresspass",2,1,1,0,1,0,0,1,0,0,2
"9482","Male","Hispanic",2010,10,"Tresspass",9,7,8,0,5,0,0,2,0,0,9
"9483","Male","Other",2010,10,"Tresspass",2,1,2,0,1,0,0,0,0,0,2
"9484","Unknown","Other",2010,10,"Tresspass",1,1,1,0,0,0,0,0,0,0,1
"9485","Female","White",2010,10,"Tresspass",6,4,4,0,2,0,0,0,0,0,6
"9486","Male","White",2010,10,"Tresspass",8,7,7,0,4,0,0,2,0,0,8
"9487","Male","Black",2005,13,"Tresspass",2,1,2,0,2,0,0,0,0,0,2
"9488","Male","Other",2005,13,"Tresspass",1,1,1,0,1,0,0,1,0,0,1
"9489","Male","Black",2006,13,"Tresspass",2,2,1,0,2,0,0,0,0,0,2
"9490","Female","Hispanic",2006,13,"Tresspass",1,0,1,0,1,0,0,0,0,0,1
"9491","Male","Hispanic",2006,13,"Tresspass",2,2,2,0,0,0,0,0,0,0,2
"9492","Female","White",2006,13,"Tresspass",2,0,2,0,2,0,0,0,0,0,2
"9493","Male","White",2006,13,"Tresspass",2,1,1,0,1,0,0,0,0,0,2
"9494","Male","Black",2007,13,"Tresspass",2,1,0,0,2,0,0,1,0,0,2
"9495","Male","Hispanic",2007,13,"Tresspass",1,1,1,0,0,0,0,0,0,0,1
"9496","Male","Other",2007,13,"Tresspass",1,0,0,0,0,0,0,0,0,0,1
"9497","Male","Black",2008,13,"Tresspass",3,1,1,0,1,0,0,1,0,0,3
"9498","Male","Hispanic",2008,13,"Tresspass",2,1,2,0,0,0,0,0,0,0,2
"9499","Male","Black",2009,13,"Tresspass",1,1,1,0,0,0,0,1,0,0,1
"9500","Male","White",2009,13,"Tresspass",2,0,2,0,0,0,0,0,0,0,2
"9501","Male","Black",2010,13,"Tresspass",1,1,1,0,1,0,0,1,0,0,1
"9502","Male","Hispanic",2010,13,"Tresspass",1,1,1,0,1,0,0,1,0,0,1
"9503","Female","White",2010,13,"Tresspass",1,0,0,0,0,0,0,0,0,0,1
"9504","Male","Black",2006,14,"Tresspass",4,1,1,0,0,0,0,0,0,0,4
"9505","Male","White",2006,14,"Tresspass",1,1,1,0,1,0,0,0,0,0,1
"9506","Male","Black",2007,14,"Tresspass",5,4,4,0,4,0,0,2,0,0,5
"9507","Male","Hispanic",2007,14,"Tresspass",9,8,7,0,6,0,0,1,0,0,9
"9508","Male","Other",2007,14,"Tresspass",1,1,1,0,1,0,0,0,0,0,1
"9509","Unknown","Other",2007,14,"Tresspass",1,1,1,0,1,0,0,1,0,0,1
"9510","Male","White",2007,14,"Tresspass",1,1,1,0,0,0,0,0,0,0,1
"9511","Female","Black",2008,14,"Tresspass",9,7,6,0,3,0,0,0,0,0,9
"9512","Male","Black",2008,14,"Tresspass",16,7,7,0,7,0,0,4,0,0,16
"9513","Female","Hispanic",2008,14,"Tresspass",2,0,1,0,1,0,0,0,0,0,2
"9514","Male","Hispanic",2008,14,"Tresspass",11,6,6,0,7,0,1,3,0,0,11
"9515","Unknown","Hispanic",2008,14,"Tresspass",1,1,1,0,1,0,0,0,0,0,1
"9516","Female","White",2008,14,"Tresspass",3,0,0,0,3,0,0,0,0,0,3
"9517","Male","White",2008,14,"Tresspass",1,0,0,0,1,0,0,0,0,0,1
"9518","Female","Black",2009,14,"Tresspass",1,0,0,0,1,0,0,0,0,0,1
"9519","Male","Black",2009,14,"Tresspass",8,4,6,0,1,0,0,0,0,0,8
"9520","Female","Hispanic",2009,14,"Tresspass",2,2,2,0,1,0,0,1,0,0,2
"9521","Male","Hispanic",2009,14,"Tresspass",5,3,4,0,1,0,0,0,0,0,5
"9522","Male","White",2009,14,"Tresspass",3,3,2,0,2,0,0,0,0,0,3
"9523","Male","Asian",2010,14,"Tresspass",1,0,1,0,1,0,0,0,0,0,1
"9524","Female","Black",2010,14,"Tresspass",3,3,3,0,0,0,0,1,0,0,3
"9525","Male","Black",2010,14,"Tresspass",17,14,15,0,3,0,0,1,0,0,17
"9526","Male","Hispanic",2010,14,"Tresspass",4,4,4,0,0,0,0,0,0,0,4
"9527","Unknown","Other",2010,14,"Tresspass",1,1,1,0,0,0,0,0,0,0,1
"9528","Male","White",2010,14,"Tresspass",1,1,1,0,0,0,0,0,0,0,1
"9529","Male","Hispanic",2006,17,"Tresspass",1,1,1,0,0,0,0,0,0,0,1
"9530","Male","Asian",2009,17,"Tresspass",1,0,0,0,0,0,0,0,0,0,1
"9531","Male","Hispanic",2009,17,"Tresspass",1,0,0,0,0,0,0,0,0,0,1
"9532","Female","Black",2006,18,"Tresspass",1,0,1,0,1,0,0,0,0,0,1
"9533","Male","Black",2006,18,"Tresspass",2,1,2,0,1,0,0,0,0,0,2
"9534","Male","White",2006,18,"Tresspass",3,3,3,0,2,0,0,1,0,0,3
"9535","Male","Black",2007,18,"Tresspass",3,2,2,0,2,0,0,2,0,0,3
"9536","Male","Hispanic",2007,18,"Tresspass",1,0,1,0,0,0,0,0,0,0,1
"9537","Male","White",2007,18,"Tresspass",2,2,2,0,2,0,0,1,0,0,2
"9538","Male","Black",2008,18,"Tresspass",2,1,2,0,1,0,0,0,0,0,2
"9539","Unknown","Other",2008,18,"Tresspass",1,1,1,0,1,0,0,0,0,0,1
"9540","Male","Black",2009,18,"Tresspass",1,1,1,0,1,0,0,1,0,0,1
"9541","Male","Hispanic",2009,18,"Tresspass",1,0,1,0,1,0,0,0,0,0,1
"9542","Male","Black",2010,18,"Tresspass",1,1,1,0,0,0,0,0,0,0,1
"9543","Male","Hispanic",2010,18,"Tresspass",1,1,0,0,0,0,0,0,0,0,1
"9544","Male","Other",2010,18,"Tresspass",1,1,1,0,0,0,0,1,0,0,1
"9545","Male","Black",2006,19,"Tresspass",6,6,5,0,1,0,0,0,0,0,6
"9546","Male","Hispanic",2006,19,"Tresspass",5,4,3,1,1,0,0,2,0,0,5
"9547","Male","White",2006,19,"Tresspass",1,1,1,0,0,0,0,0,0,0,1
"9548","Female","Black",2007,19,"Tresspass",1,1,1,0,0,0,0,0,0,0,1
"9549","Male","Black",2007,19,"Tresspass",5,5,5,0,5,0,0,3,0,0,5
"9550","Unknown","Black",2007,19,"Tresspass",1,1,1,0,0,0,0,0,0,0,1
"9551","Female","Hispanic",2007,19,"Tresspass",5,1,1,0,0,0,0,2,0,0,5
"9552","Male","Hispanic",2007,19,"Tresspass",5,5,3,0,1,0,0,3,0,0,5
"9553","Male","Other",2007,19,"Tresspass",1,1,1,0,0,0,0,1,0,0,1
"9554","Male","White",2007,19,"Tresspass",4,4,4,0,4,0,0,4,0,0,4
"9555","Male","Black",2008,19,"Tresspass",4,3,3,0,4,0,0,2,0,0,4
"9556","Male","Hispanic",2008,19,"Tresspass",3,2,1,0,1,0,0,1,0,0,3
"9557","Male","White",2008,19,"Tresspass",2,2,0,0,0,0,0,0,0,0,2
"9558","Male","Black",2009,19,"Tresspass",3,3,2,0,3,0,0,3,0,0,3
"9559","Male","White",2009,19,"Tresspass",1,1,0,0,1,0,0,1,0,0,1
"9560","Male","Black",2010,19,"Tresspass",1,1,0,0,0,0,0,1,0,0,1
"9561","Male","Hispanic",2010,19,"Tresspass",3,3,1,0,2,0,0,3,0,0,3
"9562","Female","White",2010,19,"Tresspass",1,1,1,0,0,0,0,0,0,0,1
"9563","Male","White",2010,19,"Tresspass",1,1,0,0,1,0,0,1,0,0,1
"9564","Male","White",2005,20,"Tresspass",1,0,1,0,0,0,0,0,0,0,1
"9565","Male","Asian",2006,20,"Tresspass",1,0,1,0,0,0,0,0,0,0,1
"9566","Male","Black",2006,20,"Tresspass",4,2,3,0,3,0,0,2,0,0,4
"9567","Male","Hispanic",2006,20,"Tresspass",4,4,3,0,2,0,0,3,0,0,4
"9568","Unknown","Other",2006,20,"Tresspass",2,1,1,0,2,0,0,1,0,0,2
"9569","Female","White",2006,20,"Tresspass",1,0,1,0,1,0,0,0,0,0,1
"9570","Male","White",2006,20,"Tresspass",4,4,4,0,1,0,0,1,0,0,4
"9571","Male","Asian",2007,20,"Tresspass",1,1,1,0,1,0,0,1,0,0,1
"9572","Female","Black",2007,20,"Tresspass",2,0,0,0,2,0,0,2,0,0,2
"9573","Male","Black",2007,20,"Tresspass",12,9,7,0,6,0,0,7,0,0,12
"9574","Male","Hispanic",2007,20,"Tresspass",7,7,6,0,1,0,0,1,0,0,7
"9575","Unknown","Other",2007,20,"Tresspass",1,1,1,0,1,0,0,1,0,0,1
"9576","Female","White",2007,20,"Tresspass",1,1,1,0,0,0,0,0,0,0,1
"9577","Male","White",2007,20,"Tresspass",8,4,5,0,3,0,0,2,0,0,8
"9578","Female","Black",2008,20,"Tresspass",3,1,1,0,3,0,0,1,0,0,3
"9579","Male","Black",2008,20,"Tresspass",12,9,3,0,7,0,0,6,0,0,12
"9580","Female","Hispanic",2008,20,"Tresspass",1,1,1,0,0,0,0,1,0,0,1
"9581","Male","Hispanic",2008,20,"Tresspass",6,5,2,0,2,0,0,2,0,0,6
"9582","Male","Other",2008,20,"Tresspass",1,0,0,0,0,0,0,0,0,0,1
"9583","Male","White",2008,20,"Tresspass",6,4,3,0,3,0,0,3,0,0,6
"9584","Male","Asian",2009,20,"Tresspass",2,2,2,0,2,0,0,0,0,0,2
"9585","Female","Black",2009,20,"Tresspass",8,4,2,0,7,0,1,4,0,0,8
"9586","Male","Black",2009,20,"Tresspass",49,47,22,0,24,0,1,17,0,0,49
"9587","Female","Hispanic",2009,20,"Tresspass",3,3,2,0,3,0,0,1,0,0,3
"9588","Male","Hispanic",2009,20,"Tresspass",14,14,7,0,5,0,0,2,0,0,14
"9589","Male","Other",2009,20,"Tresspass",1,0,1,0,1,0,0,0,0,0,1
"9590","Unknown","Other",2009,20,"Tresspass",2,2,1,0,1,0,1,2,0,0,2
"9591","Female","White",2009,20,"Tresspass",1,1,0,0,1,0,0,0,0,0,1
"9592","Male","White",2009,20,"Tresspass",8,7,7,0,3,0,0,4,0,0,8
"9593","Female","Black",2010,20,"Tresspass",1,1,0,0,0,0,0,0,0,0,1
"9594","Male","Black",2010,20,"Tresspass",8,8,4,0,4,0,0,3,0,0,8
"9595","Male","Hispanic",2010,20,"Tresspass",4,4,2,0,3,0,0,3,0,0,4
"9596","Female","White",2010,20,"Tresspass",1,1,0,0,0,0,0,0,0,0,1
"9597","Male","White",2010,20,"Tresspass",6,6,2,0,4,0,0,2,0,0,6
"9598","Female","Black",2005,23,"Tresspass",1,1,1,0,0,0,0,0,0,0,1
"9599","Male","Black",2005,23,"Tresspass",9,5,7,0,3,0,0,2,0,0,9
"9600","Male","Hispanic",2005,23,"Tresspass",9,7,9,0,8,1,0,4,0,0,9
"9601","Female","Black",2006,23,"Tresspass",21,17,19,0,10,0,0,6,0,0,21
"9602","Male","Black",2006,23,"Tresspass",149,120,131,0,51,0,0,35,0,0,149
"9603","Unknown","Black",2006,23,"Tresspass",2,2,2,0,1,0,0,1,0,0,2
"9604","Female","Hispanic",2006,23,"Tresspass",16,14,13,0,3,0,0,3,0,0,16
"9605","Male","Hispanic",2006,23,"Tresspass",121,108,105,0,41,0,1,17,0,0,121
"9606","Female","Other",2006,23,"Tresspass",2,1,1,0,0,0,0,0,0,0,2
"9607","Male","Other",2006,23,"Tresspass",2,2,2,0,1,0,0,1,0,0,2
"9608","Unknown","Other",2006,23,"Tresspass",2,2,2,0,1,0,0,1,0,0,2
"9609","Female","White",2006,23,"Tresspass",3,2,2,0,0,0,0,0,0,0,3
"9610","Male","White",2006,23,"Tresspass",12,8,10,0,6,0,0,1,0,0,12
"9611","Female","Black",2007,23,"Tresspass",22,16,14,0,9,0,0,4,0,0,22
"9612","Male","Black",2007,23,"Tresspass",210,168,169,0,48,1,0,23,0,0,210
"9613","Female","Hispanic",2007,23,"Tresspass",27,18,19,0,9,0,0,4,0,0,27
"9614","Male","Hispanic",2007,23,"Tresspass",180,136,149,0,35,0,1,29,0,0,180
"9615","Unknown","Hispanic",2007,23,"Tresspass",1,1,0,0,0,0,0,0,0,0,1
"9616","Female","Other",2007,23,"Tresspass",2,0,1,0,0,0,0,0,0,0,2
"9617","Male","Other",2007,23,"Tresspass",25,21,20,0,2,0,0,3,0,0,25
"9618","Unknown","Other",2007,23,"Tresspass",5,4,3,0,1,0,0,0,0,0,5
"9619","Female","White",2007,23,"Tresspass",6,3,5,0,2,1,0,1,0,0,6
"9620","Male","White",2007,23,"Tresspass",18,14,16,0,3,0,0,3,0,0,18
"9621","Female","Asian",2008,23,"Tresspass",1,1,1,0,0,0,0,0,0,0,1
"9622","Male","Asian",2008,23,"Tresspass",4,3,1,0,3,0,0,1,0,0,4
"9623","Female","Black",2008,23,"Tresspass",25,19,20,0,10,0,0,5,0,0,25
"9624","Male","Black",2008,23,"Tresspass",284,218,197,0,83,1,3,47,0,0,284
"9625","Unknown","Black",2008,23,"Tresspass",1,1,0,0,0,0,0,0,0,0,1
"9626","Female","Hispanic",2008,23,"Tresspass",17,12,13,0,7,0,0,5,0,0,17
"9627","Male","Hispanic",2008,23,"Tresspass",179,118,128,0,54,0,2,31,0,0,179
"9628","Female","Native",2008,23,"Tresspass",1,0,1,0,1,0,0,0,0,0,1
"9629","Male","Native",2008,23,"Tresspass",2,2,1,0,1,0,0,0,0,0,2
"9630","Male","Other",2008,23,"Tresspass",6,3,4,0,1,0,0,1,0,0,6
"9631","Unknown","Other",2008,23,"Tresspass",2,2,1,0,0,0,0,0,0,0,2
"9632","Female","White",2008,23,"Tresspass",2,2,2,0,1,0,0,0,0,0,2
"9633","Male","White",2008,23,"Tresspass",20,14,14,0,6,0,0,2,0,0,20
"9634","Female","Black",2009,23,"Tresspass",40,26,25,0,8,0,0,5,0,0,40
"9635","Male","Black",2009,23,"Tresspass",259,207,170,0,56,1,1,39,0,0,259
"9636","Unknown","Black",2009,23,"Tresspass",1,1,1,0,1,0,0,1,0,0,1
"9637","Female","Hispanic",2009,23,"Tresspass",26,11,16,0,4,0,0,2,0,0,26
"9638","Male","Hispanic",2009,23,"Tresspass",161,117,102,0,32,0,1,21,0,0,161
"9639","Unknown","Hispanic",2009,23,"Tresspass",1,1,0,0,0,0,0,0,0,0,1
"9640","Male","Native",2009,23,"Tresspass",1,1,1,0,0,0,0,0,0,0,1
"9641","Female","Other",2009,23,"Tresspass",3,3,3,0,1,0,0,0,0,0,3
"9642","Male","Other",2009,23,"Tresspass",21,20,14,0,4,0,0,1,0,0,21
"9643","Unknown","Other",2009,23,"Tresspass",5,5,3,0,1,0,0,1,0,0,5
"9644","Female","White",2009,23,"Tresspass",5,3,4,0,1,0,0,1,0,0,5
"9645","Male","White",2009,23,"Tresspass",16,13,16,0,2,0,0,0,0,0,16
"9646","Female","Asian",2010,23,"Tresspass",1,1,0,0,0,0,0,0,0,0,1
"9647","Female","Black",2010,23,"Tresspass",18,12,12,0,7,0,0,3,0,0,18
"9648","Male","Black",2010,23,"Tresspass",128,104,81,0,22,0,0,16,0,0,128
"9649","Unknown","Black",2010,23,"Tresspass",1,1,0,0,0,0,0,0,0,0,1
"9650","Female","Hispanic",2010,23,"Tresspass",15,11,11,0,2,0,0,3,0,0,15
"9651","Male","Hispanic",2010,23,"Tresspass",84,68,51,0,12,0,0,4,0,0,84
"9652","Unknown","Hispanic",2010,23,"Tresspass",2,2,0,0,0,0,0,0,0,0,2
"9653","Male","Native",2010,23,"Tresspass",1,1,0,0,0,0,0,0,0,0,1
"9654","Female","Other",2010,23,"Tresspass",1,1,1,0,0,0,0,0,0,0,1
"9655","Male","Other",2010,23,"Tresspass",3,1,1,0,0,0,0,0,0,0,3
"9656","Unknown","Other",2010,23,"Tresspass",1,0,0,0,0,0,0,0,0,0,1
"9657","Male","White",2010,23,"Tresspass",5,3,2,0,1,0,0,0,0,0,5
"9658","Female","Black",2006,24,"Tresspass",7,3,5,0,0,0,0,0,0,0,7
"9659","Male","Black",2006,24,"Tresspass",31,21,23,0,5,0,0,2,0,0,31
"9660","Female","Hispanic",2006,24,"Tresspass",2,2,0,0,0,0,0,0,0,0,2
"9661","Male","Hispanic",2006,24,"Tresspass",18,11,9,0,2,0,0,1,0,0,18
"9662","Male","Native",2006,24,"Tresspass",1,1,1,0,0,0,0,0,0,0,1
"9663","Male","Other",2006,24,"Tresspass",1,1,1,0,0,0,0,0,0,0,1
"9664","Unknown","Other",2006,24,"Tresspass",1,1,1,0,0,0,0,0,0,0,1
"9665","Female","White",2006,24,"Tresspass",1,0,0,0,0,0,0,0,0,0,1
"9666","Male","White",2006,24,"Tresspass",6,5,5,0,0,0,0,0,0,0,6
"9667","Male","Asian",2007,24,"Tresspass",1,1,1,0,0,0,0,0,0,0,1
"9668","Female","Black",2007,24,"Tresspass",18,15,15,0,2,0,0,3,0,0,18
"9669","Male","Black",2007,24,"Tresspass",88,73,63,0,18,0,1,7,0,0,88
"9670","Female","Hispanic",2007,24,"Tresspass",8,5,6,0,0,0,0,0,0,0,8
"9671","Male","Hispanic",2007,24,"Tresspass",31,26,22,0,7,0,0,1,0,0,31
"9672","Male","Other",2007,24,"Tresspass",2,2,2,0,1,0,0,1,0,0,2
"9673","Unknown","Other",2007,24,"Tresspass",1,1,1,0,0,0,0,0,0,0,1
"9674","Female","White",2007,24,"Tresspass",3,0,2,0,0,0,0,0,0,0,3
"9675","Male","White",2007,24,"Tresspass",18,11,13,0,4,0,0,2,0,0,18
"9676","Female","Asian",2008,24,"Tresspass",1,1,1,0,0,0,0,0,0,0,1
"9677","Female","Black",2008,24,"Tresspass",21,12,13,0,3,0,0,0,0,0,21
"9678","Male","Black",2008,24,"Tresspass",75,58,58,1,16,0,1,11,0,0,75
"9679","Unknown","Black",2008,24,"Tresspass",1,1,1,0,0,0,0,0,0,0,1
"9680","Female","Hispanic",2008,24,"Tresspass",3,1,3,0,0,0,0,0,0,0,3
"9681","Male","Hispanic",2008,24,"Tresspass",43,32,31,0,9,0,0,8,0,0,43
"9682","Female","Other",2008,24,"Tresspass",1,1,0,0,0,0,0,0,0,0,1
"9683","Male","Other",2008,24,"Tresspass",2,2,2,0,0,0,0,0,0,0,2
"9684","Unknown","Other",2008,24,"Tresspass",2,2,1,0,0,0,0,0,0,0,2
"9685","Female","White",2008,24,"Tresspass",2,2,1,0,1,0,0,0,0,0,2
"9686","Male","White",2008,24,"Tresspass",8,5,5,0,2,0,0,2,0,0,8
"9687","Female","Black",2009,24,"Tresspass",22,19,15,0,5,0,0,4,0,0,22
"9688","Male","Black",2009,24,"Tresspass",95,79,76,0,8,0,1,6,0,0,95
"9689","Female","Hispanic",2009,24,"Tresspass",8,3,3,0,2,0,0,1,0,0,8
"9690","Male","Hispanic",2009,24,"Tresspass",40,29,29,0,6,0,0,2,0,0,40
"9691","Female","Other",2009,24,"Tresspass",1,1,1,0,0,0,0,0,0,0,1
"9692","Male","Other",2009,24,"Tresspass",1,1,1,0,0,0,0,1,0,0,1
"9693","Unknown","Other",2009,24,"Tresspass",3,3,2,0,0,0,0,1,0,0,3
"9694","Female","White",2009,24,"Tresspass",1,1,1,0,0,0,0,0,0,0,1
"9695","Male","White",2009,24,"Tresspass",7,2,3,0,0,0,0,0,0,0,7
"9696","Male","Asian",2010,24,"Tresspass",1,1,1,0,0,0,0,0,0,0,1
"9697","Female","Black",2010,24,"Tresspass",4,3,4,0,1,0,0,1,0,0,4
"9698","Male","Black",2010,24,"Tresspass",42,30,31,0,9,0,0,10,0,0,42
"9699","Unknown","Black",2010,24,"Tresspass",1,1,1,0,1,0,0,1,0,0,1
"9700","Female","Hispanic",2010,24,"Tresspass",1,0,0,0,0,0,0,0,0,0,1
"9701","Male","Hispanic",2010,24,"Tresspass",16,13,13,0,4,0,0,1,0,0,16
"9702","Male","Other",2010,24,"Tresspass",1,0,0,0,0,0,0,0,0,0,1
"9703","Female","White",2010,24,"Tresspass",1,0,0,0,0,0,0,0,0,0,1
"9704","Male","White",2010,24,"Tresspass",4,3,4,0,2,0,1,2,0,0,4
"9705","Female","Black",2005,25,"Tresspass",3,3,3,0,3,0,0,0,0,0,3
"9706","Male","Black",2005,25,"Tresspass",11,6,7,0,7,0,0,2,0,0,11
"9707","Female","Hispanic",2005,25,"Tresspass",2,2,2,0,0,0,0,0,0,0,2
"9708","Male","Hispanic",2005,25,"Tresspass",7,4,4,0,6,0,0,2,0,0,7
"9709","Female","White",2005,25,"Tresspass",1,1,1,0,1,0,0,1,0,0,1
"9710","Male","White",2005,25,"Tresspass",1,0,0,0,0,0,0,0,0,0,1
"9711","Female","Black",2006,25,"Tresspass",18,15,15,0,6,0,0,1,0,0,18
"9712","Male","Black",2006,25,"Tresspass",107,91,90,0,49,1,0,17,0,0,107
"9713","Female","Hispanic",2006,25,"Tresspass",2,2,2,0,1,0,0,1,0,0,2
"9714","Male","Hispanic",2006,25,"Tresspass",34,28,28,0,15,0,0,8,0,0,34
"9715","Male","Native",2006,25,"Tresspass",1,1,1,0,0,0,0,0,0,0,1
"9716","Female","Other",2006,25,"Tresspass",1,1,1,0,0,0,0,0,0,0,1
"9717","Male","Other",2006,25,"Tresspass",1,1,1,0,0,0,0,0,0,0,1
"9718","Female","White",2006,25,"Tresspass",2,2,2,0,0,0,0,0,0,0,2
"9719","Male","White",2006,25,"Tresspass",2,2,1,0,0,0,0,0,0,0,2
"9720","Female","Black",2007,25,"Tresspass",45,32,36,0,8,0,0,2,0,0,45
"9721","Male","Black",2007,25,"Tresspass",234,192,207,1,63,3,1,33,0,0,234
"9722","Unknown","Black",2007,25,"Tresspass",2,2,1,0,0,0,0,0,0,0,2
"9723","Female","Hispanic",2007,25,"Tresspass",15,13,14,0,5,0,0,2,0,0,15
"9724","Male","Hispanic",2007,25,"Tresspass",46,31,37,0,12,0,0,4,0,0,46
"9725","Female","Other",2007,25,"Tresspass",2,1,2,0,2,0,0,0,0,0,2
"9726","Male","Other",2007,25,"Tresspass",9,7,8,0,3,0,1,1,0,0,9
"9727","Unknown","Other",2007,25,"Tresspass",3,2,2,0,0,0,0,1,0,0,3
"9728","Female","White",2007,25,"Tresspass",1,1,1,0,0,0,0,0,0,0,1
"9729","Male","White",2007,25,"Tresspass",6,5,5,0,4,0,1,1,0,0,6
"9730","Female","Asian",2008,25,"Tresspass",1,0,1,0,0,0,0,0,0,0,1
"9731","Male","Asian",2008,25,"Tresspass",1,1,1,0,1,0,0,1,0,0,1
"9732","Female","Black",2008,25,"Tresspass",29,22,23,0,6,0,0,3,0,0,29
"9733","Male","Black",2008,25,"Tresspass",177,144,142,0,54,1,2,34,0,0,177
"9734","Unknown","Black",2008,25,"Tresspass",1,1,0,0,0,0,0,0,0,0,1
"9735","Female","Hispanic",2008,25,"Tresspass",13,10,11,0,4,0,0,2,0,0,13
"9736","Male","Hispanic",2008,25,"Tresspass",52,37,40,0,11,0,0,7,0,0,52
"9737","Male","Native",2008,25,"Tresspass",4,2,1,0,0,0,0,1,0,0,4
"9738","Female","Other",2008,25,"Tresspass",1,0,0,0,1,0,0,0,0,0,1
"9739","Male","Other",2008,25,"Tresspass",8,6,4,0,2,0,0,0,0,0,8
"9740","Unknown","Other",2008,25,"Tresspass",2,2,2,0,1,0,0,1,0,0,2
"9741","Female","White",2008,25,"Tresspass",4,3,3,0,0,0,0,0,0,0,4
"9742","Male","White",2008,25,"Tresspass",4,4,4,0,0,0,0,0,0,0,4
"9743","Female","Asian",2009,25,"Tresspass",2,1,2,0,0,0,0,0,0,0,2
"9744","Female","Black",2009,25,"Tresspass",31,18,25,0,5,0,0,2,0,0,31
"9745","Male","Black",2009,25,"Tresspass",186,159,162,0,39,0,0,24,0,0,186
"9746","Female","Hispanic",2009,25,"Tresspass",7,4,5,0,4,0,0,3,0,0,7
"9747","Male","Hispanic",2009,25,"Tresspass",36,30,25,0,5,0,0,2,0,0,36
"9748","Female","Other",2009,25,"Tresspass",4,3,3,0,0,0,0,0,0,0,4
"9749","Male","Other",2009,25,"Tresspass",9,9,6,0,1,0,0,3,0,0,9
"9750","Unknown","Other",2009,25,"Tresspass",4,3,3,0,0,0,0,0,0,0,4
"9751","Female","White",2009,25,"Tresspass",1,1,1,0,0,0,0,0,0,0,1
"9752","Male","White",2009,25,"Tresspass",7,7,5,0,3,0,0,0,0,0,7
"9753","Unknown","White",2009,25,"Tresspass",2,1,2,0,1,0,0,1,0,0,2
"9754","Female","Asian",2010,25,"Tresspass",2,1,1,0,0,0,0,1,0,0,2
"9755","Male","Asian",2010,25,"Tresspass",3,2,2,0,0,0,0,1,0,0,3
"9756","Female","Black",2010,25,"Tresspass",13,11,11,0,2,0,0,0,0,0,13
"9757","Male","Black",2010,25,"Tresspass",119,94,99,0,27,0,0,24,0,0,119
"9758","Female","Hispanic",2010,25,"Tresspass",5,4,4,0,1,0,0,1,0,0,5
"9759","Male","Hispanic",2010,25,"Tresspass",28,24,20,0,7,0,0,9,0,0,28
"9760","Male","Other",2010,25,"Tresspass",2,1,2,0,0,0,0,0,0,0,2
"9761","Unknown","Other",2010,25,"Tresspass",1,1,1,0,0,0,0,0,0,0,1
"9762","Male","White",2010,25,"Tresspass",5,3,4,0,3,0,1,2,0,0,5
"9763","Female","Black",2006,26,"Tresspass",7,6,7,0,0,0,0,0,0,0,7
"9764","Male","Black",2006,26,"Tresspass",31,26,18,0,5,0,0,1,0,0,31
"9765","Male","Hispanic",2006,26,"Tresspass",7,6,6,0,2,0,0,1,0,0,7
"9766","Male","Other",2006,26,"Tresspass",1,1,1,0,0,0,0,1,0,0,1
"9767","Male","White",2006,26,"Tresspass",2,2,1,0,0,0,0,1,0,0,2
"9768","Female","Black",2007,26,"Tresspass",8,7,6,0,0,0,0,0,0,0,8
"9769","Male","Black",2007,26,"Tresspass",45,34,37,0,5,0,0,2,0,0,45
"9770","Male","Hispanic",2007,26,"Tresspass",16,14,13,0,3,0,0,3,0,0,16
"9771","Unknown","Hispanic",2007,26,"Tresspass",1,0,0,0,0,0,0,0,0,0,1
"9772","Female","Other",2007,26,"Tresspass",1,1,0,0,0,0,0,0,0,0,1
"9773","Male","Other",2007,26,"Tresspass",1,1,0,0,0,0,0,0,0,0,1
"9774","Unknown","Other",2007,26,"Tresspass",4,3,3,0,1,0,0,0,0,0,4
"9775","Male","White",2007,26,"Tresspass",6,2,2,0,3,0,0,1,0,0,6
"9776","Female","Asian",2008,26,"Tresspass",1,0,1,0,0,0,0,0,0,0,1
"9777","Female","Black",2008,26,"Tresspass",9,8,7,0,0,0,0,0,0,0,9
"9778","Male","Black",2008,26,"Tresspass",69,48,61,0,6,0,0,7,0,0,69
"9779","Female","Hispanic",2008,26,"Tresspass",12,10,9,0,2,0,0,0,0,0,12
"9780","Male","Hispanic",2008,26,"Tresspass",19,16,17,0,4,0,0,2,0,0,19
"9781","Unknown","Hispanic",2008,26,"Tresspass",1,1,1,0,0,0,0,0,0,0,1
"9782","Male","Native",2008,26,"Tresspass",1,1,1,0,0,0,0,0,0,0,1
"9783","Male","Other",2008,26,"Tresspass",2,2,1,0,0,0,0,0,0,0,2
"9784","Unknown","Other",2008,26,"Tresspass",2,2,2,0,0,0,0,0,0,0,2
"9785","Female","White",2008,26,"Tresspass",2,2,2,0,0,0,0,0,0,0,2
"9786","Male","White",2008,26,"Tresspass",1,1,1,0,0,0,0,0,0,0,1
"9787","Female","Asian",2009,26,"Tresspass",1,1,0,0,0,0,0,0,0,0,1
"9788","Female","Black",2009,26,"Tresspass",19,12,17,0,2,0,0,1,0,0,19
"9789","Male","Black",2009,26,"Tresspass",95,74,67,0,12,0,0,9,0,0,95
"9790","Female","Hispanic",2009,26,"Tresspass",8,5,6,0,2,0,0,1,0,0,8
"9791","Male","Hispanic",2009,26,"Tresspass",21,16,16,0,4,0,0,3,0,0,21
"9792","Female","Other",2009,26,"Tresspass",1,1,1,0,0,0,0,0,0,0,1
"9793","Male","Other",2009,26,"Tresspass",1,1,1,0,0,0,0,0,0,0,1
"9794","Unknown","Other",2009,26,"Tresspass",4,4,3,0,2,0,0,0,0,0,4
"9795","Male","White",2009,26,"Tresspass",2,1,2,0,0,0,0,0,0,0,2
"9796","Female","Black",2010,26,"Tresspass",8,4,5,0,3,0,0,1,0,0,8
"9797","Male","Black",2010,26,"Tresspass",53,45,40,0,10,0,0,4,0,0,53
"9798","Female","Hispanic",2010,26,"Tresspass",4,2,2,0,0,0,0,0,0,0,4
"9799","Male","Hispanic",2010,26,"Tresspass",14,11,12,0,2,0,0,2,0,0,14
"9800","Male","Other",2010,26,"Tresspass",1,1,1,0,0,0,0,0,0,0,1
"9801","Male","White",2010,26,"Tresspass",1,0,0,0,0,0,0,0,0,0,1
"9802","Male","Black",2005,28,"Tresspass",3,2,1,0,0,0,0,0,0,0,3
"9803","Female","Hispanic",2005,28,"Tresspass",1,0,1,0,1,0,0,0,0,0,1
"9804","Female","Black",2006,28,"Tresspass",27,22,21,0,13,2,0,9,0,0,27
"9805","Male","Black",2006,28,"Tresspass",95,76,71,0,36,1,0,23,0,0,95
"9806","Female","Hispanic",2006,28,"Tresspass",4,3,3,0,1,0,0,0,0,0,4
"9807","Male","Hispanic",2006,28,"Tresspass",12,9,10,0,3,0,0,1,0,0,12
"9808","Female","Other",2006,28,"Tresspass",2,2,2,0,0,0,0,0,0,0,2
"9809","Unknown","Other",2006,28,"Tresspass",1,1,1,0,1,0,0,0,0,0,1
"9810","Female","White",2006,28,"Tresspass",2,2,2,0,0,0,0,0,0,0,2
"9811","Male","White",2006,28,"Tresspass",2,2,2,0,1,0,0,1,0,0,2
"9812","Female","Black",2007,28,"Tresspass",28,20,21,0,4,0,0,2,0,0,28
"9813","Male","Black",2007,28,"Tresspass",151,115,127,0,41,0,0,18,0,0,151
"9814","Unknown","Black",2007,28,"Tresspass",1,1,1,0,0,0,0,0,0,0,1
"9815","Female","Hispanic",2007,28,"Tresspass",1,0,1,0,0,0,0,0,0,0,1
"9816","Male","Hispanic",2007,28,"Tresspass",9,7,8,0,2,0,0,1,0,0,9
"9817","Female","Other",2007,28,"Tresspass",1,1,1,0,1,0,0,0,0,0,1
"9818","Male","Other",2007,28,"Tresspass",6,4,4,0,1,0,0,0,0,0,6
"9819","Unknown","Other",2007,28,"Tresspass",2,2,2,0,1,0,0,1,0,0,2
"9820","Female","White",2007,28,"Tresspass",2,2,2,0,0,0,0,0,0,0,2
"9821","Male","White",2007,28,"Tresspass",4,3,3,0,1,0,0,1,0,0,4
"9822","Male","Asian",2008,28,"Tresspass",1,1,1,0,0,0,0,0,0,0,1
"9823","Female","Black",2008,28,"Tresspass",22,15,17,0,8,0,1,5,0,0,22
"9824","Male","Black",2008,28,"Tresspass",164,127,136,0,55,1,0,37,0,0,164
"9825","Unknown","Black",2008,28,"Tresspass",2,1,2,0,0,0,0,1,0,0,2
"9826","Female","Hispanic",2008,28,"Tresspass",5,2,4,0,0,0,0,1,0,0,5
"9827","Male","Hispanic",2008,28,"Tresspass",17,12,14,0,5,0,0,7,0,0,17
"9828","Male","Native",2008,28,"Tresspass",1,1,1,0,0,0,0,0,0,0,1
"9829","Male","Other",2008,28,"Tresspass",4,4,2,0,2,0,0,1,0,0,4
"9830","Unknown","Other",2008,28,"Tresspass",2,2,2,0,0,0,0,0,0,0,2
"9831","Female","White",2008,28,"Tresspass",3,3,3,0,2,0,0,1,0,0,3
"9832","Male","White",2008,28,"Tresspass",7,6,4,0,2,0,0,1,0,0,7
"9833","Male","Asian",2009,28,"Tresspass",1,1,1,0,0,0,0,0,0,0,1
"9834","Female","Black",2009,28,"Tresspass",32,24,31,0,6,0,0,3,0,0,32
"9835","Male","Black",2009,28,"Tresspass",155,116,133,0,38,2,0,29,0,0,155
"9836","Unknown","Black",2009,28,"Tresspass",1,1,1,0,0,0,0,0,0,0,1
"9837","Male","Hispanic",2009,28,"Tresspass",25,21,25,0,5,0,0,5,0,0,25
"9838","Female","Other",2009,28,"Tresspass",1,0,1,0,0,0,0,0,0,0,1
"9839","Male","Other",2009,28,"Tresspass",5,3,5,0,1,0,0,0,0,0,5
"9840","Unknown","Other",2009,28,"Tresspass",1,1,1,0,0,0,0,0,0,0,1
"9841","Male","White",2009,28,"Tresspass",4,3,3,0,0,0,0,1,0,0,4
"9842","Female","Black",2010,28,"Tresspass",17,9,14,0,5,0,0,3,0,0,17
"9843","Male","Black",2010,28,"Tresspass",66,46,55,0,12,0,0,13,0,0,66
"9844","Female","Hispanic",2010,28,"Tresspass",1,1,1,0,1,0,0,1,0,0,1
"9845","Male","Hispanic",2010,28,"Tresspass",15,9,12,0,4,0,0,3,0,0,15
"9846","Male","Other",2010,28,"Tresspass",2,2,2,0,0,0,0,0,0,0,2
"9847","Male","White",2010,28,"Tresspass",2,2,1,0,0,0,0,0,0,0,2
"9848","Male","Black",2006,30,"Tresspass",3,3,2,0,0,0,0,1,0,0,3
"9849","Female","Hispanic",2006,30,"Tresspass",1,1,1,0,0,0,0,0,0,0,1
"9850","Male","Hispanic",2006,30,"Tresspass",3,3,3,0,0,0,0,0,0,0,3
"9851","Female","Black",2007,30,"Tresspass",2,2,2,0,0,0,0,0,0,0,2
"9852","Male","Black",2007,30,"Tresspass",3,1,3,0,1,0,0,1,0,0,3
"9853","Female","Hispanic",2007,30,"Tresspass",1,0,0,0,0,0,0,0,0,0,1
"9854","Male","Hispanic",2007,30,"Tresspass",9,3,5,0,3,0,0,2,0,0,9
"9855","Male","Other",2007,30,"Tresspass",1,0,0,0,0,0,0,0,0,0,1
"9856","Unknown","Other",2007,30,"Tresspass",1,1,1,0,0,0,0,0,0,0,1
"9857","Female","Black",2008,30,"Tresspass",2,0,0,0,0,0,0,0,0,0,2
"9858","Male","Black",2008,30,"Tresspass",20,8,9,0,6,0,0,2,0,0,20
"9859","Female","Hispanic",2008,30,"Tresspass",1,0,0,0,0,0,0,0,0,0,1
"9860","Male","Hispanic",2008,30,"Tresspass",13,11,6,0,1,0,0,7,0,0,13
"9861","Male","White",2008,30,"Tresspass",1,0,1,0,1,0,0,0,0,0,1
"9862","Male","Asian",2009,30,"Tresspass",1,1,0,0,0,0,0,1,0,0,1
"9863","Male","Black",2009,30,"Tresspass",20,9,10,0,2,0,0,3,0,0,20
"9864","Male","Hispanic",2009,30,"Tresspass",18,14,10,0,5,0,0,6,0,0,18
"9865","Unknown","Other",2009,30,"Tresspass",2,2,2,0,0,0,0,0,0,0,2
"9866","Female","White",2009,30,"Tresspass",1,0,1,0,0,0,0,0,0,0,1
"9867","Male","Black",2010,30,"Tresspass",2,2,2,0,1,0,0,0,0,0,2
"9868","Male","Hispanic",2010,30,"Tresspass",11,10,10,0,3,0,0,4,0,0,11
"9869","Female","Other",2010,30,"Tresspass",1,1,1,0,0,0,0,0,0,0,1
"9870","Male","Other",2010,30,"Tresspass",1,1,1,0,0,0,0,0,0,0,1
"9871","Female","Black",2006,32,"Tresspass",10,8,7,0,0,0,0,1,0,0,10
"9872","Male","Black",2006,32,"Tresspass",74,57,60,0,20,0,1,12,0,0,74
"9873","Female","Hispanic",2006,32,"Tresspass",2,1,2,0,0,0,0,0,0,0,2
"9874","Male","Hispanic",2006,32,"Tresspass",9,7,6,0,4,0,0,2,0,0,9
"9875","Female","Other",2006,32,"Tresspass",3,2,3,0,0,0,0,0,0,0,3
"9876","Male","Other",2006,32,"Tresspass",2,2,2,0,1,0,0,0,0,0,2
"9877","Unknown","Other",2006,32,"Tresspass",2,2,2,0,1,0,0,2,0,0,2
"9878","Male","White",2006,32,"Tresspass",1,0,1,0,1,0,0,1,0,0,1
"9879","Female","Black",2007,32,"Tresspass",19,12,14,0,3,0,0,2,0,0,19
"9880","Male","Black",2007,32,"Tresspass",129,101,81,0,28,2,2,18,0,0,129
"9881","Female","Hispanic",2007,32,"Tresspass",5,4,3,0,1,0,0,0,0,0,5
"9882","Male","Hispanic",2007,32,"Tresspass",11,7,7,0,2,0,0,2,0,0,11
"9883","Male","Native",2007,32,"Tresspass",1,1,1,0,1,0,0,1,0,0,1
"9884","Female","Other",2007,32,"Tresspass",1,1,1,0,0,0,0,0,0,0,1
"9885","Male","Other",2007,32,"Tresspass",6,3,3,0,1,0,0,1,0,0,6
"9886","Unknown","Other",2007,32,"Tresspass",2,2,1,0,0,0,0,0,0,0,2
"9887","Female","White",2007,32,"Tresspass",2,2,0,0,0,0,0,0,0,0,2
"9888","Unknown","White",2007,32,"Tresspass",1,1,0,0,0,0,0,0,0,0,1
"9889","Female","Asian",2008,32,"Tresspass",1,1,1,0,0,0,0,0,0,0,1
"9890","Male","Asian",2008,32,"Tresspass",1,1,1,0,1,0,0,1,0,0,1
"9891","Female","Black",2008,32,"Tresspass",26,17,20,0,4,0,0,0,0,0,26
"9892","Male","Black",2008,32,"Tresspass",168,133,101,0,26,1,0,28,0,0,168
"9893","Female","Hispanic",2008,32,"Tresspass",5,2,1,0,0,0,0,0,0,0,5
"9894","Male","Hispanic",2008,32,"Tresspass",20,14,13,0,2,0,0,2,0,0,20
"9895","Female","Other",2008,32,"Tresspass",3,3,3,0,0,0,0,0,0,0,3
"9896","Male","Other",2008,32,"Tresspass",7,5,5,0,2,0,0,1,0,0,7
"9897","Unknown","Other",2008,32,"Tresspass",3,3,2,0,0,0,0,0,0,0,3
"9898","Female","White",2008,32,"Tresspass",1,1,1,0,0,0,0,0,0,0,1
"9899","Male","White",2008,32,"Tresspass",3,3,3,0,0,0,0,0,0,0,3
"9900","Female","Black",2009,32,"Tresspass",37,29,22,0,5,0,0,5,0,0,37
"9901","Male","Black",2009,32,"Tresspass",193,158,103,1,24,0,4,23,0,0,193
"9902","Unknown","Black",2009,32,"Tresspass",4,3,2,0,0,0,0,0,0,0,4
"9903","Female","Hispanic",2009,32,"Tresspass",3,2,2,0,0,0,0,0,0,0,3
"9904","Male","Hispanic",2009,32,"Tresspass",26,21,14,0,2,0,0,2,0,0,26
"9905","Female","Other",2009,32,"Tresspass",1,1,0,0,0,0,0,0,0,0,1
"9906","Male","Other",2009,32,"Tresspass",9,5,4,0,2,0,0,0,0,0,9
"9907","Unknown","Other",2009,32,"Tresspass",4,3,1,0,0,0,0,0,0,0,4
"9908","Male","White",2009,32,"Tresspass",3,3,3,0,2,0,0,2,0,0,3
"9909","Female","Black",2010,32,"Tresspass",13,10,13,0,7,0,0,7,0,0,13
"9910","Male","Black",2010,32,"Tresspass",74,62,42,0,15,0,0,23,0,0,74
"9911","Male","Hispanic",2010,32,"Tresspass",3,3,2,0,0,0,0,0,0,0,3
"9912","Male","Other",2010,32,"Tresspass",1,1,1,0,1,0,0,0,0,0,1
"9913","Female","White",2010,32,"Tresspass",2,2,1,0,1,0,0,0,0,0,2
"9914","Male","Black",2006,33,"Tresspass",10,7,5,0,3,0,0,0,0,0,10
"9915","Male","Hispanic",2006,33,"Tresspass",8,5,3,0,2,0,0,1,0,0,8
"9916","Male","Other",2006,33,"Tresspass",1,1,1,0,0,0,0,0,0,0,1
"9917","Male","White",2006,33,"Tresspass",3,1,0,0,0,0,0,0,0,0,3
"9918","Male","Black",2007,33,"Tresspass",9,5,4,0,2,0,0,3,0,0,9
"9919","Female","Hispanic",2007,33,"Tresspass",2,0,0,0,0,0,0,2,0,0,2
"9920","Male","Hispanic",2007,33,"Tresspass",9,5,5,0,3,0,0,1,0,0,9
"9921","Unknown","Other",2007,33,"Tresspass",3,3,3,0,0,0,0,2,0,0,3
"9922","Male","White",2007,33,"Tresspass",1,1,0,0,0,0,0,0,0,0,1
"9923","Female","Black",2008,33,"Tresspass",2,0,0,0,0,0,0,0,0,0,2
"9924","Male","Black",2008,33,"Tresspass",22,16,10,0,4,0,0,3,0,0,22
"9925","Female","Hispanic",2008,33,"Tresspass",2,1,2,0,1,0,0,0,0,0,2
"9926","Male","Hispanic",2008,33,"Tresspass",34,20,17,0,9,0,0,2,0,0,34
"9927","Female","Other",2008,33,"Tresspass",1,0,0,0,0,0,0,0,0,0,1
"9928","Female","White",2008,33,"Tresspass",2,0,1,0,1,0,0,0,0,0,2
"9929","Male","White",2008,33,"Tresspass",3,3,1,0,1,0,0,0,0,0,3
"9930","Female","Black",2009,33,"Tresspass",3,3,3,0,3,0,0,1,0,0,3
"9931","Male","Black",2009,33,"Tresspass",13,10,7,0,2,0,0,1,0,0,13
"9932","Male","Hispanic",2009,33,"Tresspass",30,24,16,0,12,0,0,5,0,0,30
"9933","Male","Other",2009,33,"Tresspass",1,1,1,0,1,0,0,1,0,0,1
"9934","Female","White",2009,33,"Tresspass",3,2,2,0,2,0,0,1,0,0,3
"9935","Male","White",2009,33,"Tresspass",10,9,7,0,3,0,0,0,0,0,10
"9936","Female","Black",2010,33,"Tresspass",1,0,1,0,1,0,0,0,0,0,1
"9937","Male","Black",2010,33,"Tresspass",10,8,3,0,2,0,0,1,0,0,10
"9938","Male","Hispanic",2010,33,"Tresspass",23,17,17,0,11,0,0,12,0,0,23
"9939","Unknown","Other",2010,33,"Tresspass",1,1,0,0,0,0,0,0,0,0,1
"9940","Male","White",2010,33,"Tresspass",1,1,0,0,0,0,0,0,0,0,1
"9941","Female","Black",2006,34,"Tresspass",1,1,0,0,0,0,0,0,0,0,1
"9942","Male","Black",2006,34,"Tresspass",3,3,3,0,1,0,0,1,0,0,3
"9943","Male","Hispanic",2006,34,"Tresspass",7,7,6,0,5,0,0,5,0,0,7
"9944","Unknown","Other",2006,34,"Tresspass",2,2,2,0,1,0,0,0,0,0,2
"9945","Female","Asian",2007,34,"Tresspass",1,1,0,0,0,0,0,0,0,0,1
"9946","Male","Asian",2007,34,"Tresspass",1,1,1,0,0,0,0,0,0,0,1
"9947","Male","Black",2007,34,"Tresspass",12,9,10,0,1,0,0,3,0,0,12
"9948","Female","Hispanic",2007,34,"Tresspass",2,2,1,0,0,0,0,1,0,0,2
"9949","Male","Hispanic",2007,34,"Tresspass",20,16,9,0,3,0,0,4,0,0,20
"9950","Male","White",2007,34,"Tresspass",5,3,4,0,0,0,0,0,0,0,5
"9951","Male","Black",2008,34,"Tresspass",3,3,3,0,1,0,0,0,0,0,3
"9952","Male","Hispanic",2008,34,"Tresspass",8,7,7,0,2,0,0,2,0,0,8
"9953","Male","Other",2008,34,"Tresspass",1,1,1,0,0,0,0,0,0,0,1
"9954","Male","Black",2009,34,"Tresspass",3,3,2,0,0,0,0,1,0,0,3
"9955","Female","Hispanic",2009,34,"Tresspass",2,1,1,0,1,0,0,0,0,0,2
"9956","Male","Hispanic",2009,34,"Tresspass",11,8,9,0,3,0,0,3,0,0,11
"9957","Male","White",2009,34,"Tresspass",1,1,0,0,0,0,0,0,0,0,1
"9958","Male","Black",2010,34,"Tresspass",1,1,1,0,1,0,0,1,0,0,1
"9959","Female","Hispanic",2010,34,"Tresspass",2,0,0,0,0,0,0,0,0,0,2
"9960","Male","Hispanic",2010,34,"Tresspass",17,14,13,0,1,0,0,3,0,0,17
"9961","Female","Black",2005,40,"Tresspass",3,2,3,0,0,0,0,0,0,0,3
"9962","Male","Black",2005,40,"Tresspass",1,1,1,0,1,0,0,1,0,0,1
"9963","Male","Hispanic",2005,40,"Tresspass",3,3,3,0,2,0,0,1,0,0,3
"9964","Male","Asian",2006,40,"Tresspass",1,1,1,0,1,0,0,1,0,0,1
"9965","Female","Black",2006,40,"Tresspass",29,16,14,0,4,0,0,2,0,0,29
"9966","Male","Black",2006,40,"Tresspass",117,83,65,0,26,1,0,30,0,0,117
"9967","Female","Hispanic",2006,40,"Tresspass",22,8,7,0,3,0,0,6,0,0,22
"9968","Male","Hispanic",2006,40,"Tresspass",98,67,61,0,24,0,0,29,0,0,98
"9969","Female","Other",2006,40,"Tresspass",2,1,0,0,1,0,0,0,0,0,2
"9970","Male","Other",2006,40,"Tresspass",8,3,4,0,2,0,0,2,0,0,8
"9971","Unknown","Other",2006,40,"Tresspass",3,2,3,0,0,0,0,0,0,0,3
"9972","Female","White",2006,40,"Tresspass",1,1,1,0,1,0,0,0,0,0,1
"9973","Male","White",2006,40,"Tresspass",2,2,2,0,0,0,0,1,0,0,2
"9974","Female","Black",2007,40,"Tresspass",24,18,18,0,4,0,0,1,0,0,24
"9975","Male","Black",2007,40,"Tresspass",106,83,71,0,14,1,0,18,0,0,106
"9976","Female","Hispanic",2007,40,"Tresspass",35,21,22,0,1,0,0,3,0,0,35
"9977","Male","Hispanic",2007,40,"Tresspass",120,89,77,0,29,0,0,29,0,0,120
"9978","Female","Other",2007,40,"Tresspass",2,1,1,0,0,0,0,0,0,0,2
"9979","Male","Other",2007,40,"Tresspass",4,4,1,0,0,0,0,1,0,0,4
"9980","Unknown","Other",2007,40,"Tresspass",5,5,4,0,0,0,0,1,0,0,5
"9981","Female","White",2007,40,"Tresspass",3,2,0,0,0,0,0,0,0,0,3
"9982","Male","White",2007,40,"Tresspass",5,3,2,0,1,0,0,0,0,0,5
"9983","Female","Asian",2008,40,"Tresspass",1,0,1,0,0,0,0,0,0,0,1
"9984","Male","Asian",2008,40,"Tresspass",1,1,1,0,0,0,0,1,0,0,1
"9985","Female","Black",2008,40,"Tresspass",21,14,15,0,7,0,0,11,0,0,21
"9986","Male","Black",2008,40,"Tresspass",140,108,94,0,35,0,0,50,0,0,140
"9987","Female","Hispanic",2008,40,"Tresspass",30,22,19,0,4,0,0,5,0,0,30
"9988","Male","Hispanic",2008,40,"Tresspass",117,88,73,0,43,0,0,42,0,0,117
"9989","Unknown","Hispanic",2008,40,"Tresspass",1,1,0,0,0,0,0,0,0,0,1
"9990","Male","Native",2008,40,"Tresspass",1,1,1,0,0,0,0,0,0,0,1
"9991","Female","Other",2008,40,"Tresspass",1,0,0,0,0,0,0,0,0,0,1
"9992","Unknown","Other",2008,40,"Tresspass",2,2,0,0,1,0,0,0,0,0,2
"9993","Male","White",2008,40,"Tresspass",2,0,1,0,1,0,0,1,0,0,2
"9994","Male","Asian",2009,40,"Tresspass",1,1,1,0,0,0,0,0,0,0,1
"9995","Female","Black",2009,40,"Tresspass",15,12,8,0,2,0,0,2,0,0,15
"9996","Male","Black",2009,40,"Tresspass",122,87,81,0,27,0,0,35,0,0,122
"9997","Female","Hispanic",2009,40,"Tresspass",19,13,10,0,6,0,0,5,0,0,19
"9998","Male","Hispanic",2009,40,"Tresspass",137,109,89,0,46,1,0,42,0,0,137
"9999","Male","Native",2009,40,"Tresspass",1,0,0,0,1,0,0,0,0,0,1
"10000","Female","Other",2009,40,"Tresspass",1,1,1,0,0,0,0,0,0,0,1
"10001","Male","Other",2009,40,"Tresspass",3,3,1,0,0,0,0,0,0,0,3
"10002","Unknown","Other",2009,40,"Tresspass",1,1,0,0,1,0,0,0,0,0,1
"10003","Female","White",2009,40,"Tresspass",1,0,0,0,0,0,0,0,0,0,1
"10004","Male","White",2009,40,"Tresspass",4,2,2,0,0,0,0,0,0,0,4
"10005","Male","Asian",2010,40,"Tresspass",1,1,0,0,0,0,0,0,0,0,1
"10006","Female","Black",2010,40,"Tresspass",24,17,12,0,7,0,0,10,0,0,24
"10007","Male","Black",2010,40,"Tresspass",126,92,80,0,20,1,1,22,0,0,126
"10008","Female","Hispanic",2010,40,"Tresspass",27,13,16,0,2,0,0,4,0,0,27
"10009","Male","Hispanic",2010,40,"Tresspass",166,132,99,0,35,0,1,36,0,0,166
"10010","Unknown","Hispanic",2010,40,"Tresspass",2,2,2,0,2,0,0,2,0,0,2
"10011","Male","Other",2010,40,"Tresspass",3,3,1,0,1,0,0,1,0,0,3
"10012","Unknown","Other",2010,40,"Tresspass",1,1,1,0,0,0,0,0,0,0,1
"10013","Female","White",2010,40,"Tresspass",5,4,3,0,1,0,0,2,0,0,5
"10014","Male","White",2010,40,"Tresspass",3,2,0,0,0,0,0,1,0,0,3
"10015","Male","Hispanic",2005,41,"Tresspass",1,1,1,0,1,0,0,1,0,0,1
"10016","Female","Black",2006,41,"Tresspass",6,4,2,0,6,0,0,2,0,0,6
"10017","Male","Black",2006,41,"Tresspass",56,22,36,0,50,0,0,36,0,0,56
"10018","Female","Hispanic",2006,41,"Tresspass",14,5,9,0,11,0,0,7,0,0,14
"10019","Male","Hispanic",2006,41,"Tresspass",56,30,32,1,46,0,0,34,0,0,56
"10020","Male","Other",2006,41,"Tresspass",2,1,2,0,1,0,0,1,0,0,2
"10021","Unknown","Other",2006,41,"Tresspass",1,0,0,0,0,0,0,0,0,0,1
"10022","Female","White",2006,41,"Tresspass",5,4,0,0,4,0,0,0,0,0,5
"10023","Male","White",2006,41,"Tresspass",4,3,2,0,3,0,0,1,0,0,4
"10024","Unknown","White",2006,41,"Tresspass",1,0,1,0,1,0,0,1,0,0,1
"10025","Female","Black",2007,41,"Tresspass",5,3,1,0,4,0,0,3,0,0,5
"10026","Male","Black",2007,41,"Tresspass",21,16,9,0,16,0,0,8,0,0,21
"10027","Female","Hispanic",2007,41,"Tresspass",12,10,1,0,8,0,0,2,0,0,12
"10028","Male","Hispanic",2007,41,"Tresspass",39,29,10,0,23,0,0,19,0,0,39
"10029","Unknown","Hispanic",2007,41,"Tresspass",5,4,0,0,4,0,0,0,0,0,5
"10030","Male","Other",2007,41,"Tresspass",2,1,0,0,2,0,0,1,0,0,2
"10031","Unknown","Other",2007,41,"Tresspass",2,2,1,0,1,0,0,1,0,0,2
"10032","Female","White",2007,41,"Tresspass",1,1,0,0,0,0,0,1,0,0,1
"10033","Male","White",2007,41,"Tresspass",2,2,0,0,1,0,0,0,0,0,2
"10034","Female","Black",2008,41,"Tresspass",10,7,7,0,5,0,0,4,0,0,10
"10035","Male","Black",2008,41,"Tresspass",48,39,10,0,11,0,1,26,0,0,48
"10036","Unknown","Black",2008,41,"Tresspass",2,2,0,0,0,0,0,1,0,0,2
"10037","Female","Hispanic",2008,41,"Tresspass",20,16,5,0,7,0,0,9,0,0,20
"10038","Male","Hispanic",2008,41,"Tresspass",73,60,27,0,22,0,0,44,0,0,73
"10039","Female","Other",2008,41,"Tresspass",5,4,1,0,0,0,0,1,0,0,5
"10040","Male","Other",2008,41,"Tresspass",5,3,0,0,2,0,0,3,0,0,5
"10041","Unknown","Other",2008,41,"Tresspass",14,11,5,0,5,0,0,4,0,0,14
"10042","Female","White",2008,41,"Tresspass",1,1,1,0,0,0,0,0,0,0,1
"10043","Male","White",2008,41,"Tresspass",3,2,0,0,1,0,0,2,0,0,3
"10044","Female","Black",2009,41,"Tresspass",6,6,1,0,4,0,0,3,0,0,6
"10045","Male","Black",2009,41,"Tresspass",46,39,17,0,17,0,0,25,0,0,46
"10046","Unknown","Black",2009,41,"Tresspass",4,4,1,0,1,0,0,3,0,0,4
"10047","Female","Hispanic",2009,41,"Tresspass",15,11,5,0,4,0,0,4,0,0,15
"10048","Male","Hispanic",2009,41,"Tresspass",69,60,21,0,33,0,0,39,0,0,69
"10049","Unknown","Hispanic",2009,41,"Tresspass",1,1,0,0,0,0,0,1,0,0,1
"10050","Female","Other",2009,41,"Tresspass",1,0,1,0,0,0,0,0,0,0,1
"10051","Male","Other",2009,41,"Tresspass",9,9,0,0,3,0,0,6,0,0,9
"10052","Unknown","Other",2009,41,"Tresspass",10,8,7,0,6,0,0,3,0,0,10
"10053","Female","White",2009,41,"Tresspass",3,2,1,0,1,0,0,0,0,0,3
"10054","Male","White",2009,41,"Tresspass",4,3,1,0,3,0,0,0,0,0,4
"10055","Female","Black",2010,41,"Tresspass",6,5,1,0,2,0,0,4,0,0,6
"10056","Male","Black",2010,41,"Tresspass",44,44,4,0,17,1,0,30,0,0,44
"10057","Unknown","Black",2010,41,"Tresspass",2,2,0,0,0,0,0,2,0,0,2
"10058","Female","Hispanic",2010,41,"Tresspass",9,8,1,0,2,0,0,6,0,0,9
"10059","Male","Hispanic",2010,41,"Tresspass",119,109,18,0,35,0,0,80,0,0,119
"10060","Unknown","Hispanic",2010,41,"Tresspass",1,0,0,0,1,0,0,0,0,0,1
"10061","Female","Other",2010,41,"Tresspass",1,1,0,0,0,0,0,1,0,0,1
"10062","Male","Other",2010,41,"Tresspass",8,8,0,0,4,0,0,3,0,0,8
"10063","Unknown","Other",2010,41,"Tresspass",4,2,2,0,0,0,0,3,0,0,4
"10064","Female","White",2010,41,"Tresspass",2,2,0,0,1,0,0,1,0,0,2
"10065","Female","Hispanic",2005,42,"Tresspass",1,0,0,0,0,0,0,0,0,0,1
"10066","Male","Hispanic",2005,42,"Tresspass",1,0,0,0,0,0,0,0,0,0,1
"10067","Female","Black",2006,42,"Tresspass",13,8,5,0,2,0,0,2,0,0,13
"10068","Male","Black",2006,42,"Tresspass",83,47,38,0,10,1,0,7,0,0,83
"10069","Female","Hispanic",2006,42,"Tresspass",8,5,2,0,2,0,0,1,0,0,8
"10070","Male","Hispanic",2006,42,"Tresspass",34,20,11,0,6,0,0,4,0,0,34
"10071","Unknown","Hispanic",2006,42,"Tresspass",1,0,0,0,0,0,0,0,0,0,1
"10072","Male","Other",2006,42,"Tresspass",4,3,1,0,1,0,0,0,0,0,4
"10073","Unknown","Other",2006,42,"Tresspass",4,2,1,0,0,0,0,0,0,0,4
"10074","Female","White",2006,42,"Tresspass",1,1,1,0,0,0,0,0,0,0,1
"10075","Male","White",2006,42,"Tresspass",1,1,1,0,0,0,0,1,0,0,1
"10076","Female","Black",2007,42,"Tresspass",21,19,13,0,4,0,0,3,0,0,21
"10077","Male","Black",2007,42,"Tresspass",76,63,57,0,18,0,2,18,0,0,76
"10078","Female","Hispanic",2007,42,"Tresspass",4,4,3,0,2,0,0,1,0,0,4
"10079","Male","Hispanic",2007,42,"Tresspass",34,25,23,0,4,0,0,6,0,0,34
"10080","Unknown","Hispanic",2007,42,"Tresspass",1,1,1,0,0,0,0,0,0,0,1
"10081","Male","Other",2007,42,"Tresspass",2,2,1,0,0,0,0,0,0,0,2
"10082","Unknown","Other",2007,42,"Tresspass",3,3,3,0,0,0,0,0,0,0,3
"10083","Female","White",2007,42,"Tresspass",1,1,0,0,0,0,0,1,0,0,1
"10084","Male","White",2007,42,"Tresspass",1,1,1,0,0,0,0,0,0,0,1
"10085","Male","Asian",2008,42,"Tresspass",1,1,1,0,0,0,0,1,0,0,1
"10086","Female","Black",2008,42,"Tresspass",9,6,5,0,4,0,0,3,0,0,9
"10087","Male","Black",2008,42,"Tresspass",78,61,52,0,14,0,0,21,0,0,78
"10088","Female","Hispanic",2008,42,"Tresspass",10,6,6,0,3,0,0,4,0,0,10
"10089","Male","Hispanic",2008,42,"Tresspass",32,27,24,0,10,0,0,10,0,0,32
"10090","Female","Native",2008,42,"Tresspass",1,1,1,0,0,0,0,0,0,0,1
"10091","Male","Other",2008,42,"Tresspass",1,1,0,0,0,0,0,0,0,0,1
"10092","Male","White",2008,42,"Tresspass",2,2,2,0,1,0,0,1,0,0,2
"10093","Female","Black",2009,42,"Tresspass",21,14,14,0,3,0,0,5,0,0,21
"10094","Male","Black",2009,42,"Tresspass",72,60,51,0,16,0,0,22,0,0,72
"10095","Female","Hispanic",2009,42,"Tresspass",4,3,3,0,0,0,0,0,0,0,4
"10096","Male","Hispanic",2009,42,"Tresspass",26,18,20,0,4,0,0,3,0,0,26
"10097","Male","Other",2009,42,"Tresspass",1,1,1,0,0,0,0,1,0,0,1
"10098","Female","White",2009,42,"Tresspass",1,1,1,0,0,0,0,0,0,0,1
"10099","Male","White",2009,42,"Tresspass",1,1,1,0,0,0,0,0,0,0,1
"10100","Female","Black",2010,42,"Tresspass",16,10,9,0,7,0,0,4,0,0,16
"10101","Male","Black",2010,42,"Tresspass",70,53,47,0,15,0,0,14,0,0,70
"10102","Female","Hispanic",2010,42,"Tresspass",2,1,1,0,1,0,0,1,0,0,2
"10103","Male","Hispanic",2010,42,"Tresspass",24,17,20,0,7,0,0,9,0,0,24
"10104","Unknown","Other",2010,42,"Tresspass",1,1,0,0,0,0,0,0,0,0,1
"10105","Male","Black",2005,43,"Tresspass",2,1,1,0,1,0,0,2,0,0,2
"10106","Male","Hispanic",2005,43,"Tresspass",1,1,1,0,1,0,0,1,0,0,1
"10107","Female","Black",2006,43,"Tresspass",15,8,6,0,3,0,0,3,0,0,15
"10108","Male","Black",2006,43,"Tresspass",139,109,90,0,35,0,0,27,0,0,139
"10109","Female","Hispanic",2006,43,"Tresspass",8,7,7,0,1,0,0,0,0,0,8
"10110","Male","Hispanic",2006,43,"Tresspass",68,48,36,0,13,0,0,8,0,0,68
"10111","Unknown","Hispanic",2006,43,"Tresspass",1,1,1,0,0,0,0,0,0,0,1
"10112","Male","Native",2006,43,"Tresspass",1,0,0,0,0,0,0,0,0,0,1
"10113","Female","Other",2006,43,"Tresspass",1,0,0,0,1,0,0,1,0,0,1
"10114","Male","Other",2006,43,"Tresspass",5,5,3,0,1,0,0,1,0,0,5
"10115","Unknown","Other",2006,43,"Tresspass",2,1,1,0,2,0,0,0,0,0,2
"10116","Female","White",2006,43,"Tresspass",3,2,2,0,0,0,0,0,0,0,3
"10117","Male","White",2006,43,"Tresspass",7,6,4,0,1,0,0,0,0,0,7
"10118","Male","Asian",2007,43,"Tresspass",1,1,1,0,1,0,0,1,0,0,1
"10119","Female","Black",2007,43,"Tresspass",23,14,9,0,5,0,0,5,0,0,23
"10120","Male","Black",2007,43,"Tresspass",179,156,118,0,30,2,1,34,0,0,179
"10121","Female","Hispanic",2007,43,"Tresspass",23,17,11,0,3,0,0,2,0,0,23
"10122","Male","Hispanic",2007,43,"Tresspass",146,126,93,0,14,0,0,28,0,0,146
"10123","Unknown","Hispanic",2007,43,"Tresspass",2,1,1,0,0,0,0,1,0,0,2
"10124","Male","Native",2007,43,"Tresspass",1,1,1,0,0,0,0,0,0,0,1
"10125","Male","Other",2007,43,"Tresspass",6,6,4,0,1,1,0,2,0,0,6
"10126","Unknown","Other",2007,43,"Tresspass",1,1,1,0,0,0,0,0,0,0,1
"10127","Female","White",2007,43,"Tresspass",2,1,2,0,1,0,0,1,0,0,2
"10128","Male","White",2007,43,"Tresspass",4,3,1,0,0,0,0,2,0,0,4
"10129","Male","Asian",2008,43,"Tresspass",3,1,1,0,0,0,0,2,0,0,3
"10130","Female","Black",2008,43,"Tresspass",39,23,17,0,5,0,0,5,0,0,39
"10131","Male","Black",2008,43,"Tresspass",165,128,111,0,31,0,0,41,0,0,165
"10132","Female","Hispanic",2008,43,"Tresspass",33,26,21,0,7,0,0,5,0,0,33
"10133","Male","Hispanic",2008,43,"Tresspass",107,90,75,0,20,0,0,21,0,0,107
"10134","Unknown","Hispanic",2008,43,"Tresspass",1,0,0,0,0,0,0,0,0,0,1
"10135","Male","Native",2008,43,"Tresspass",2,2,1,0,1,0,0,1,0,0,2
"10136","Female","Other",2008,43,"Tresspass",1,1,0,0,0,0,0,0,0,0,1
"10137","Male","Other",2008,43,"Tresspass",10,6,8,0,2,0,0,5,0,0,10
"10138","Unknown","Other",2008,43,"Tresspass",3,1,0,0,1,0,0,0,0,0,3
"10139","Female","White",2008,43,"Tresspass",3,3,2,0,1,0,0,1,0,0,3
"10140","Male","White",2008,43,"Tresspass",5,2,3,0,2,0,0,1,0,0,5
"10141","Male","Asian",2009,43,"Tresspass",1,1,0,0,0,0,0,0,0,0,1
"10142","Female","Black",2009,43,"Tresspass",46,36,33,0,11,0,0,6,0,0,46
"10143","Male","Black",2009,43,"Tresspass",214,153,151,0,60,0,0,43,0,0,214
"10144","Female","Hispanic",2009,43,"Tresspass",27,17,19,0,6,0,0,4,0,0,27
"10145","Male","Hispanic",2009,43,"Tresspass",189,137,135,0,38,0,0,36,0,0,189
"10146","Male","Native",2009,43,"Tresspass",1,1,0,0,0,0,0,0,0,0,1
"10147","Female","Other",2009,43,"Tresspass",2,2,1,0,1,0,0,2,0,0,2
"10148","Male","Other",2009,43,"Tresspass",5,2,4,0,4,0,0,1,0,0,5
"10149","Unknown","Other",2009,43,"Tresspass",2,1,0,0,0,0,0,1,0,0,2
"10150","Female","White",2009,43,"Tresspass",2,2,2,0,1,0,0,0,0,0,2
"10151","Male","White",2009,43,"Tresspass",6,5,4,0,1,0,0,1,0,0,6
"10152","Male","Asian",2010,43,"Tresspass",1,1,1,0,0,0,0,0,0,0,1
"10153","Female","Black",2010,43,"Tresspass",33,19,23,0,9,0,0,2,0,0,33
"10154","Male","Black",2010,43,"Tresspass",145,112,94,0,42,0,0,27,0,0,145
"10155","Unknown","Black",2010,43,"Tresspass",1,0,0,0,0,0,0,0,0,0,1
"10156","Female","Hispanic",2010,43,"Tresspass",23,12,14,0,8,0,0,2,0,0,23
"10157","Male","Hispanic",2010,43,"Tresspass",102,67,65,0,22,0,0,14,0,0,102
"10158","Unknown","Hispanic",2010,43,"Tresspass",1,1,0,0,0,0,0,0,0,0,1
"10159","Female","Other",2010,43,"Tresspass",1,0,0,0,0,0,0,0,0,0,1
"10160","Male","Other",2010,43,"Tresspass",9,2,1,0,0,0,0,0,0,0,9
"10161","Unknown","Other",2010,43,"Tresspass",4,1,0,0,1,0,0,0,0,0,4
"10162","Female","White",2010,43,"Tresspass",3,2,2,0,0,0,0,0,0,0,3
"10163","Male","White",2010,43,"Tresspass",2,2,1,0,0,0,0,1,0,0,2
"10164","Male","Black",2006,44,"Tresspass",15,10,14,0,10,0,0,2,0,0,15
"10165","Female","Hispanic",2006,44,"Tresspass",2,2,1,0,1,0,0,0,0,0,2
"10166","Male","Hispanic",2006,44,"Tresspass",20,12,18,0,11,0,0,3,0,0,20
"10167","Male","Other",2006,44,"Tresspass",2,1,2,0,2,0,0,0,0,0,2
"10168","Male","White",2006,44,"Tresspass",1,1,1,0,1,0,0,1,0,0,1
"10169","Unknown","White",2006,44,"Tresspass",1,0,0,0,1,0,0,1,0,0,1
"10170","Female","Black",2007,44,"Tresspass",4,4,3,0,2,0,0,2,0,0,4
"10171","Male","Black",2007,44,"Tresspass",28,22,21,0,14,0,0,9,0,0,28
"10172","Female","Hispanic",2007,44,"Tresspass",3,2,1,0,0,0,0,2,0,0,3
"10173","Male","Hispanic",2007,44,"Tresspass",16,12,10,0,6,0,1,3,0,0,16
"10174","Male","Other",2007,44,"Tresspass",2,1,2,0,0,0,0,0,0,0,2
"10175","Unknown","Other",2007,44,"Tresspass",4,4,2,0,2,0,0,1,0,0,4
"10176","Male","White",2007,44,"Tresspass",1,1,1,0,1,0,0,0,0,0,1
"10177","Female","Black",2008,44,"Tresspass",6,4,2,0,3,0,0,3,0,0,6
"10178","Male","Black",2008,44,"Tresspass",46,30,26,0,11,0,0,11,0,0,46
"10179","Unknown","Black",2008,44,"Tresspass",2,1,1,0,0,0,0,0,0,0,2
"10180","Female","Hispanic",2008,44,"Tresspass",12,5,3,0,4,0,0,2,0,0,12
"10181","Male","Hispanic",2008,44,"Tresspass",26,20,13,0,9,0,1,6,0,0,26
"10182","Male","Other",2008,44,"Tresspass",7,5,6,0,3,0,0,2,0,0,7
"10183","Unknown","Other",2008,44,"Tresspass",9,5,5,0,0,0,0,0,0,0,9
"10184","Male","White",2008,44,"Tresspass",1,1,0,0,1,0,0,0,0,0,1
"10185","Male","Asian",2009,44,"Tresspass",1,1,1,0,1,0,0,1,0,0,1
"10186","Female","Black",2009,44,"Tresspass",9,8,7,0,0,0,0,8,0,0,9
"10187","Male","Black",2009,44,"Tresspass",57,50,36,1,14,1,0,27,0,0,57
"10188","Female","Hispanic",2009,44,"Tresspass",3,2,1,0,0,0,0,0,0,0,3
"10189","Male","Hispanic",2009,44,"Tresspass",44,43,36,0,20,0,0,30,0,0,44
"10190","Female","Other",2009,44,"Tresspass",1,1,1,0,0,0,0,0,0,0,1
"10191","Male","Other",2009,44,"Tresspass",8,7,4,0,3,0,0,0,0,0,8
"10192","Unknown","Other",2009,44,"Tresspass",13,10,7,0,4,0,0,4,0,0,13
"10193","Male","White",2009,44,"Tresspass",2,2,0,0,0,0,0,2,0,0,2
"10194","Male","Asian",2010,44,"Tresspass",1,0,1,0,0,0,0,0,0,0,1
"10195","Female","Black",2010,44,"Tresspass",6,5,2,0,2,0,0,3,0,0,6
"10196","Male","Black",2010,44,"Tresspass",64,62,47,1,24,0,0,44,0,0,64
"10197","Unknown","Black",2010,44,"Tresspass",2,2,2,0,1,0,0,1,0,0,2
"10198","Female","Hispanic",2010,44,"Tresspass",4,3,3,0,1,0,0,2,0,0,4
"10199","Male","Hispanic",2010,44,"Tresspass",58,52,38,0,29,0,0,34,0,0,58
"10200","Unknown","Hispanic",2010,44,"Tresspass",2,1,1,0,1,0,0,1,0,0,2
"10201","Male","Other",2010,44,"Tresspass",3,2,1,0,1,0,0,1,0,0,3
"10202","Unknown","Other",2010,44,"Tresspass",4,3,0,0,1,0,0,1,0,0,4
"10203","Male","White",2010,44,"Tresspass",1,1,0,0,0,0,0,1,0,0,1
"10204","Female","Black",2006,45,"Tresspass",1,0,0,0,0,0,0,0,0,0,1
"10205","Male","Black",2006,45,"Tresspass",11,9,10,0,5,0,0,0,0,0,11
"10206","Female","Hispanic",2006,45,"Tresspass",2,1,0,0,0,0,0,0,0,0,2
"10207","Male","Hispanic",2006,45,"Tresspass",11,8,8,0,2,0,0,1,0,0,11
"10208","Male","Other",2006,45,"Tresspass",2,2,2,0,0,0,0,1,0,0,2
"10209","Male","White",2006,45,"Tresspass",1,1,1,0,0,0,0,0,0,0,1
"10210","Male","Black",2007,45,"Tresspass",15,12,12,0,4,0,0,3,0,0,15
"10211","Male","Hispanic",2007,45,"Tresspass",7,5,5,0,0,0,0,0,0,0,7
"10212","Male","Other",2007,45,"Tresspass",1,1,0,0,0,0,0,0,0,0,1
"10213","Female","White",2007,45,"Tresspass",1,0,1,0,0,0,0,0,0,0,1
"10214","Female","Black",2008,45,"Tresspass",3,2,2,0,0,0,0,0,0,0,3
"10215","Male","Black",2008,45,"Tresspass",10,10,10,0,3,0,0,1,0,0,10
"10216","Male","Hispanic",2008,45,"Tresspass",9,8,8,0,0,0,0,1,0,0,9
"10217","Male","Native",2008,45,"Tresspass",1,1,0,0,0,0,0,0,0,0,1
"10218","Male","Other",2008,45,"Tresspass",1,1,1,0,0,0,0,1,0,0,1
"10219","Female","Black",2009,45,"Tresspass",2,1,2,0,0,0,0,0,0,0,2
"10220","Male","Black",2009,45,"Tresspass",19,16,14,0,5,0,0,4,0,0,19
"10221","Female","Hispanic",2009,45,"Tresspass",7,4,4,0,2,0,0,0,0,0,7
"10222","Male","Hispanic",2009,45,"Tresspass",15,7,11,0,1,0,0,0,0,0,15
"10223","Female","White",2009,45,"Tresspass",2,2,1,0,1,0,0,1,0,0,2
"10224","Male","White",2009,45,"Tresspass",3,3,3,0,0,0,0,0,0,0,3
"10225","Female","Black",2010,45,"Tresspass",2,1,1,0,0,0,0,0,0,0,2
"10226","Male","Black",2010,45,"Tresspass",17,14,12,0,3,0,0,0,0,0,17
"10227","Female","Hispanic",2010,45,"Tresspass",1,1,0,0,1,0,0,0,0,0,1
"10228","Male","Hispanic",2010,45,"Tresspass",16,14,11,0,4,0,0,1,0,0,16
"10229","Male","Other",2010,45,"Tresspass",1,0,0,0,0,0,0,0,0,0,1
"10230","Female","White",2010,45,"Tresspass",1,1,0,0,0,0,0,0,0,0,1
"10231","Male","White",2010,45,"Tresspass",1,1,0,0,0,0,0,0,0,0,1
"10232","Male","Black",2005,46,"Tresspass",1,1,1,0,0,0,0,0,0,0,1
"10233","Female","Black",2006,46,"Tresspass",1,1,1,0,0,0,0,0,0,0,1
"10234","Male","Black",2006,46,"Tresspass",33,31,27,0,9,0,1,7,0,0,33
"10235","Male","Hispanic",2006,46,"Tresspass",29,28,23,0,12,0,1,9,0,0,29
"10236","Male","Native",2006,46,"Tresspass",1,1,1,0,1,0,0,1,0,0,1
"10237","Female","Black",2007,46,"Tresspass",3,3,2,0,1,0,0,2,0,0,3
"10238","Male","Black",2007,46,"Tresspass",32,29,25,0,10,0,0,11,0,0,32
"10239","Female","Hispanic",2007,46,"Tresspass",1,1,0,0,0,0,0,0,0,0,1
"10240","Male","Hispanic",2007,46,"Tresspass",34,32,26,0,18,0,0,9,0,0,34
"10241","Male","Other",2007,46,"Tresspass",1,1,1,0,0,0,0,0,0,0,1
"10242","Unknown","Other",2007,46,"Tresspass",2,2,2,0,0,0,0,0,0,0,2
"10243","Male","White",2007,46,"Tresspass",1,1,0,0,0,0,0,0,0,0,1
"10244","Male","Black",2008,46,"Tresspass",23,23,16,0,5,0,0,9,0,0,23
"10245","Female","Hispanic",2008,46,"Tresspass",4,1,1,0,0,0,0,1,0,0,4
"10246","Male","Hispanic",2008,46,"Tresspass",20,19,12,0,3,0,0,7,0,0,20
"10247","Male","Other",2008,46,"Tresspass",2,2,1,0,0,0,0,2,0,0,2
"10248","Unknown","Other",2008,46,"Tresspass",2,2,2,0,0,0,0,0,0,0,2
"10249","Male","Asian",2009,46,"Tresspass",2,2,1,0,0,0,0,1,0,0,2
"10250","Female","Black",2009,46,"Tresspass",1,1,0,0,1,0,1,1,0,0,1
"10251","Male","Black",2009,46,"Tresspass",23,18,14,0,3,0,0,6,0,0,23
"10252","Female","Hispanic",2009,46,"Tresspass",2,1,1,0,0,0,0,0,0,0,2
"10253","Male","Hispanic",2009,46,"Tresspass",25,25,17,0,6,0,0,5,0,0,25
"10254","Male","Native",2009,46,"Tresspass",1,1,1,0,0,0,0,0,0,0,1
"10255","Male","Other",2009,46,"Tresspass",3,2,1,0,0,0,0,0,0,0,3
"10256","Female","White",2009,46,"Tresspass",1,1,0,0,0,0,0,1,0,0,1
"10257","Male","Asian",2010,46,"Tresspass",1,1,1,0,1,0,0,1,0,0,1
"10258","Female","Black",2010,46,"Tresspass",1,1,1,0,0,0,0,1,0,0,1
"10259","Male","Black",2010,46,"Tresspass",11,8,4,0,4,0,0,6,0,0,11
"10260","Female","Hispanic",2010,46,"Tresspass",1,1,0,0,0,0,0,1,0,0,1
"10261","Male","Hispanic",2010,46,"Tresspass",9,6,3,0,2,0,0,2,0,0,9
"10262","Unknown","Hispanic",2010,46,"Tresspass",1,1,0,0,0,0,0,1,0,0,1
"10263","Male","Other",2010,46,"Tresspass",1,1,0,0,0,0,0,1,0,0,1
"10264","Unknown","Other",2010,46,"Tresspass",2,0,0,0,0,0,0,0,0,0,2
"10265","Male","Black",2005,47,"Tresspass",1,1,1,0,0,0,0,1,0,0,1
"10266","Female","Black",2006,47,"Tresspass",2,2,0,0,1,0,0,0,0,0,2
"10267","Male","Black",2006,47,"Tresspass",34,28,26,0,13,0,0,8,0,0,34
"10268","Female","Hispanic",2006,47,"Tresspass",1,0,1,0,1,0,0,0,0,0,1
"10269","Male","Hispanic",2006,47,"Tresspass",11,5,6,0,1,0,0,0,0,0,11
"10270","Male","White",2006,47,"Tresspass",4,3,1,0,1,0,0,0,0,0,4
"10271","Female","Black",2007,47,"Tresspass",12,7,9,0,3,0,0,1,0,0,12
"10272","Male","Black",2007,47,"Tresspass",74,56,44,0,13,0,0,11,0,0,74
"10273","Female","Hispanic",2007,47,"Tresspass",6,3,3,0,1,0,0,1,0,0,6
"10274","Male","Hispanic",2007,47,"Tresspass",29,21,15,0,5,0,0,5,0,0,29
"10275","Male","Other",2007,47,"Tresspass",1,1,0,0,0,0,0,0,0,0,1
"10276","Unknown","Other",2007,47,"Tresspass",1,1,1,0,0,0,0,0,0,0,1
"10277","Female","White",2007,47,"Tresspass",1,1,1,0,0,0,0,0,0,0,1
"10278","Male","White",2007,47,"Tresspass",2,2,0,0,1,0,0,1,0,0,2
"10279","Female","Black",2008,47,"Tresspass",23,17,18,0,10,0,0,4,0,0,23
"10280","Male","Black",2008,47,"Tresspass",82,73,62,0,33,0,0,27,0,0,82
"10281","Female","Hispanic",2008,47,"Tresspass",10,8,7,0,4,0,0,2,0,0,10
"10282","Male","Hispanic",2008,47,"Tresspass",39,37,35,0,16,0,0,6,0,0,39
"10283","Male","Native",2008,47,"Tresspass",1,0,0,0,0,0,0,0,0,0,1
"10284","Male","White",2008,47,"Tresspass",3,3,2,0,0,0,0,0,0,0,3
"10285","Female","Asian",2009,47,"Tresspass",1,1,1,0,0,0,0,0,0,0,1
"10286","Female","Black",2009,47,"Tresspass",9,5,6,0,2,0,0,1,0,0,9
"10287","Male","Black",2009,47,"Tresspass",55,47,37,0,12,0,0,13,0,0,55
"10288","Female","Hispanic",2009,47,"Tresspass",5,2,3,0,2,0,0,2,0,0,5
"10289","Male","Hispanic",2009,47,"Tresspass",19,15,12,0,2,0,0,3,0,0,19
"10290","Female","White",2009,47,"Tresspass",1,1,1,0,1,0,0,1,0,0,1
"10291","Male","White",2009,47,"Tresspass",1,1,1,0,0,0,0,0,0,0,1
"10292","Female","Black",2010,47,"Tresspass",7,4,4,0,3,0,0,1,0,0,7
"10293","Male","Black",2010,47,"Tresspass",37,32,20,0,9,0,0,9,0,0,37
"10294","Female","Hispanic",2010,47,"Tresspass",5,1,1,0,1,0,0,1,0,0,5
"10295","Male","Hispanic",2010,47,"Tresspass",14,11,10,0,2,0,0,4,0,0,14
"10296","Male","Other",2010,47,"Tresspass",1,0,1,0,0,0,0,0,0,0,1
"10297","Male","White",2010,47,"Tresspass",1,1,1,0,1,0,0,0,0,0,1
"10298","Female","Black",2006,48,"Tresspass",1,0,0,0,1,0,0,1,0,0,1
"10299","Male","Black",2006,48,"Tresspass",2,2,2,0,0,0,0,0,0,0,2
"10300","Female","Hispanic",2006,48,"Tresspass",1,1,1,0,1,0,0,1,0,0,1
"10301","Male","Hispanic",2006,48,"Tresspass",5,5,5,0,2,0,0,4,0,0,5
"10302","Male","White",2006,48,"Tresspass",1,1,1,0,1,0,0,0,0,0,1
"10303","Female","Black",2007,48,"Tresspass",1,1,0,0,0,0,0,0,0,0,1
"10304","Male","Black",2007,48,"Tresspass",17,17,7,1,5,0,0,9,0,0,17
"10305","Male","Hispanic",2007,48,"Tresspass",15,14,9,0,3,0,0,3,0,0,15
"10306","Female","Black",2008,48,"Tresspass",3,2,0,0,0,0,0,0,0,0,3
"10307","Male","Black",2008,48,"Tresspass",4,1,1,0,2,0,0,1,0,0,4
"10308","Female","Hispanic",2008,48,"Tresspass",3,2,0,0,0,0,0,1,0,0,3
"10309","Male","Hispanic",2008,48,"Tresspass",13,11,7,0,3,0,0,6,0,0,13
"10310","Male","Other",2008,48,"Tresspass",1,1,1,0,0,0,0,1,0,0,1
"10311","Female","Black",2009,48,"Tresspass",1,1,0,0,0,0,0,1,0,0,1
"10312","Male","Black",2009,48,"Tresspass",6,4,4,0,4,0,0,4,0,0,6
"10313","Male","Hispanic",2009,48,"Tresspass",5,2,3,0,0,0,0,2,0,0,5
"10314","Unknown","Other",2009,48,"Tresspass",1,0,0,0,0,0,0,0,0,0,1
"10315","Male","White",2009,48,"Tresspass",2,2,2,0,1,0,0,0,0,0,2
"10316","Female","Black",2010,48,"Tresspass",1,1,1,0,1,0,0,1,0,0,1
"10317","Male","Black",2010,48,"Tresspass",11,10,9,0,6,0,0,6,0,0,11
"10318","Female","Hispanic",2010,48,"Tresspass",4,3,3,0,3,0,0,3,0,0,4
"10319","Male","Hispanic",2010,48,"Tresspass",10,7,6,0,6,0,0,5,0,0,10
"10320","Unknown","Hispanic",2010,48,"Tresspass",1,1,0,0,0,0,0,0,0,0,1
"10321","Male","Other",2010,48,"Tresspass",3,3,3,0,1,0,0,1,0,0,3
"10322","Unknown","Other",2010,48,"Tresspass",1,1,0,0,1,0,0,1,0,0,1
"10323","Male","White",2010,48,"Tresspass",1,1,1,0,1,0,0,1,0,0,1
"10324","Male","Black",2006,49,"Tresspass",5,5,3,0,3,0,0,0,0,0,5
"10325","Male","Hispanic",2006,49,"Tresspass",2,2,2,0,0,0,0,1,0,0,2
"10326","Female","Black",2007,49,"Tresspass",1,1,1,0,0,0,0,0,0,0,1
"10327","Male","Black",2007,49,"Tresspass",8,7,6,0,2,0,0,4,0,0,8
"10328","Female","Hispanic",2007,49,"Tresspass",1,1,1,0,1,0,0,1,0,0,1
"10329","Male","Hispanic",2007,49,"Tresspass",9,7,4,0,2,0,0,5,0,0,9
"10330","Female","Black",2008,49,"Tresspass",1,1,1,0,1,0,0,1,0,0,1
"10331","Male","Black",2008,49,"Tresspass",7,5,4,0,0,0,0,2,0,0,7
"10332","Female","Hispanic",2008,49,"Tresspass",1,0,1,0,0,0,0,0,0,0,1
"10333","Male","Hispanic",2008,49,"Tresspass",5,2,2,0,0,0,0,2,0,0,5
"10334","Male","White",2008,49,"Tresspass",1,1,1,0,0,0,0,0,0,0,1
"10335","Female","Black",2009,49,"Tresspass",3,1,1,0,1,0,0,0,0,0,3
"10336","Male","Black",2009,49,"Tresspass",34,29,16,0,6,0,1,7,0,0,34
"10337","Female","Hispanic",2009,49,"Tresspass",4,2,2,0,1,0,0,3,0,0,4
"10338","Male","Hispanic",2009,49,"Tresspass",14,9,8,0,4,0,0,4,0,0,14
"10339","Female","Native",2009,49,"Tresspass",2,0,2,0,0,0,0,0,0,0,2
"10340","Male","White",2009,49,"Tresspass",1,0,0,0,0,0,0,0,0,0,1
"10341","Male","Asian",2010,49,"Tresspass",1,1,0,0,0,0,0,1,0,0,1
"10342","Female","Black",2010,49,"Tresspass",3,3,0,0,1,0,0,0,0,0,3
"10343","Male","Black",2010,49,"Tresspass",19,12,8,0,6,0,0,5,0,0,19
"10344","Unknown","Black",2010,49,"Tresspass",1,1,1,0,1,0,0,0,0,0,1
"10345","Female","Hispanic",2010,49,"Tresspass",4,4,3,0,2,0,0,1,0,0,4
"10346","Male","Hispanic",2010,49,"Tresspass",6,5,3,0,0,0,0,1,0,0,6
"10347","Unknown","Hispanic",2010,49,"Tresspass",1,1,1,0,0,0,0,1,0,0,1
"10348","Male","Other",2010,49,"Tresspass",1,1,1,0,1,0,0,0,0,0,1
"10349","Male","White",2010,49,"Tresspass",1,1,0,0,1,0,0,1,0,0,1
"10350","Male","Black",2006,50,"Tresspass",2,2,2,0,0,0,0,0,0,0,2
"10351","Female","Hispanic",2006,50,"Tresspass",1,1,0,0,0,0,0,0,0,0,1
"10352","Male","Black",2007,50,"Tresspass",2,2,1,0,0,0,0,1,0,0,2
"10353","Male","Hispanic",2007,50,"Tresspass",3,3,2,0,0,0,0,1,0,0,3
"10354","Male","White",2007,50,"Tresspass",4,4,3,0,0,0,0,0,0,0,4
"10355","Male","Asian",2008,50,"Tresspass",1,0,0,0,0,0,0,0,0,0,1
"10356","Female","Black",2008,50,"Tresspass",2,2,2,0,2,0,0,1,0,0,2
"10357","Male","Black",2008,50,"Tresspass",14,8,6,0,0,0,0,2,0,0,14
"10358","Female","Hispanic",2008,50,"Tresspass",2,2,1,0,0,0,0,0,0,0,2
"10359","Male","Hispanic",2008,50,"Tresspass",16,12,11,0,2,0,0,4,0,0,16
"10360","Male","White",2008,50,"Tresspass",4,3,2,0,0,0,0,0,0,0,4
"10361","Male","Black",2009,50,"Tresspass",5,5,5,0,1,0,0,1,0,0,5
"10362","Male","Hispanic",2009,50,"Tresspass",15,12,10,0,5,0,0,6,0,0,15
"10363","Male","White",2009,50,"Tresspass",3,2,2,0,0,0,0,1,0,0,3
"10364","Male","Black",2010,50,"Tresspass",3,3,1,0,0,0,0,0,0,0,3
"10365","Female","Hispanic",2010,50,"Tresspass",1,1,0,0,0,0,0,1,0,0,1
"10366","Male","Hispanic",2010,50,"Tresspass",9,9,6,0,1,0,1,5,0,0,9
"10367","Female","White",2010,50,"Tresspass",1,1,1,0,0,0,0,1,0,0,1
"10368","Male","White",2010,50,"Tresspass",3,1,1,0,0,0,0,1,0,0,3
"10369","Male","Hispanic",2005,52,"Tresspass",2,0,0,0,1,0,0,0,0,0,2
"10370","Male","Black",2006,52,"Tresspass",7,3,1,0,1,0,0,0,0,0,7
"10371","Male","Hispanic",2006,52,"Tresspass",17,15,10,0,5,0,0,8,0,0,17
"10372","Unknown","Hispanic",2006,52,"Tresspass",1,1,1,0,0,0,0,0,0,0,1
"10373","Male","Asian",2007,52,"Tresspass",1,1,1,0,0,0,0,0,0,0,1
"10374","Female","Black",2007,52,"Tresspass",2,1,0,0,0,0,0,0,0,0,2
"10375","Male","Black",2007,52,"Tresspass",11,11,9,0,4,0,0,6,0,0,11
"10376","Female","Hispanic",2007,52,"Tresspass",4,2,2,0,2,0,0,1,0,0,4
"10377","Male","Hispanic",2007,52,"Tresspass",25,22,14,0,9,0,0,7,0,0,25
"10378","Unknown","Other",2007,52,"Tresspass",2,1,2,0,1,0,0,1,0,0,2
"10379","Female","White",2007,52,"Tresspass",1,1,1,0,1,0,0,0,0,0,1
"10380","Male","White",2007,52,"Tresspass",1,1,1,0,1,0,0,0,0,0,1
"10381","Female","Black",2008,52,"Tresspass",1,1,1,0,1,0,0,0,0,0,1
"10382","Male","Black",2008,52,"Tresspass",18,16,12,0,7,0,0,6,0,0,18
"10383","Female","Hispanic",2008,52,"Tresspass",16,13,12,0,6,0,0,1,0,0,16
"10384","Male","Hispanic",2008,52,"Tresspass",38,31,27,0,13,0,0,10,0,0,38
"10385","Female","Other",2008,52,"Tresspass",1,0,1,0,0,0,0,1,0,0,1
"10386","Unknown","Other",2008,52,"Tresspass",1,1,0,0,0,0,0,0,0,0,1
"10387","Female","White",2008,52,"Tresspass",1,0,0,0,1,0,0,1,0,0,1
"10388","Male","White",2008,52,"Tresspass",1,1,0,0,0,0,0,0,0,0,1
"10389","Male","Asian",2009,52,"Tresspass",2,2,2,0,1,0,0,0,0,0,2
"10390","Female","Black",2009,52,"Tresspass",1,1,0,0,0,0,0,1,0,0,1
"10391","Male","Black",2009,52,"Tresspass",13,7,5,0,4,0,0,4,0,0,13
"10392","Female","Hispanic",2009,52,"Tresspass",2,2,2,0,0,0,0,1,0,0,2
"10393","Male","Hispanic",2009,52,"Tresspass",20,17,15,0,7,0,0,11,0,0,20
"10394","Male","White",2009,52,"Tresspass",3,2,3,0,2,0,0,2,0,0,3
"10395","Male","Asian",2010,52,"Tresspass",1,1,1,0,0,0,0,0,0,0,1
"10396","Female","Black",2010,52,"Tresspass",2,2,1,0,0,0,0,0,0,0,2
"10397","Male","Black",2010,52,"Tresspass",22,14,4,0,3,0,0,2,0,0,22
"10398","Female","Hispanic",2010,52,"Tresspass",2,0,0,0,0,0,0,0,0,0,2
"10399","Male","Hispanic",2010,52,"Tresspass",23,16,8,0,5,0,0,5,0,0,23
"10400","Female","Black",2005,60,"Tresspass",3,3,3,0,3,0,0,1,0,0,3
"10401","Male","Black",2005,60,"Tresspass",13,12,10,0,5,0,0,4,0,0,13
"10402","Female","Hispanic",2005,60,"Tresspass",4,1,0,0,1,0,0,2,0,0,4
"10403","Male","Hispanic",2005,60,"Tresspass",2,1,0,0,0,0,0,0,0,0,2
"10404","Unknown","Other",2005,60,"Tresspass",2,2,0,0,1,0,0,0,0,0,2
"10405","Female","White",2005,60,"Tresspass",2,1,1,0,1,0,0,0,0,0,2
"10406","Male","White",2005,60,"Tresspass",4,3,1,0,0,0,0,2,0,0,4
"10407","Female","Black",2006,60,"Tresspass",3,3,2,0,1,0,0,1,0,0,3
"10408","Male","Black",2006,60,"Tresspass",25,25,17,0,12,0,0,8,0,0,25
"10409","Female","Hispanic",2006,60,"Tresspass",1,1,1,0,1,0,0,0,0,0,1
"10410","Male","Hispanic",2006,60,"Tresspass",6,6,4,0,0,0,0,3,0,0,6
"10411","Unknown","Other",2006,60,"Tresspass",1,1,0,0,0,0,0,0,0,0,1
"10412","Female","White",2006,60,"Tresspass",1,1,1,0,1,0,0,0,0,0,1
"10413","Male","White",2006,60,"Tresspass",7,7,7,0,2,0,0,5,0,0,7
"10414","Female","Black",2007,60,"Tresspass",2,1,1,0,0,0,0,1,0,0,2
"10415","Male","Black",2007,60,"Tresspass",10,8,9,0,5,0,0,4,0,0,10
"10416","Female","Hispanic",2007,60,"Tresspass",1,1,1,0,0,0,0,0,0,0,1
"10417","Male","Hispanic",2007,60,"Tresspass",5,5,5,0,1,0,0,3,0,0,5
"10418","Male","Native",2007,60,"Tresspass",1,1,1,0,0,0,0,0,0,0,1
"10419","Female","White",2007,60,"Tresspass",1,1,1,0,1,0,0,0,0,0,1
"10420","Male","White",2007,60,"Tresspass",4,4,4,0,2,0,0,2,0,0,4
"10421","Male","Asian",2008,60,"Tresspass",1,1,1,0,1,0,0,1,0,0,1
"10422","Female","Black",2008,60,"Tresspass",1,1,1,0,1,0,0,1,0,0,1
"10423","Male","Black",2008,60,"Tresspass",7,4,3,0,1,0,0,0,0,0,7
"10424","Female","Hispanic",2008,60,"Tresspass",2,2,1,0,0,0,0,1,0,0,2
"10425","Male","Hispanic",2008,60,"Tresspass",5,4,2,0,0,0,0,1,0,0,5
"10426","Female","Other",2008,60,"Tresspass",1,1,1,0,0,0,0,0,0,0,1
"10427","Unknown","Other",2008,60,"Tresspass",1,1,1,0,0,0,0,1,0,0,1
"10428","Female","White",2008,60,"Tresspass",1,1,0,0,0,0,0,1,0,0,1
"10429","Male","White",2008,60,"Tresspass",3,2,2,0,0,0,0,2,0,0,3
"10430","Male","Asian",2009,60,"Tresspass",1,1,1,0,1,0,0,0,0,0,1
"10431","Female","Black",2009,60,"Tresspass",1,1,1,0,1,0,0,0,0,0,1
"10432","Male","Black",2009,60,"Tresspass",17,16,9,0,6,0,0,4,0,0,17
"10433","Female","Hispanic",2009,60,"Tresspass",1,1,1,0,0,0,0,0,0,0,1
"10434","Male","Hispanic",2009,60,"Tresspass",8,7,4,0,3,0,1,2,0,0,8
"10435","Female","White",2009,60,"Tresspass",2,1,1,0,0,0,0,0,0,0,2
"10436","Male","White",2009,60,"Tresspass",3,2,2,0,1,0,0,0,0,0,3
"10437","Female","Black",2010,60,"Tresspass",1,1,1,0,0,0,0,0,0,0,1
"10438","Male","Black",2010,60,"Tresspass",9,8,7,1,1,1,0,6,0,0,9
"10439","Male","Hispanic",2010,60,"Tresspass",2,2,2,0,1,0,0,1,0,0,2
"10440","Male","Native",2010,60,"Tresspass",1,1,1,0,0,0,0,1,0,0,1
"10441","Female","White",2010,60,"Tresspass",1,1,1,0,0,0,0,1,0,0,1
"10442","Male","White",2010,60,"Tresspass",4,3,3,0,2,0,0,1,0,0,4
"10443","Male","Asian",2006,61,"Tresspass",1,1,1,0,0,0,0,0,0,0,1
"10444","Male","Black",2006,61,"Tresspass",8,7,5,0,2,0,0,0,0,0,8
"10445","Male","Hispanic",2006,61,"Tresspass",4,3,4,0,1,0,0,4,0,0,4
"10446","Female","White",2006,61,"Tresspass",3,2,2,0,2,0,0,2,0,0,3
"10447","Male","White",2006,61,"Tresspass",14,13,13,0,4,0,0,7,0,0,14
"10448","Male","Asian",2007,61,"Tresspass",1,1,1,0,0,0,0,0,0,0,1
"10449","Male","Black",2007,61,"Tresspass",6,4,4,0,2,0,0,3,0,0,6
"10450","Male","Hispanic",2007,61,"Tresspass",3,1,1,0,0,0,0,0,0,0,3
"10451","Female","White",2007,61,"Tresspass",1,1,1,0,0,0,0,1,0,0,1
"10452","Male","White",2007,61,"Tresspass",9,6,6,0,4,0,0,4,0,0,9
"10453","Male","Black",2008,61,"Tresspass",5,5,4,0,3,0,0,4,0,0,5
"10454","Male","Hispanic",2008,61,"Tresspass",1,1,0,0,0,0,0,0,0,0,1
"10455","Male","White",2008,61,"Tresspass",1,1,1,0,1,0,0,1,0,0,1
"10456","Male","Black",2009,61,"Tresspass",4,3,3,0,1,0,0,2,0,0,4
"10457","Male","Hispanic",2009,61,"Tresspass",4,4,4,0,1,0,0,2,0,0,4
"10458","Male","White",2009,61,"Tresspass",3,2,2,0,0,0,0,0,0,0,3
"10459","Male","Hispanic",2010,61,"Tresspass",1,0,0,0,0,0,0,0,0,0,1
"10460","Female","Other",2010,61,"Tresspass",1,1,0,0,0,0,0,0,0,0,1
"10461","Male","White",2010,61,"Tresspass",6,4,3,0,1,0,0,0,0,0,6
"10462","Male","White",2006,62,"Tresspass",1,1,1,0,1,0,0,1,0,0,1
"10463","Male","White",2007,62,"Tresspass",11,11,9,0,0,0,0,0,0,0,11
"10464","Male","Hispanic",2008,62,"Tresspass",1,1,0,0,0,0,0,0,0,0,1
"10465","Male","White",2008,62,"Tresspass",6,6,4,0,1,0,0,1,0,0,6
"10466","Male","Hispanic",2009,62,"Tresspass",2,2,2,0,2,0,0,0,0,0,2
"10467","Male","White",2009,62,"Tresspass",3,1,1,0,0,0,0,0,0,0,3
"10468","Male","Hispanic",2010,62,"Tresspass",1,0,0,0,0,0,0,0,0,0,1
"10469","Male","Black",2005,63,"Tresspass",3,2,2,0,2,0,0,0,0,0,3
"10470","Male","Hispanic",2005,63,"Tresspass",1,1,1,0,0,0,0,0,0,0,1
"10471","Male","White",2005,63,"Tresspass",1,1,1,0,0,0,0,1,0,0,1
"10472","Male","Black",2006,63,"Tresspass",4,4,1,0,0,0,0,1,0,0,4
"10473","Male","Black",2008,63,"Tresspass",1,0,1,0,1,0,0,0,0,0,1
"10474","Female","Black",2009,63,"Tresspass",1,1,1,0,0,0,0,0,0,0,1
"10475","Male","Black",2009,63,"Tresspass",5,5,5,0,0,0,0,0,0,0,5
"10476","Female","Black",2010,63,"Tresspass",1,1,0,0,1,0,0,1,0,0,1
"10477","Male","Black",2010,63,"Tresspass",4,4,1,0,4,0,0,4,0,0,4
"10478","Male","Hispanic",2010,63,"Tresspass",1,1,0,0,0,0,0,1,0,0,1
"10479","Female","Other",2010,63,"Tresspass",1,1,1,0,1,0,0,1,0,0,1
"10480","Male","Hispanic",2005,66,"Tresspass",1,1,0,0,0,0,0,1,0,0,1
"10481","Male","Hispanic",2006,66,"Tresspass",1,1,0,0,0,0,0,0,0,0,1
"10482","Male","Black",2007,66,"Tresspass",1,1,0,0,0,0,0,1,0,0,1
"10483","Male","Hispanic",2007,66,"Tresspass",3,3,0,0,0,0,0,1,0,0,3
"10484","Male","White",2007,66,"Tresspass",2,2,2,0,1,0,0,1,0,0,2
"10485","Female","Hispanic",2008,66,"Tresspass",1,0,0,0,1,0,0,0,0,0,1
"10486","Male","Hispanic",2008,66,"Tresspass",7,7,2,0,1,0,0,2,0,0,7
"10487","Male","White",2008,66,"Tresspass",2,1,2,0,0,0,0,1,0,0,2
"10488","Male","Asian",2009,66,"Tresspass",1,1,1,0,1,0,0,0,0,0,1
"10489","Female","Hispanic",2009,66,"Tresspass",1,0,0,0,0,0,0,0,0,0,1
"10490","Male","Hispanic",2009,66,"Tresspass",11,11,2,0,4,0,0,7,0,0,11
"10491","Male","White",2009,66,"Tresspass",2,2,0,0,0,0,0,1,0,0,2
"10492","Male","Black",2010,66,"Tresspass",2,2,2,0,1,0,0,1,0,0,2
"10493","Female","Hispanic",2010,66,"Tresspass",1,1,1,0,0,0,0,0,0,0,1
"10494","Male","Hispanic",2010,66,"Tresspass",2,2,0,0,0,0,0,0,0,0,2
"10495","Male","Other",2010,66,"Tresspass",1,1,1,0,0,0,0,0,0,0,1
"10496","Male","White",2010,66,"Tresspass",1,1,1,0,1,0,0,1,0,0,1
"10497","Male","Black",2006,67,"Tresspass",8,7,4,0,1,0,0,2,0,0,8
"10498","Male","White",2006,67,"Tresspass",1,1,1,0,0,0,0,0,0,0,1
"10499","Female","Black",2007,67,"Tresspass",1,0,1,0,1,0,0,0,0,0,1
"10500","Male","Black",2007,67,"Tresspass",11,10,7,0,0,0,0,1,0,0,11
"10501","Male","Hispanic",2007,67,"Tresspass",1,1,1,0,1,0,0,1,0,0,1
"10502","Female","Black",2008,67,"Tresspass",2,1,1,0,0,0,0,1,0,0,2
"10503","Male","Black",2008,67,"Tresspass",16,12,8,0,3,0,0,5,0,0,16
"10504","Male","Hispanic",2008,67,"Tresspass",1,1,0,0,0,0,0,1,0,0,1
"10505","Male","Black",2009,67,"Tresspass",12,10,5,0,4,0,0,4,0,0,12
"10506","Female","Black",2010,67,"Tresspass",1,1,0,0,0,0,0,0,0,0,1
"10507","Male","Black",2010,67,"Tresspass",6,4,3,0,0,1,0,1,0,0,6
"10508","Male","Black",2006,68,"Tresspass",1,1,1,0,0,0,0,0,0,0,1
"10509","Male","White",2006,68,"Tresspass",3,3,3,0,0,0,0,0,0,0,3
"10510","Male","Asian",2007,68,"Tresspass",1,1,1,0,0,0,0,0,0,0,1
"10511","Male","Hispanic",2007,68,"Tresspass",1,1,1,0,0,0,0,0,0,0,1
"10512","Male","Native",2007,68,"Tresspass",1,1,0,0,0,0,0,0,0,0,1
"10513","Male","White",2007,68,"Tresspass",1,0,1,0,0,0,0,0,0,0,1
"10514","Male","Hispanic",2008,68,"Tresspass",3,1,1,0,1,0,0,1,0,0,3
"10515","Male","Hispanic",2009,68,"Tresspass",2,2,2,0,1,0,0,1,0,0,2
"10516","Male","White",2009,68,"Tresspass",1,1,1,0,0,0,0,0,0,0,1
"10517","Female","Asian",2010,68,"Tresspass",1,1,1,0,0,0,0,0,0,0,1
"10518","Male","Black",2010,68,"Tresspass",1,1,1,0,0,0,0,0,0,0,1
"10519","Male","Hispanic",2010,68,"Tresspass",3,0,3,0,3,0,0,3,0,0,3
"10520","Male","White",2010,68,"Tresspass",2,2,2,0,0,0,0,0,0,0,2
"10521","Male","Black",2006,69,"Tresspass",9,9,8,0,6,0,1,5,0,0,9
"10522","Male","Hispanic",2006,69,"Tresspass",1,1,1,0,1,0,0,0,0,0,1
"10523","Male","White",2006,69,"Tresspass",1,1,1,0,0,0,0,0,0,0,1
"10524","Female","Black",2007,69,"Tresspass",1,1,1,0,1,0,0,0,0,0,1
"10525","Male","Black",2007,69,"Tresspass",6,6,5,0,4,0,0,2,0,0,6
"10526","Male","Hispanic",2007,69,"Tresspass",1,1,1,0,0,0,0,0,0,0,1
"10527","Female","Black",2008,69,"Tresspass",3,1,2,0,2,0,0,0,0,0,3
"10528","Male","Black",2008,69,"Tresspass",7,5,4,0,3,0,0,3,0,0,7
"10529","Male","Hispanic",2008,69,"Tresspass",1,1,1,0,1,0,0,0,0,0,1
"10530","Male","Black",2009,69,"Tresspass",6,5,5,0,3,0,0,1,0,0,6
"10531","Male","Hispanic",2009,69,"Tresspass",1,1,1,0,0,0,0,1,0,0,1
"10532","Male","White",2009,69,"Tresspass",1,0,0,0,0,0,0,0,0,0,1
"10533","Female","Black",2010,69,"Tresspass",1,0,1,0,0,0,0,1,0,0,1
"10534","Male","Black",2010,69,"Tresspass",7,3,5,0,1,0,0,2,0,0,7
"10535","Male","Hispanic",2010,69,"Tresspass",1,0,0,0,0,0,0,0,0,0,1
"10536","Female","Black",2006,70,"Tresspass",1,1,1,0,1,0,0,1,0,0,1
"10537","Male","Black",2006,70,"Tresspass",18,17,15,0,4,0,0,7,0,0,18
"10538","Female","Hispanic",2006,70,"Tresspass",1,1,1,0,0,0,0,0,0,0,1
"10539","Male","Hispanic",2006,70,"Tresspass",1,0,0,0,1,0,0,0,0,0,1
"10540","Female","Black",2007,70,"Tresspass",2,2,2,0,1,0,0,0,0,0,2
"10541","Male","Black",2007,70,"Tresspass",8,8,7,0,4,0,0,4,0,0,8
"10542","Male","Hispanic",2007,70,"Tresspass",1,1,1,0,0,0,0,0,0,0,1
"10543","Female","Black",2008,70,"Tresspass",2,2,1,0,1,0,0,2,0,0,2
"10544","Male","Black",2008,70,"Tresspass",20,17,9,0,3,0,0,7,0,0,20
"10545","Female","Hispanic",2008,70,"Tresspass",1,0,0,0,0,0,0,0,0,0,1
"10546","Male","Hispanic",2008,70,"Tresspass",6,5,3,0,1,0,0,1,0,0,6
"10547","Female","Black",2009,70,"Tresspass",1,0,0,0,0,0,0,0,0,0,1
"10548","Male","Black",2009,70,"Tresspass",17,17,6,0,5,0,0,8,0,0,17
"10549","Female","Hispanic",2009,70,"Tresspass",1,1,0,0,0,0,0,1,0,0,1
"10550","Male","Hispanic",2009,70,"Tresspass",2,2,2,0,1,0,0,2,0,0,2
"10551","Male","Black",2010,70,"Tresspass",14,13,7,0,3,0,0,4,0,0,14
"10552","Male","Hispanic",2010,70,"Tresspass",2,2,0,0,0,0,0,1,0,0,2
"10553","Male","White",2010,70,"Tresspass",1,1,1,0,1,0,0,1,0,0,1
"10554","Male","Black",2006,71,"Tresspass",5,2,1,0,1,0,0,1,0,0,5
"10555","Female","Black",2007,71,"Tresspass",1,0,1,0,1,0,0,0,0,0,1
"10556","Male","Black",2007,71,"Tresspass",21,19,11,0,2,0,0,9,0,0,21
"10557","Male","Hispanic",2007,71,"Tresspass",1,1,0,0,0,0,0,0,0,0,1
"10558","Male","Other",2007,71,"Tresspass",1,0,0,0,0,0,0,0,0,0,1
"10559","Unknown","Other",2007,71,"Tresspass",1,1,0,0,0,0,0,0,0,0,1
"10560","Male","White",2007,71,"Tresspass",1,1,0,0,0,0,0,1,0,0,1
"10561","Male","Black",2008,71,"Tresspass",20,15,16,0,3,0,0,5,0,0,20
"10562","Male","Black",2009,71,"Tresspass",17,17,6,0,4,0,0,4,0,0,17
"10563","Male","Hispanic",2009,71,"Tresspass",1,1,1,0,0,0,0,0,0,0,1
"10564","Male","Black",2010,71,"Tresspass",18,18,2,0,2,0,0,0,0,0,18
"10565","Male","Hispanic",2010,71,"Tresspass",1,1,0,0,0,0,0,0,0,0,1
"10566","Male","Hispanic",2006,72,"Tresspass",3,3,1,0,0,0,0,1,0,0,3
"10567","Female","Black",2007,72,"Tresspass",1,1,1,0,1,0,1,1,0,0,1
"10568","Male","Black",2007,72,"Tresspass",1,1,1,0,1,0,1,1,0,0,1
"10569","Male","Hispanic",2007,72,"Tresspass",5,5,5,0,5,0,0,5,0,0,5
"10570","Female","Black",2008,72,"Tresspass",1,1,1,0,0,0,0,1,0,0,1
"10571","Male","Black",2008,72,"Tresspass",4,4,3,0,2,0,0,4,0,0,4
"10572","Male","Hispanic",2008,72,"Tresspass",6,6,5,1,4,0,0,6,0,0,6
"10573","Male","Black",2009,72,"Tresspass",1,1,1,0,0,0,0,0,0,0,1
"10574","Male","Hispanic",2009,72,"Tresspass",11,10,7,0,7,0,0,9,0,0,11
"10575","Female","Hispanic",2010,72,"Tresspass",3,3,3,0,3,0,0,1,0,0,3
"10576","Male","Hispanic",2010,72,"Tresspass",12,12,3,0,6,1,0,6,0,0,12
"10577","Male","White",2010,72,"Tresspass",1,1,1,0,1,0,0,1,0,0,1
"10578","Female","Black",2005,73,"Tresspass",1,0,0,0,0,0,0,0,0,0,1
"10579","Male","Black",2005,73,"Tresspass",22,20,17,0,5,0,0,2,0,0,22
"10580","Female","Hispanic",2005,73,"Tresspass",2,2,2,0,0,0,0,0,0,0,2
"10581","Male","Hispanic",2005,73,"Tresspass",5,4,2,0,2,0,0,1,0,0,5
"10582","Unknown","Other",2005,73,"Tresspass",1,1,0,0,1,0,0,0,0,0,1
"10583","Female","Black",2006,73,"Tresspass",2,2,1,0,0,0,0,0,0,0,2
"10584","Male","Black",2006,73,"Tresspass",18,17,12,0,4,0,0,1,0,0,18
"10585","Female","Hispanic",2006,73,"Tresspass",2,1,1,0,1,0,0,1,0,0,2
"10586","Male","Hispanic",2006,73,"Tresspass",4,3,2,0,0,0,0,0,0,0,4
"10587","Unknown","Other",2006,73,"Tresspass",1,1,0,0,0,0,0,0,0,0,1
"10588","Female","Black",2007,73,"Tresspass",8,5,6,0,1,0,0,1,0,0,8
"10589","Male","Black",2007,73,"Tresspass",49,39,23,0,6,0,0,6,0,0,49
"10590","Unknown","Black",2007,73,"Tresspass",1,1,1,0,1,0,0,0,0,0,1
"10591","Female","Hispanic",2007,73,"Tresspass",2,2,1,0,0,0,0,0,0,0,2
"10592","Male","Hispanic",2007,73,"Tresspass",3,3,2,0,0,0,0,1,0,0,3
"10593","Female","Other",2007,73,"Tresspass",1,1,0,0,0,0,0,1,0,0,1
"10594","Male","Other",2007,73,"Tresspass",1,1,1,0,1,0,0,1,0,0,1
"10595","Female","Black",2008,73,"Tresspass",16,5,4,0,1,0,0,1,0,0,16
"10596","Male","Black",2008,73,"Tresspass",83,48,34,0,5,0,1,16,0,0,83
"10597","Unknown","Black",2008,73,"Tresspass",1,1,1,0,0,0,0,0,0,0,1
"10598","Female","Hispanic",2008,73,"Tresspass",2,0,0,0,0,0,0,0,0,0,2
"10599","Male","Hispanic",2008,73,"Tresspass",7,4,2,0,1,0,0,2,0,0,7
"10600","Male","Other",2008,73,"Tresspass",1,1,0,0,0,0,0,0,0,0,1
"10601","Unknown","Other",2008,73,"Tresspass",12,5,2,0,2,0,0,2,0,0,12
"10602","Female","White",2008,73,"Tresspass",3,1,1,0,0,0,0,0,0,0,3
"10603","Male","Asian",2009,73,"Tresspass",2,2,2,0,0,0,0,0,0,0,2
"10604","Female","Black",2009,73,"Tresspass",24,11,8,1,2,1,0,4,0,0,24
"10605","Male","Black",2009,73,"Tresspass",78,54,36,0,9,0,0,13,0,0,78
"10606","Unknown","Black",2009,73,"Tresspass",1,0,0,0,0,0,0,0,0,0,1
"10607","Female","Hispanic",2009,73,"Tresspass",4,1,0,0,0,0,0,2,0,0,4
"10608","Male","Hispanic",2009,73,"Tresspass",9,3,2,0,0,0,0,0,0,0,9
"10609","Male","Other",2009,73,"Tresspass",1,0,0,0,0,0,0,0,0,0,1
"10610","Unknown","Other",2009,73,"Tresspass",7,2,1,0,0,0,0,1,0,0,7
"10611","Female","White",2009,73,"Tresspass",1,0,0,0,0,0,0,0,0,0,1
"10612","Male","White",2009,73,"Tresspass",2,1,1,0,0,0,0,0,0,0,2
"10613","Female","Black",2010,73,"Tresspass",7,2,0,0,1,0,0,0,0,0,7
"10614","Male","Black",2010,73,"Tresspass",40,15,14,0,5,0,0,4,0,0,40
"10615","Male","Hispanic",2010,73,"Tresspass",4,2,2,0,0,0,0,0,0,0,4
"10616","Female","Black",2005,75,"Tresspass",1,0,0,0,0,0,0,0,0,0,1
"10617","Male","Black",2005,75,"Tresspass",4,3,1,0,0,0,0,0,0,0,4
"10618","Female","Hispanic",2005,75,"Tresspass",2,2,2,0,0,0,0,0,0,0,2
"10619","Male","White",2005,75,"Tresspass",1,1,1,0,0,0,0,0,0,0,1
"10620","Female","Black",2006,75,"Tresspass",5,4,3,0,1,0,0,1,0,0,5
"10621","Male","Black",2006,75,"Tresspass",19,15,11,0,4,0,0,5,0,0,19
"10622","Male","Hispanic",2006,75,"Tresspass",4,3,2,0,1,0,0,1,0,0,4
"10623","Male","Asian",2007,75,"Tresspass",1,1,1,0,0,0,0,0,0,0,1
"10624","Female","Black",2007,75,"Tresspass",10,6,6,0,2,0,0,0,0,0,10
"10625","Male","Black",2007,75,"Tresspass",36,30,23,0,8,0,0,1,0,0,36
"10626","Male","Hispanic",2007,75,"Tresspass",5,2,5,0,0,0,0,0,0,0,5
"10627","Unknown","Hispanic",2007,75,"Tresspass",1,1,1,0,0,0,0,0,0,0,1
"10628","Male","Other",2007,75,"Tresspass",1,1,1,0,0,0,0,0,0,0,1
"10629","Unknown","Other",2007,75,"Tresspass",1,1,0,0,0,0,0,0,0,0,1
"10630","Female","White",2007,75,"Tresspass",1,1,1,0,1,0,0,1,0,0,1
"10631","Female","Black",2008,75,"Tresspass",11,8,8,0,1,0,0,1,0,0,11
"10632","Male","Black",2008,75,"Tresspass",43,25,24,0,7,0,0,3,0,0,43
"10633","Female","Hispanic",2008,75,"Tresspass",4,3,3,0,1,0,0,0,0,0,4
"10634","Male","Hispanic",2008,75,"Tresspass",3,3,3,0,0,0,0,0,0,0,3
"10635","Male","Other",2008,75,"Tresspass",1,0,1,0,0,0,0,0,0,0,1
"10636","Male","Asian",2009,75,"Tresspass",1,1,1,0,1,0,0,0,0,0,1
"10637","Female","Black",2009,75,"Tresspass",10,6,5,0,2,0,0,1,0,0,10
"10638","Male","Black",2009,75,"Tresspass",70,41,37,0,12,0,0,17,0,0,70
"10639","Female","Hispanic",2009,75,"Tresspass",3,2,3,0,0,0,0,0,0,0,3
"10640","Male","Hispanic",2009,75,"Tresspass",3,3,1,0,1,0,0,0,0,0,3
"10641","Female","Black",2010,75,"Tresspass",3,2,1,0,1,0,0,0,0,0,3
"10642","Male","Black",2010,75,"Tresspass",29,20,16,0,9,0,0,5,0,0,29
"10643","Female","Hispanic",2010,75,"Tresspass",1,0,0,0,0,0,0,0,0,0,1
"10644","Male","Hispanic",2010,75,"Tresspass",2,1,1,0,0,0,0,0,0,0,2
"10645","Male","Black",2005,76,"Tresspass",6,3,4,0,3,0,0,2,0,0,6
"10646","Male","Hispanic",2005,76,"Tresspass",4,2,2,0,1,0,0,2,0,0,4
"10647","Female","Other",2005,76,"Tresspass",1,1,1,0,0,0,0,0,0,0,1
"10648","Male","Other",2005,76,"Tresspass",2,1,0,0,1,0,0,1,0,0,2
"10649","Unknown","Other",2005,76,"Tresspass",1,0,0,0,0,0,0,0,0,0,1
"10650","Female","Black",2006,76,"Tresspass",6,5,5,0,5,0,0,0,0,0,6
"10651","Male","Black",2006,76,"Tresspass",45,38,37,0,23,0,0,15,0,0,45
"10652","Female","Hispanic",2006,76,"Tresspass",9,7,5,0,0,0,1,1,0,0,9
"10653","Male","Hispanic",2006,76,"Tresspass",21,18,16,0,8,0,0,12,0,0,21
"10654","Female","White",2006,76,"Tresspass",3,2,3,0,3,0,0,1,0,0,3
"10655","Male","White",2006,76,"Tresspass",8,4,6,0,5,0,0,4,0,0,8
"10656","Male","Black",2007,76,"Tresspass",19,18,14,0,6,0,1,9,0,0,19
"10657","Female","Hispanic",2007,76,"Tresspass",2,2,1,0,1,0,0,0,0,0,2
"10658","Male","Hispanic",2007,76,"Tresspass",6,5,5,0,3,0,0,2,0,0,6
"10659","Male","Other",2007,76,"Tresspass",1,1,1,0,1,0,0,1,0,0,1
"10660","Female","White",2007,76,"Tresspass",3,3,3,0,2,0,0,3,0,0,3
"10661","Male","White",2007,76,"Tresspass",2,2,2,0,1,0,0,1,0,0,2
"10662","Male","Asian",2008,76,"Tresspass",1,0,0,0,0,0,0,0,0,0,1
"10663","Female","Black",2008,76,"Tresspass",2,0,0,0,1,0,0,1,0,0,2
"10664","Male","Black",2008,76,"Tresspass",14,13,9,0,8,0,1,8,0,0,14
"10665","Female","Hispanic",2008,76,"Tresspass",4,3,2,0,2,0,0,3,0,0,4
"10666","Male","Hispanic",2008,76,"Tresspass",12,8,8,0,4,0,0,2,0,0,12
"10667","Female","White",2008,76,"Tresspass",1,1,1,0,1,0,0,1,0,0,1
"10668","Male","White",2008,76,"Tresspass",6,6,4,0,3,0,0,6,0,0,6
"10669","Male","Asian",2009,76,"Tresspass",1,0,0,0,0,0,0,0,0,0,1
"10670","Female","Black",2009,76,"Tresspass",1,0,0,0,0,0,0,0,0,0,1
"10671","Male","Black",2009,76,"Tresspass",25,23,21,0,12,0,0,13,0,0,25
"10672","Female","Hispanic",2009,76,"Tresspass",4,4,3,0,0,0,0,0,0,0,4
"10673","Male","Hispanic",2009,76,"Tresspass",25,20,16,0,13,0,0,11,0,0,25
"10674","Female","White",2009,76,"Tresspass",1,1,1,0,1,0,0,1,0,0,1
"10675","Male","White",2009,76,"Tresspass",8,7,6,0,6,0,0,3,0,0,8
"10676","Female","Black",2010,76,"Tresspass",1,1,0,0,0,0,0,1,0,0,1
"10677","Male","Black",2010,76,"Tresspass",10,8,5,0,5,0,0,4,0,0,10
"10678","Male","Hispanic",2010,76,"Tresspass",4,4,2,0,2,0,0,2,0,0,4
"10679","Female","White",2010,76,"Tresspass",2,2,1,0,1,0,0,2,0,0,2
"10680","Male","White",2010,76,"Tresspass",2,2,2,0,1,0,0,1,0,0,2
"10681","Female","Black",2005,77,"Tresspass",4,3,2,0,2,0,0,1,0,0,4
"10682","Male","Black",2005,77,"Tresspass",18,14,13,0,9,0,1,6,0,0,18
"10683","Male","Hispanic",2005,77,"Tresspass",2,2,2,0,1,0,0,0,0,0,2
"10684","Male","Black",2006,77,"Tresspass",10,9,6,0,3,0,0,2,0,0,10
"10685","Female","Black",2007,77,"Tresspass",2,2,1,0,1,0,0,1,0,0,2
"10686","Male","Black",2007,77,"Tresspass",24,19,16,0,4,0,0,3,0,0,24
"10687","Male","Hispanic",2007,77,"Tresspass",1,0,1,0,0,0,0,0,0,0,1
"10688","Male","Asian",2008,77,"Tresspass",1,1,0,0,0,0,0,0,0,0,1
"10689","Female","Black",2008,77,"Tresspass",6,4,2,0,0,0,0,0,0,0,6
"10690","Male","Black",2008,77,"Tresspass",24,15,13,0,5,0,0,7,0,0,24
"10691","Male","Hispanic",2008,77,"Tresspass",2,2,0,0,1,0,0,1,0,0,2
"10692","Female","Asian",2009,77,"Tresspass",1,0,1,0,0,0,0,0,0,0,1
"10693","Female","Black",2009,77,"Tresspass",17,9,8,0,4,0,0,4,0,0,17
"10694","Male","Black",2009,77,"Tresspass",56,30,27,0,16,0,0,15,0,0,56
"10695","Female","Hispanic",2009,77,"Tresspass",2,0,0,0,0,0,0,0,0,0,2
"10696","Male","Hispanic",2009,77,"Tresspass",7,3,1,0,1,0,0,1,0,0,7
"10697","Female","Other",2009,77,"Tresspass",1,0,1,0,1,0,0,1,0,0,1
"10698","Male","Other",2009,77,"Tresspass",1,0,0,0,0,0,0,0,0,0,1
"10699","Female","Asian",2010,77,"Tresspass",1,1,0,0,0,0,0,0,0,0,1
"10700","Female","Black",2010,77,"Tresspass",4,0,2,0,0,0,0,0,0,0,4
"10701","Male","Black",2010,77,"Tresspass",26,15,14,0,2,0,0,2,0,0,26
"10702","Male","Hispanic",2010,77,"Tresspass",5,5,2,0,1,0,0,2,0,0,5
"10703","Male","Other",2010,77,"Tresspass",1,1,1,0,0,0,0,0,0,0,1
"10704","Male","Black",2006,78,"Tresspass",7,5,5,0,3,0,0,3,0,0,7
"10705","Male","Hispanic",2006,78,"Tresspass",1,1,1,0,0,0,0,0,0,0,1
"10706","Female","Black",2007,78,"Tresspass",1,1,1,0,1,0,0,1,0,0,1
"10707","Male","Black",2007,78,"Tresspass",7,5,4,0,2,0,1,3,0,0,7
"10708","Male","Hispanic",2007,78,"Tresspass",4,2,1,0,1,0,0,1,0,0,4
"10709","Female","Black",2008,78,"Tresspass",1,1,1,0,0,0,0,0,0,0,1
"10710","Male","Black",2008,78,"Tresspass",2,2,2,0,0,0,0,0,0,0,2
"10711","Male","Black",2009,78,"Tresspass",2,1,0,0,0,0,0,0,0,0,2
"10712","Male","Hispanic",2009,78,"Tresspass",2,2,1,0,0,0,0,1,0,0,2
"10713","Male","Black",2010,78,"Tresspass",1,1,0,0,0,0,0,0,0,0,1
"10714","Male","Hispanic",2010,78,"Tresspass",1,1,0,0,0,0,0,0,0,0,1
"10715","Female","Black",2005,79,"Tresspass",10,6,6,0,5,0,0,2,0,0,10
"10716","Male","Black",2005,79,"Tresspass",51,39,40,0,17,1,1,11,0,0,51
"10717","Female","Hispanic",2005,79,"Tresspass",1,1,1,0,0,0,0,0,0,0,1
"10718","Male","Hispanic",2005,79,"Tresspass",11,8,8,0,6,0,0,2,0,0,11
"10719","Unknown","Other",2005,79,"Tresspass",1,1,0,0,0,0,0,0,0,0,1
"10720","Female","White",2005,79,"Tresspass",1,1,1,0,0,0,0,0,0,0,1
"10721","Male","White",2005,79,"Tresspass",4,3,2,0,1,0,0,0,0,0,4
"10722","Female","Black",2006,79,"Tresspass",13,12,10,0,2,0,0,1,0,0,13
"10723","Male","Black",2006,79,"Tresspass",60,54,47,0,8,0,0,6,0,0,60
"10724","Female","Hispanic",2006,79,"Tresspass",3,1,2,0,0,0,0,0,0,0,3
"10725","Male","Hispanic",2006,79,"Tresspass",14,12,12,0,3,0,0,3,0,0,14
"10726","Unknown","Hispanic",2006,79,"Tresspass",1,0,1,0,0,0,0,0,0,0,1
"10727","Male","Other",2006,79,"Tresspass",1,1,1,0,0,0,0,1,0,0,1
"10728","Unknown","Other",2006,79,"Tresspass",1,0,0,0,0,0,0,0,0,0,1
"10729","Female","Black",2007,79,"Tresspass",22,14,11,0,2,0,0,0,0,0,22
"10730","Male","Black",2007,79,"Tresspass",122,107,89,2,42,3,1,29,0,0,122
"10731","Unknown","Black",2007,79,"Tresspass",1,1,1,0,0,0,0,0,0,0,1
"10732","Female","Hispanic",2007,79,"Tresspass",11,9,8,0,2,0,0,1,0,0,11
"10733","Male","Hispanic",2007,79,"Tresspass",47,40,40,0,8,0,0,6,0,0,47
"10734","Male","Other",2007,79,"Tresspass",2,1,1,0,1,0,0,1,0,0,2
"10735","Unknown","Other",2007,79,"Tresspass",8,3,5,0,2,0,0,1,0,0,8
"10736","Male","White",2007,79,"Tresspass",3,2,2,0,1,0,0,1,0,0,3
"10737","Female","Black",2008,79,"Tresspass",24,21,17,0,5,0,0,2,0,0,24
"10738","Male","Black",2008,79,"Tresspass",168,136,92,0,37,1,1,35,0,0,168
"10739","Female","Hispanic",2008,79,"Tresspass",13,12,8,0,2,0,0,0,0,0,13
"10740","Male","Hispanic",2008,79,"Tresspass",56,45,25,1,9,0,0,6,0,0,56
"10741","Male","Other",2008,79,"Tresspass",2,2,2,0,1,0,0,0,0,0,2
"10742","Unknown","Other",2008,79,"Tresspass",2,1,2,0,1,0,0,0,0,0,2
"10743","Female","White",2008,79,"Tresspass",1,1,1,0,0,0,0,0,0,0,1
"10744","Male","White",2008,79,"Tresspass",3,2,2,0,0,0,0,0,0,0,3
"10745","Female","Black",2009,79,"Tresspass",43,32,18,0,1,0,0,3,0,0,43
"10746","Male","Black",2009,79,"Tresspass",200,162,114,0,29,0,1,31,0,0,200
"10747","Unknown","Black",2009,79,"Tresspass",1,1,1,0,0,0,0,0,0,0,1
"10748","Female","Hispanic",2009,79,"Tresspass",11,9,6,0,4,0,0,0,0,0,11
"10749","Male","Hispanic",2009,79,"Tresspass",44,35,28,0,11,0,0,7,0,0,44
"10750","Unknown","Hispanic",2009,79,"Tresspass",1,0,1,0,0,0,0,1,0,0,1
"10751","Male","Other",2009,79,"Tresspass",3,2,1,0,0,0,0,0,0,0,3
"10752","Unknown","Other",2009,79,"Tresspass",4,3,2,0,0,0,0,0,0,0,4
"10753","Female","White",2009,79,"Tresspass",3,0,0,0,0,0,0,0,0,0,3
"10754","Male","White",2009,79,"Tresspass",5,2,2,0,0,0,0,0,0,0,5
"10755","Female","Black",2010,79,"Tresspass",11,9,5,0,3,0,0,2,0,0,11
"10756","Male","Black",2010,79,"Tresspass",68,53,36,0,16,0,0,10,0,0,68
"10757","Female","Hispanic",2010,79,"Tresspass",3,3,1,0,0,0,0,0,0,0,3
"10758","Male","Hispanic",2010,79,"Tresspass",6,4,4,0,1,0,0,1,0,0,6
"10759","Female","White",2010,79,"Tresspass",1,1,0,0,1,0,0,0,0,0,1
"10760","Male","Black",2005,81,"Tresspass",6,5,6,0,1,0,0,2,0,0,6
"10761","Male","Other",2005,81,"Tresspass",1,0,0,0,0,0,0,0,0,0,1
"10762","Female","Black",2006,81,"Tresspass",3,1,2,0,0,0,0,1,0,0,3
"10763","Male","Black",2006,81,"Tresspass",8,8,7,0,2,0,0,2,0,0,8
"10764","Unknown","Other",2006,81,"Tresspass",1,1,1,0,0,0,0,0,0,0,1
"10765","Male","Black",2007,81,"Tresspass",20,17,16,0,5,0,0,3,0,0,20
"10766","Male","Hispanic",2007,81,"Tresspass",3,1,0,0,0,0,0,0,0,0,3
"10767","Unknown","Other",2007,81,"Tresspass",1,1,1,0,0,0,0,0,0,0,1
"10768","Female","Black",2008,81,"Tresspass",14,10,8,0,3,0,0,2,0,0,14
"10769","Male","Black",2008,81,"Tresspass",64,56,43,0,21,0,0,3,0,0,64
"10770","Unknown","Black",2008,81,"Tresspass",1,1,0,0,0,0,0,0,0,0,1
"10771","Female","Hispanic",2008,81,"Tresspass",2,1,1,0,1,0,0,0,0,0,2
"10772","Male","Hispanic",2008,81,"Tresspass",9,8,8,0,5,0,0,2,0,0,9
"10773","Female","Other",2008,81,"Tresspass",1,1,1,0,1,0,0,0,0,0,1
"10774","Male","Other",2008,81,"Tresspass",2,0,0,0,0,0,0,0,0,0,2
"10775","Unknown","Other",2008,81,"Tresspass",2,2,1,0,0,0,0,1,0,0,2
"10776","Female","White",2008,81,"Tresspass",1,1,0,0,0,0,0,0,0,0,1
"10777","Female","Black",2009,81,"Tresspass",10,8,7,0,1,0,0,1,0,0,10
"10778","Male","Black",2009,81,"Tresspass",81,65,40,0,18,1,0,10,0,0,81
"10779","Female","Hispanic",2009,81,"Tresspass",3,2,2,0,0,0,0,0,0,0,3
"10780","Male","Hispanic",2009,81,"Tresspass",8,8,5,0,1,0,0,1,0,0,8
"10781","Female","Black",2010,81,"Tresspass",10,5,4,0,0,0,0,1,0,0,10
"10782","Male","Black",2010,81,"Tresspass",54,38,20,1,1,0,0,7,0,0,54
"10783","Female","Hispanic",2010,81,"Tresspass",1,1,1,0,0,0,1,0,0,0,1
"10784","Male","Hispanic",2010,81,"Tresspass",11,9,7,0,0,0,0,2,0,0,11
"10785","Female","White",2010,81,"Tresspass",1,1,0,0,0,0,0,0,0,0,1
"10786","Female","Black",2005,83,"Tresspass",1,0,0,0,0,0,0,0,0,0,1
"10787","Male","Hispanic",2005,83,"Tresspass",1,1,1,0,0,0,0,0,0,0,1
"10788","Male","White",2005,83,"Tresspass",1,0,0,0,0,0,0,0,0,0,1
"10789","Male","Black",2006,83,"Tresspass",5,3,3,0,2,0,0,0,0,0,5
"10790","Male","Hispanic",2006,83,"Tresspass",4,3,3,0,1,0,0,2,0,0,4
"10791","Female","Black",2007,83,"Tresspass",2,2,1,0,0,0,0,1,0,0,2
"10792","Male","Black",2007,83,"Tresspass",4,3,3,0,0,0,0,0,0,0,4
"10793","Male","Hispanic",2007,83,"Tresspass",9,9,6,0,2,0,0,7,0,0,9
"10794","Male","White",2007,83,"Tresspass",2,2,1,0,0,0,0,0,0,0,2
"10795","Male","Black",2008,83,"Tresspass",19,13,8,0,3,0,0,4,0,0,19
"10796","Female","Hispanic",2008,83,"Tresspass",2,2,1,0,0,0,0,0,0,0,2
"10797","Male","Hispanic",2008,83,"Tresspass",21,12,12,0,6,0,0,7,0,0,21
"10798","Female","Other",2008,83,"Tresspass",1,1,0,0,0,0,0,0,0,0,1
"10799","Male","White",2008,83,"Tresspass",1,1,0,0,1,0,0,1,0,0,1
"10800","Female","Black",2009,83,"Tresspass",4,3,2,0,0,0,0,0,0,0,4
"10801","Male","Black",2009,83,"Tresspass",33,27,24,0,11,0,1,11,0,0,33
"10802","Female","Hispanic",2009,83,"Tresspass",7,6,6,0,2,0,0,0,0,0,7
"10803","Male","Hispanic",2009,83,"Tresspass",23,15,17,1,6,0,0,6,0,0,23
"10804","Male","Other",2009,83,"Tresspass",1,1,1,0,1,0,0,1,0,0,1
"10805","Male","White",2009,83,"Tresspass",4,3,2,0,1,0,0,1,0,0,4
"10806","Female","Black",2010,83,"Tresspass",2,2,2,0,1,0,0,0,0,0,2
"10807","Male","Black",2010,83,"Tresspass",22,21,17,0,11,0,0,7,0,0,22
"10808","Female","Hispanic",2010,83,"Tresspass",9,5,4,0,0,0,0,1,0,0,9
"10809","Male","Hispanic",2010,83,"Tresspass",45,41,29,0,10,0,0,11,0,0,45
"10810","Male","Other",2010,83,"Tresspass",1,1,0,0,0,0,0,0,0,0,1
"10811","Female","White",2010,83,"Tresspass",1,1,0,0,0,0,0,0,0,0,1
"10812","Male","White",2010,83,"Tresspass",3,3,2,0,2,0,0,2,0,0,3
"10813","Female","Black",2005,84,"Tresspass",3,3,3,0,2,0,0,0,0,0,3
"10814","Male","Black",2005,84,"Tresspass",8,7,7,0,2,0,0,0,0,0,8
"10815","Male","Hispanic",2005,84,"Tresspass",1,1,1,0,0,0,0,0,0,0,1
"10816","Female","Black",2006,84,"Tresspass",2,1,1,0,0,0,0,0,0,0,2
"10817","Male","Black",2006,84,"Tresspass",10,9,10,0,2,0,0,1,0,0,10
"10818","Female","Hispanic",2006,84,"Tresspass",2,2,2,0,0,0,0,0,0,0,2
"10819","Male","Hispanic",2006,84,"Tresspass",2,2,2,0,1,0,0,1,0,0,2
"10820","Male","White",2006,84,"Tresspass",1,1,1,0,1,0,0,0,0,0,1
"10821","Female","Black",2007,84,"Tresspass",1,0,0,0,0,0,0,0,0,0,1
"10822","Male","Black",2007,84,"Tresspass",14,11,12,0,4,1,0,2,0,0,14
"10823","Unknown","Black",2007,84,"Tresspass",1,1,0,0,0,0,0,0,0,0,1
"10824","Male","Hispanic",2007,84,"Tresspass",4,4,3,0,1,0,0,0,0,0,4
"10825","Male","White",2007,84,"Tresspass",2,2,2,0,0,0,0,0,0,0,2
"10826","Female","Black",2008,84,"Tresspass",3,3,3,0,0,0,0,0,0,0,3
"10827","Male","Black",2008,84,"Tresspass",16,11,10,0,4,0,0,1,0,0,16
"10828","Unknown","Black",2008,84,"Tresspass",1,0,0,0,0,0,0,0,0,0,1
"10829","Male","Hispanic",2008,84,"Tresspass",8,7,5,0,3,0,0,2,0,0,8
"10830","Male","White",2008,84,"Tresspass",1,1,0,0,0,0,0,0,0,0,1
"10831","Female","Black",2009,84,"Tresspass",5,1,1,0,0,0,0,0,0,0,5
"10832","Male","Black",2009,84,"Tresspass",24,18,15,0,4,0,0,0,0,0,24
"10833","Male","Hispanic",2009,84,"Tresspass",2,2,2,0,0,0,0,0,0,0,2
"10834","Unknown","Other",2009,84,"Tresspass",1,1,1,0,0,0,0,0,0,0,1
"10835","Female","Black",2010,84,"Tresspass",4,3,3,0,2,0,0,2,0,0,4
"10836","Male","Black",2010,84,"Tresspass",12,8,2,0,1,0,0,1,0,0,12
"10837","Male","Hispanic",2010,84,"Tresspass",1,1,0,0,0,0,0,1,0,0,1
"10838","Female","Black",2005,88,"Tresspass",2,2,1,0,0,0,0,0,0,0,2
"10839","Male","Black",2005,88,"Tresspass",12,9,7,0,1,0,0,0,0,0,12
"10840","Female","Hispanic",2005,88,"Tresspass",1,1,1,0,0,0,0,0,0,0,1
"10841","Male","Hispanic",2005,88,"Tresspass",5,4,2,0,0,0,0,0,0,0,5
"10842","Female","Black",2006,88,"Tresspass",7,6,5,0,2,0,0,2,0,0,7
"10843","Male","Black",2006,88,"Tresspass",24,21,17,0,7,0,1,4,0,0,24
"10844","Female","Hispanic",2006,88,"Tresspass",2,2,2,0,0,0,0,0,0,0,2
"10845","Male","Hispanic",2006,88,"Tresspass",4,3,3,0,1,0,0,1,0,0,4
"10846","Male","Other",2006,88,"Tresspass",2,1,2,0,0,0,0,0,0,0,2
"10847","Male","White",2006,88,"Tresspass",1,0,0,0,0,0,0,0,0,0,1
"10848","Female","Black",2007,88,"Tresspass",12,8,10,0,1,0,0,1,0,0,12
"10849","Male","Black",2007,88,"Tresspass",51,40,37,0,10,0,2,9,0,0,51
"10850","Female","Hispanic",2007,88,"Tresspass",2,2,2,0,1,0,0,0,0,0,2
"10851","Male","Hispanic",2007,88,"Tresspass",16,9,9,0,2,0,0,3,0,0,16
"10852","Male","Other",2007,88,"Tresspass",2,2,2,0,0,0,0,0,0,0,2
"10853","Unknown","Other",2007,88,"Tresspass",5,4,4,0,0,0,0,3,0,0,5
"10854","Female","Black",2008,88,"Tresspass",6,5,3,0,1,0,0,0,0,0,6
"10855","Male","Black",2008,88,"Tresspass",27,19,15,0,6,0,0,4,0,0,27
"10856","Male","Hispanic",2008,88,"Tresspass",5,4,3,0,1,0,0,1,0,0,5
"10857","Female","Other",2008,88,"Tresspass",1,1,1,0,0,0,0,0,0,0,1
"10858","Male","White",2008,88,"Tresspass",1,1,0,0,0,0,0,0,0,0,1
"10859","Female","Black",2009,88,"Tresspass",1,1,0,0,1,0,0,0,0,0,1
"10860","Male","Black",2009,88,"Tresspass",34,29,17,0,11,0,0,5,0,0,34
"10861","Female","Hispanic",2009,88,"Tresspass",1,1,1,0,0,0,0,0,0,0,1
"10862","Male","Hispanic",2009,88,"Tresspass",3,3,1,0,1,0,0,2,0,0,3
"10863","Male","White",2009,88,"Tresspass",1,1,0,0,0,0,0,0,0,0,1
"10864","Female","Black",2010,88,"Tresspass",4,3,2,0,0,0,0,0,0,0,4
"10865","Male","Black",2010,88,"Tresspass",25,22,10,0,4,0,0,3,0,0,25
"10866","Female","Hispanic",2010,88,"Tresspass",1,1,1,0,1,0,0,1,0,0,1
"10867","Male","Hispanic",2010,88,"Tresspass",8,6,2,1,1,1,0,2,0,0,8
"10868","Unknown","Hispanic",2010,88,"Tresspass",1,1,1,0,0,0,0,0,0,0,1
"10869","Male","White",2010,88,"Tresspass",1,1,0,0,0,0,0,0,0,0,1
"10870","Male","Black",2005,90,"Tresspass",4,4,3,0,0,0,0,0,0,0,4
"10871","Female","Hispanic",2005,90,"Tresspass",2,2,2,0,1,0,0,0,0,0,2
"10872","Male","Hispanic",2005,90,"Tresspass",8,7,6,0,3,0,0,2,0,0,8
"10873","Male","White",2005,90,"Tresspass",1,0,1,0,0,0,0,0,0,0,1
"10874","Male","Black",2006,90,"Tresspass",10,9,8,0,0,0,0,0,0,0,10
"10875","Female","Hispanic",2006,90,"Tresspass",3,3,3,0,0,0,0,0,0,0,3
"10876","Male","Hispanic",2006,90,"Tresspass",3,3,2,0,1,0,0,0,0,0,3
"10877","Female","White",2006,90,"Tresspass",1,1,1,0,0,0,0,0,0,0,1
"10878","Male","White",2006,90,"Tresspass",1,1,1,0,1,0,0,1,0,0,1
"10879","Female","Black",2007,90,"Tresspass",1,1,1,0,1,0,0,1,0,0,1
"10880","Male","Black",2007,90,"Tresspass",20,16,14,0,5,0,0,2,0,0,20
"10881","Female","Hispanic",2007,90,"Tresspass",3,1,0,0,2,0,0,3,0,0,3
"10882","Male","Hispanic",2007,90,"Tresspass",15,14,9,0,5,0,0,4,0,0,15
"10883","Male","Other",2007,90,"Tresspass",6,5,3,0,3,0,0,1,0,0,6
"10884","Unknown","Other",2007,90,"Tresspass",2,2,0,0,1,0,0,0,0,0,2
"10885","Male","White",2007,90,"Tresspass",5,4,4,0,2,0,0,1,0,0,5
"10886","Female","Black",2008,90,"Tresspass",3,1,1,0,2,0,0,1,0,0,3
"10887","Male","Black",2008,90,"Tresspass",25,18,16,0,2,0,0,4,0,0,25
"10888","Female","Hispanic",2008,90,"Tresspass",3,3,1,0,3,0,0,1,0,0,3
"10889","Male","Hispanic",2008,90,"Tresspass",24,22,14,0,9,0,0,2,0,0,24
"10890","Male","Other",2008,90,"Tresspass",1,1,0,0,0,0,0,0,0,0,1
"10891","Female","White",2008,90,"Tresspass",1,0,0,0,0,0,0,0,0,0,1
"10892","Male","White",2008,90,"Tresspass",2,2,2,0,1,0,0,0,0,0,2
"10893","Female","Black",2009,90,"Tresspass",7,7,6,0,1,0,0,0,0,0,7
"10894","Male","Black",2009,90,"Tresspass",35,28,26,0,13,0,0,11,0,0,35
"10895","Female","Hispanic",2009,90,"Tresspass",8,8,6,0,3,0,0,1,0,0,8
"10896","Male","Hispanic",2009,90,"Tresspass",44,34,32,1,17,1,0,14,0,0,44
"10897","Unknown","Hispanic",2009,90,"Tresspass",1,0,1,0,0,0,0,0,0,0,1
"10898","Female","Other",2009,90,"Tresspass",1,0,1,0,0,0,0,0,0,0,1
"10899","Male","Other",2009,90,"Tresspass",2,2,0,0,0,0,0,0,0,0,2
"10900","Unknown","Other",2009,90,"Tresspass",1,1,1,0,1,0,0,1,0,0,1
"10901","Female","White",2009,90,"Tresspass",1,0,0,0,0,0,0,0,0,0,1
"10902","Male","White",2009,90,"Tresspass",3,2,3,0,1,0,0,0,0,0,3
"10903","Female","Black",2010,90,"Tresspass",5,3,1,0,3,0,0,3,0,0,5
"10904","Male","Black",2010,90,"Tresspass",18,14,13,0,7,0,1,8,0,0,18
"10905","Female","Hispanic",2010,90,"Tresspass",7,4,5,0,2,0,0,2,0,0,7
"10906","Male","Hispanic",2010,90,"Tresspass",12,9,7,0,5,0,0,3,0,0,12
"10907","Unknown","Other",2010,90,"Tresspass",1,0,1,0,0,0,0,0,0,0,1
"10908","Female","White",2010,90,"Tresspass",1,0,0,0,0,0,0,0,0,0,1
"10909","Male","White",2010,90,"Tresspass",5,5,3,0,2,0,0,0,0,0,5
"10910","Male","Black",2005,94,"Tresspass",1,1,1,0,0,0,0,0,0,0,1
"10911","Male","Hispanic",2005,94,"Tresspass",4,1,1,0,0,0,0,0,0,0,4
"10912","Male","White",2005,94,"Tresspass",2,1,0,0,0,0,1,0,0,0,2
"10913","Male","Black",2006,94,"Tresspass",1,1,1,0,0,0,0,0,0,0,1
"10914","Male","Hispanic",2007,94,"Tresspass",2,2,0,0,0,0,0,0,0,0,2
"10915","Male","Hispanic",2008,94,"Tresspass",1,1,1,0,0,0,0,0,0,0,1
"10916","Female","Other",2008,94,"Tresspass",1,1,0,0,0,0,0,0,0,0,1
"10917","Male","Other",2008,94,"Tresspass",1,1,0,0,0,0,0,0,0,0,1
"10918","Male","White",2008,94,"Tresspass",1,1,0,0,0,0,0,0,0,0,1
"10919","Male","Black",2009,94,"Tresspass",1,1,1,0,0,0,0,0,0,0,1
"10920","Male","Hispanic",2009,94,"Tresspass",2,1,1,0,0,0,0,0,0,0,2
"10921","Male","White",2009,94,"Tresspass",6,3,1,0,1,0,0,0,0,0,6
"10922","Female","Black",2006,100,"Tresspass",2,1,2,0,1,0,0,1,0,0,2
"10923","Male","Black",2006,100,"Tresspass",23,18,20,0,22,1,0,20,0,0,23
"10924","Female","Hispanic",2006,100,"Tresspass",1,1,0,0,1,0,0,1,0,0,1
"10925","Male","Hispanic",2006,100,"Tresspass",4,4,3,0,2,0,0,2,0,0,4
"10926","Female","White",2006,100,"Tresspass",1,1,0,0,1,0,0,0,0,0,1
"10927","Male","White",2006,100,"Tresspass",6,3,3,0,6,0,0,6,0,0,6
"10928","Female","Black",2007,100,"Tresspass",8,8,8,0,6,0,0,8,0,0,8
"10929","Male","Black",2007,100,"Tresspass",25,22,20,0,16,0,0,19,0,0,25
"10930","Male","Hispanic",2007,100,"Tresspass",2,2,2,0,1,0,0,1,0,0,2
"10931","Female","White",2007,100,"Tresspass",1,0,1,0,1,0,0,1,0,0,1
"10932","Male","White",2007,100,"Tresspass",2,2,2,0,2,0,0,2,0,0,2
"10933","Female","Black",2008,100,"Tresspass",14,14,12,0,13,0,0,14,0,0,14
"10934","Male","Black",2008,100,"Tresspass",42,41,37,0,38,0,0,40,0,0,42
"10935","Male","Hispanic",2008,100,"Tresspass",5,5,5,0,3,0,0,4,0,0,5
"10936","Female","White",2008,100,"Tresspass",1,1,1,0,1,0,0,1,0,0,1
"10937","Male","White",2008,100,"Tresspass",2,2,2,0,1,0,1,1,0,0,2
"10938","Female","Black",2009,100,"Tresspass",9,8,6,0,8,0,0,8,0,0,9
"10939","Male","Black",2009,100,"Tresspass",56,54,47,0,49,0,0,50,0,0,56
"10940","Female","Hispanic",2009,100,"Tresspass",5,5,3,0,4,0,0,5,0,0,5
"10941","Male","Hispanic",2009,100,"Tresspass",4,4,4,0,4,0,0,4,0,0,4
"10942","Female","Other",2009,100,"Tresspass",1,1,1,0,1,0,0,1,0,0,1
"10943","Female","White",2009,100,"Tresspass",1,1,0,0,1,0,0,1,0,0,1
"10944","Male","White",2009,100,"Tresspass",5,4,5,0,5,0,0,5,0,0,5
"10945","Female","Black",2010,100,"Tresspass",5,4,3,0,5,0,0,5,0,0,5
"10946","Male","Black",2010,100,"Tresspass",25,24,21,0,19,0,1,19,0,0,25
"10947","Male","Hispanic",2010,100,"Tresspass",2,2,1,0,1,0,0,1,0,0,2
"10948","Male","Black",2005,101,"Tresspass",4,3,2,0,2,0,0,2,0,0,4
"10949","Female","Black",2006,101,"Tresspass",5,2,2,0,3,0,0,1,0,0,5
"10950","Male","Black",2006,101,"Tresspass",81,57,34,1,31,0,0,25,0,0,81
"10951","Unknown","Black",2006,101,"Tresspass",2,1,1,0,1,0,0,0,0,0,2
"10952","Female","Hispanic",2006,101,"Tresspass",2,2,0,0,2,0,0,0,0,0,2
"10953","Male","Hispanic",2006,101,"Tresspass",4,4,2,0,2,0,0,0,0,0,4
"10954","Unknown","Other",2006,101,"Tresspass",1,1,1,0,0,0,0,0,0,0,1
"10955","Female","White",2006,101,"Tresspass",3,2,0,0,1,0,0,0,0,0,3
"10956","Male","White",2006,101,"Tresspass",5,2,0,0,1,0,0,1,0,0,5
"10957","Female","Black",2007,101,"Tresspass",1,1,1,0,1,0,0,1,0,0,1
"10958","Male","Black",2007,101,"Tresspass",68,49,43,1,24,0,0,9,0,0,68
"10959","Male","Hispanic",2007,101,"Tresspass",3,3,3,0,2,0,0,1,0,0,3
"10960","Male","Other",2007,101,"Tresspass",1,0,0,0,0,0,0,0,0,0,1
"10961","Male","White",2007,101,"Tresspass",1,1,1,0,0,0,0,0,0,0,1
"10962","Female","Black",2008,101,"Tresspass",3,3,2,0,1,0,0,0,0,0,3
"10963","Male","Black",2008,101,"Tresspass",180,127,88,1,67,0,0,38,0,0,180
"10964","Male","Hispanic",2008,101,"Tresspass",14,10,10,0,6,0,0,4,0,0,14
"10965","Unknown","Hispanic",2008,101,"Tresspass",1,1,0,0,0,0,0,1,0,0,1
"10966","Male","Other",2008,101,"Tresspass",1,0,1,0,1,0,0,0,0,0,1
"10967","Male","White",2008,101,"Tresspass",1,0,0,0,0,0,0,1,0,0,1
"10968","Female","Black",2009,101,"Tresspass",9,2,1,0,3,0,0,1,0,0,9
"10969","Male","Black",2009,101,"Tresspass",223,141,93,0,103,0,2,57,0,0,223
"10970","Female","Hispanic",2009,101,"Tresspass",1,0,1,0,1,0,0,0,0,0,1
"10971","Male","Hispanic",2009,101,"Tresspass",7,3,2,0,0,0,0,3,0,0,7
"10972","Female","Other",2009,101,"Tresspass",1,0,0,0,0,0,0,0,0,0,1
"10973","Male","Other",2009,101,"Tresspass",5,3,3,0,3,0,0,2,0,0,5
"10974","Female","Black",2010,101,"Tresspass",1,1,1,0,0,0,0,1,0,0,1
"10975","Male","Black",2010,101,"Tresspass",107,61,60,0,46,0,0,25,0,0,107
"10976","Female","Hispanic",2010,101,"Tresspass",1,0,0,0,1,0,0,1,0,0,1
"10977","Male","Hispanic",2010,101,"Tresspass",4,3,3,0,3,0,0,1,0,0,4
"10978","Male","Other",2010,101,"Tresspass",3,1,1,0,1,0,0,0,0,0,3
"10979","Female","White",2010,101,"Tresspass",1,1,1,0,0,0,0,0,0,0,1
"10980","Male","White",2010,101,"Tresspass",2,1,1,0,2,0,0,1,0,0,2
"10981","Male","Asian",2006,102,"Tresspass",2,1,1,0,2,0,0,2,0,0,2
"10982","Male","Hispanic",2006,102,"Tresspass",4,3,2,0,2,0,0,2,0,0,4
"10983","Male","White",2006,102,"Tresspass",1,0,1,0,0,0,0,0,0,0,1
"10984","Female","Asian",2007,102,"Tresspass",1,1,0,0,0,0,0,0,0,0,1
"10985","Male","Asian",2007,102,"Tresspass",8,8,3,0,3,0,0,1,0,0,8
"10986","Female","Hispanic",2007,102,"Tresspass",5,5,0,0,0,0,0,0,0,0,5
"10987","Male","Hispanic",2007,102,"Tresspass",7,7,5,0,6,0,0,5,0,0,7
"10988","Male","White",2007,102,"Tresspass",2,2,0,0,1,0,0,1,0,0,2
"10989","Male","Asian",2008,102,"Tresspass",2,2,2,0,0,0,0,0,0,0,2
"10990","Male","Black",2008,102,"Tresspass",3,3,3,0,1,0,0,1,0,0,3
"10991","Female","Hispanic",2008,102,"Tresspass",2,2,2,0,0,0,0,1,0,0,2
"10992","Male","Hispanic",2008,102,"Tresspass",9,9,9,0,7,0,2,4,0,0,9
"10993","Female","Other",2008,102,"Tresspass",1,1,0,0,0,0,0,0,0,0,1
"10994","Male","White",2008,102,"Tresspass",1,1,0,0,1,0,0,0,0,0,1
"10995","Male","Asian",2009,102,"Tresspass",7,7,7,0,3,0,0,3,0,0,7
"10996","Male","Black",2009,102,"Tresspass",2,2,2,0,1,0,0,1,0,0,2
"10997","Unknown","Black",2009,102,"Tresspass",1,1,1,0,0,0,0,0,0,0,1
"10998","Male","Hispanic",2009,102,"Tresspass",5,5,4,0,1,0,0,2,0,0,5
"10999","Male","Other",2009,102,"Tresspass",1,1,1,0,0,0,0,0,0,0,1
"11000","Unknown","Other",2009,102,"Tresspass",1,1,1,0,0,0,0,0,0,0,1
"11001","Male","White",2009,102,"Tresspass",2,2,2,0,1,0,0,1,0,0,2
"11002","Male","Asian",2010,102,"Tresspass",2,2,0,0,0,0,0,1,0,0,2
"11003","Unknown","Asian",2010,102,"Tresspass",1,1,1,0,0,0,0,0,0,0,1
"11004","Male","Black",2010,102,"Tresspass",1,1,1,0,0,0,0,1,0,0,1
"11005","Male","Hispanic",2010,102,"Tresspass",1,1,1,0,0,0,0,0,0,0,1
"11006","Male","Other",2010,102,"Tresspass",1,1,1,0,1,0,0,1,0,0,1
"11007","Male","White",2010,102,"Tresspass",1,0,1,0,0,0,0,1,0,0,1
"11008","Female","Black",2005,103,"Tresspass",1,1,1,0,0,0,0,0,0,0,1
"11009","Male","Black",2005,103,"Tresspass",1,1,1,0,0,0,0,0,0,0,1
"11010","Male","Hispanic",2005,103,"Tresspass",1,1,1,0,1,0,0,0,0,0,1
"11011","Male","Asian",2006,103,"Tresspass",3,3,2,0,0,0,0,0,0,0,3
"11012","Female","Black",2006,103,"Tresspass",8,3,6,0,3,0,0,3,0,0,8
"11013","Male","Black",2006,103,"Tresspass",91,34,44,0,8,0,0,6,0,0,91
"11014","Female","Hispanic",2006,103,"Tresspass",2,2,2,0,0,0,0,0,0,0,2
"11015","Male","Hispanic",2006,103,"Tresspass",22,18,9,0,5,0,0,11,0,0,22
"11016","Male","Other",2006,103,"Tresspass",1,1,0,0,0,0,0,1,0,0,1
"11017","Male","White",2006,103,"Tresspass",2,2,2,0,1,0,0,1,0,0,2
"11018","Female","Asian",2007,103,"Tresspass",1,1,0,0,1,0,0,0,0,0,1
"11019","Female","Black",2007,103,"Tresspass",5,4,1,0,2,0,0,2,0,0,5
"11020","Male","Black",2007,103,"Tresspass",39,35,29,0,11,0,0,10,0,0,39
"11021","Female","Hispanic",2007,103,"Tresspass",1,1,1,0,0,0,0,0,0,0,1
"11022","Male","Hispanic",2007,103,"Tresspass",8,6,5,0,0,0,0,0,0,0,8
"11023","Female","White",2007,103,"Tresspass",1,1,1,0,0,0,0,0,0,0,1
"11024","Male","White",2007,103,"Tresspass",1,1,0,0,0,0,0,1,0,0,1
"11025","Male","Asian",2008,103,"Tresspass",3,2,2,0,2,0,0,2,0,0,3
"11026","Female","Black",2008,103,"Tresspass",11,8,7,0,5,0,0,4,0,0,11
"11027","Male","Black",2008,103,"Tresspass",77,50,51,0,34,1,0,25,0,0,77
"11028","Unknown","Black",2008,103,"Tresspass",1,1,0,0,0,0,0,0,0,0,1
"11029","Female","Hispanic",2008,103,"Tresspass",1,0,0,0,0,0,0,0,0,0,1
"11030","Male","Hispanic",2008,103,"Tresspass",4,2,2,0,1,0,0,1,0,0,4
"11031","Male","Native",2008,103,"Tresspass",1,1,1,0,1,0,0,1,0,0,1
"11032","Male","Other",2008,103,"Tresspass",2,2,2,0,1,0,0,1,0,0,2
"11033","Female","Black",2009,103,"Tresspass",9,4,4,0,0,0,0,0,0,0,9
"11034","Male","Black",2009,103,"Tresspass",34,17,16,0,4,0,0,3,0,0,34
"11035","Female","Hispanic",2009,103,"Tresspass",1,1,1,0,0,0,0,1,0,0,1
"11036","Male","Hispanic",2009,103,"Tresspass",4,3,2,0,2,0,0,1,0,0,4
"11037","Male","White",2009,103,"Tresspass",1,1,1,0,0,0,0,0,0,0,1
"11038","Male","Asian",2010,103,"Tresspass",2,2,2,0,1,0,0,1,0,0,2
"11039","Female","Black",2010,103,"Tresspass",1,1,1,0,1,0,0,1,0,0,1
"11040","Male","Black",2010,103,"Tresspass",8,5,5,0,2,0,0,3,0,0,8
"11041","Female","Hispanic",2010,103,"Tresspass",1,1,1,0,1,0,0,0,0,0,1
"11042","Male","Hispanic",2010,103,"Tresspass",1,0,0,0,0,0,0,0,0,0,1
"11043","Male","Other",2010,103,"Tresspass",1,0,0,0,0,0,0,0,0,0,1
"11044","Male","Black",2006,104,"Tresspass",1,1,0,0,0,0,0,0,0,0,1
"11045","Male","Hispanic",2006,104,"Tresspass",2,2,2,0,2,0,0,1,0,0,2
"11046","Male","Other",2006,104,"Tresspass",2,2,2,0,2,0,0,2,0,0,2
"11047","Male","White",2006,104,"Tresspass",2,2,2,0,1,0,0,0,0,0,2
"11048","Male","Hispanic",2007,104,"Tresspass",4,4,2,0,1,0,1,1,0,0,4
"11049","Male","Native",2007,104,"Tresspass",1,1,0,0,0,0,0,0,0,0,1
"11050","Male","White",2007,104,"Tresspass",4,4,3,0,0,0,0,0,0,0,4
"11051","Male","White",2009,104,"Tresspass",2,1,1,0,0,0,0,0,0,0,2
"11052","Female","Hispanic",2010,104,"Tresspass",1,1,1,0,0,0,0,0,0,0,1
"11053","Male","Hispanic",2010,104,"Tresspass",1,1,1,0,0,0,0,1,0,0,1
"11054","Female","White",2010,104,"Tresspass",1,0,1,0,0,0,0,0,0,0,1
"11055","Male","White",2010,104,"Tresspass",3,3,1,0,1,0,0,2,0,0,3
"11056","Male","Black",2008,105,"Tresspass",1,1,0,0,0,0,0,0,0,0,1
"11057","Male","Hispanic",2008,105,"Tresspass",1,1,0,0,1,0,0,1,0,0,1
"11058","Male","Asian",2009,105,"Tresspass",1,0,0,0,0,0,0,0,0,0,1
"11059","Male","Black",2009,105,"Tresspass",5,5,4,0,3,0,0,1,0,0,5
"11060","Male","Hispanic",2009,105,"Tresspass",1,1,1,0,1,0,0,0,0,0,1
"11061","Unknown","Other",2009,105,"Tresspass",1,1,1,0,1,0,0,0,0,0,1
"11062","Male","Asian",2010,105,"Tresspass",1,1,0,0,1,0,0,1,0,0,1
"11063","Male","Asian",2006,106,"Tresspass",1,0,0,0,0,0,0,0,0,0,1
"11064","Male","Black",2006,106,"Tresspass",1,1,1,0,0,0,0,0,0,0,1
"11065","Male","Hispanic",2006,106,"Tresspass",2,2,2,0,0,0,0,2,0,0,2
"11066","Unknown","Hispanic",2006,106,"Tresspass",1,1,1,0,0,0,0,1,0,0,1
"11067","Male","Asian",2007,106,"Tresspass",2,0,0,0,0,0,0,0,0,0,2
"11068","Male","Black",2007,106,"Tresspass",1,0,1,0,1,0,0,0,0,0,1
"11069","Male","White",2007,106,"Tresspass",1,1,1,0,1,0,0,1,0,0,1
"11070","Male","Asian",2009,106,"Tresspass",1,0,0,0,0,0,0,1,0,0,1
"11071","Male","Black",2009,106,"Tresspass",2,2,2,0,2,0,0,2,0,0,2
"11072","Male","Hispanic",2009,106,"Tresspass",1,1,0,0,0,0,0,0,0,0,1
"11073","Male","White",2009,106,"Tresspass",1,1,1,0,0,0,0,1,0,0,1
"11074","Male","Asian",2010,106,"Tresspass",4,4,4,0,0,0,0,0,0,0,4
"11075","Male","Black",2010,106,"Tresspass",1,1,1,0,0,0,0,0,0,0,1
"11076","Male","Asian",2005,107,"Tresspass",1,0,0,0,0,0,0,0,0,0,1
"11077","Male","Hispanic",2005,107,"Tresspass",1,1,1,0,1,0,0,0,0,0,1
"11078","Male","Black",2006,107,"Tresspass",26,15,15,0,2,0,0,3,0,0,26
"11079","Male","Hispanic",2006,107,"Tresspass",2,1,2,0,0,0,0,0,0,0,2
"11080","Male","Native",2006,107,"Tresspass",1,0,0,0,0,0,0,0,0,0,1
"11081","Female","White",2006,107,"Tresspass",1,1,1,0,1,0,0,1,0,0,1
"11082","Male","White",2006,107,"Tresspass",1,1,1,0,0,0,0,0,0,0,1
"11083","Male","Asian",2007,107,"Tresspass",1,1,1,0,0,0,0,0,0,0,1
"11084","Male","Black",2007,107,"Tresspass",23,21,14,0,4,0,0,3,0,0,23
"11085","Male","Hispanic",2007,107,"Tresspass",7,5,6,0,2,0,0,2,0,0,7
"11086","Male","Other",2007,107,"Tresspass",1,1,1,0,1,0,0,1,0,0,1
"11087","Male","White",2007,107,"Tresspass",3,3,3,0,1,0,0,1,0,0,3
"11088","Female","Black",2008,107,"Tresspass",2,2,0,0,1,0,0,0,0,0,2
"11089","Male","Black",2008,107,"Tresspass",21,16,15,0,7,0,0,6,0,0,21
"11090","Female","Hispanic",2008,107,"Tresspass",2,1,0,0,1,0,0,1,0,0,2
"11091","Male","Hispanic",2008,107,"Tresspass",3,3,3,0,1,0,0,0,0,0,3
"11092","Male","Other",2008,107,"Tresspass",1,1,1,0,0,0,0,0,0,0,1
"11093","Unknown","Other",2008,107,"Tresspass",1,0,0,0,0,0,0,0,0,0,1
"11094","Male","White",2008,107,"Tresspass",2,2,2,0,1,0,0,1,0,0,2
"11095","Male","Asian",2009,107,"Tresspass",2,2,2,0,1,0,0,1,0,0,2
"11096","Female","Black",2009,107,"Tresspass",3,1,0,0,0,0,0,0,0,0,3
"11097","Male","Black",2009,107,"Tresspass",26,7,14,0,4,0,0,4,0,0,26
"11098","Male","Hispanic",2009,107,"Tresspass",8,4,6,0,2,0,0,3,0,0,8
"11099","Male","White",2009,107,"Tresspass",3,3,3,0,1,0,0,2,0,0,3
"11100","Female","Black",2010,107,"Tresspass",2,2,0,0,1,0,0,1,0,0,2
"11101","Male","Black",2010,107,"Tresspass",5,2,2,0,1,0,0,1,0,0,5
"11102","Male","Native",2010,107,"Tresspass",1,1,1,0,0,0,0,0,0,0,1
"11103","Male","Asian",2006,108,"Tresspass",2,0,0,0,0,0,0,0,0,0,2
"11104","Male","Hispanic",2006,108,"Tresspass",2,2,2,0,1,0,0,0,0,0,2
"11105","Male","White",2006,108,"Tresspass",1,0,1,0,0,0,0,0,0,0,1
"11106","Male","Asian",2007,108,"Tresspass",1,1,1,0,0,0,0,0,0,0,1
"11107","Male","Black",2007,108,"Tresspass",5,4,4,0,0,0,0,0,0,0,5
"11108","Male","Hispanic",2007,108,"Tresspass",6,6,5,0,0,0,0,0,0,0,6
"11109","Male","White",2007,108,"Tresspass",1,1,1,0,0,0,0,0,0,0,1
"11110","Male","Black",2008,108,"Tresspass",3,3,2,0,1,0,0,2,0,0,3
"11111","Male","Hispanic",2008,108,"Tresspass",9,8,8,0,1,0,0,0,0,0,9
"11112","Female","White",2008,108,"Tresspass",1,1,1,0,0,0,0,0,0,0,1
"11113","Male","White",2008,108,"Tresspass",3,3,2,0,0,0,0,1,0,0,3
"11114","Female","Asian",2009,108,"Tresspass",1,1,1,0,0,0,0,0,0,0,1
"11115","Male","Asian",2009,108,"Tresspass",2,2,1,0,0,0,0,0,0,0,2
"11116","Male","Black",2009,108,"Tresspass",1,1,1,0,0,0,0,0,0,0,1
"11117","Female","Hispanic",2009,108,"Tresspass",2,2,2,0,0,0,0,0,0,0,2
"11118","Male","Hispanic",2009,108,"Tresspass",9,8,8,0,2,0,1,2,0,0,9
"11119","Male","White",2009,108,"Tresspass",4,4,2,0,1,0,0,1,0,0,4
"11120","Male","Asian",2010,108,"Tresspass",1,1,1,0,0,0,0,1,0,0,1
"11121","Male","Black",2010,108,"Tresspass",1,1,1,0,1,0,0,0,0,0,1
"11122","Male","Hispanic",2010,108,"Tresspass",15,15,12,0,1,0,0,1,0,0,15
"11123","Male","White",2010,108,"Tresspass",1,1,1,0,0,0,0,0,0,0,1
"11124","Male","Black",2005,109,"Tresspass",1,0,0,0,0,0,0,0,0,0,1
"11125","Male","Asian",2006,109,"Tresspass",1,1,1,0,1,0,0,1,0,0,1
"11126","Male","Black",2006,109,"Tresspass",6,4,3,0,1,0,0,1,0,0,6
"11127","Female","Hispanic",2006,109,"Tresspass",1,0,1,0,0,0,0,0,0,0,1
"11128","Male","Hispanic",2006,109,"Tresspass",6,4,4,0,3,0,0,4,0,0,6
"11129","Male","White",2006,109,"Tresspass",1,1,1,0,1,0,0,0,0,0,1
"11130","Female","Asian",2007,109,"Tresspass",1,1,1,0,1,0,0,0,0,0,1
"11131","Male","Asian",2007,109,"Tresspass",4,4,4,0,4,0,0,4,0,0,4
"11132","Male","Black",2007,109,"Tresspass",5,5,5,0,5,0,0,3,0,0,5
"11133","Male","Hispanic",2007,109,"Tresspass",10,9,10,0,6,0,0,8,0,0,10
"11134","Male","Other",2007,109,"Tresspass",1,1,1,0,1,0,0,1,0,0,1
"11135","Male","White",2007,109,"Tresspass",1,1,1,0,0,0,0,1,0,0,1
"11136","Female","Asian",2008,109,"Tresspass",1,1,1,0,1,0,0,0,0,0,1
"11137","Male","Black",2008,109,"Tresspass",4,4,4,0,2,0,0,1,0,0,4
"11138","Female","Hispanic",2008,109,"Tresspass",1,0,0,0,0,0,0,0,0,0,1
"11139","Male","Hispanic",2008,109,"Tresspass",5,5,5,0,5,0,1,3,0,0,5
"11140","Female","White",2008,109,"Tresspass",1,1,1,0,1,0,0,1,0,0,1
"11141","Male","White",2008,109,"Tresspass",1,1,1,0,0,0,0,0,0,0,1
"11142","Female","Asian",2009,109,"Tresspass",3,2,2,0,1,0,0,1,0,0,3
"11143","Male","Asian",2009,109,"Tresspass",3,3,2,0,2,0,0,0,0,0,3
"11144","Female","Black",2009,109,"Tresspass",1,1,1,0,0,0,0,0,0,0,1
"11145","Male","Black",2009,109,"Tresspass",8,8,8,0,2,0,0,1,0,0,8
"11146","Female","Hispanic",2009,109,"Tresspass",1,1,1,0,0,0,0,0,0,0,1
"11147","Male","Hispanic",2009,109,"Tresspass",11,11,8,0,2,0,0,2,0,0,11
"11148","Female","White",2009,109,"Tresspass",1,1,1,0,0,0,0,0,0,0,1
"11149","Male","White",2009,109,"Tresspass",1,1,1,0,0,0,0,0,0,0,1
"11150","Female","Asian",2010,109,"Tresspass",1,1,1,0,1,0,0,0,0,0,1
"11151","Male","Asian",2010,109,"Tresspass",1,1,0,0,0,0,0,0,0,0,1
"11152","Male","Black",2010,109,"Tresspass",2,2,0,0,0,0,0,1,0,0,2
"11153","Female","Hispanic",2010,109,"Tresspass",1,1,1,0,0,0,0,0,0,0,1
"11154","Male","Hispanic",2010,109,"Tresspass",9,8,6,0,4,0,0,5,0,0,9
"11155","Female","White",2010,109,"Tresspass",1,1,1,0,1,0,0,0,0,0,1
"11156","Male","White",2010,109,"Tresspass",3,2,1,0,1,0,0,1,0,0,3
"11157","Female","Hispanic",2005,110,"Tresspass",1,1,1,0,0,0,0,0,0,0,1
"11158","Male","Black",2006,110,"Tresspass",1,1,0,0,0,0,0,0,0,0,1
"11159","Female","Hispanic",2006,110,"Tresspass",3,3,3,0,2,0,0,0,0,0,3
"11160","Male","Hispanic",2006,110,"Tresspass",21,21,20,0,9,0,0,6,0,0,21
"11161","Female","Native",2006,110,"Tresspass",1,1,1,0,0,0,0,0,0,0,1
"11162","Unknown","Other",2006,110,"Tresspass",1,1,1,0,0,0,0,0,0,0,1
"11163","Male","White",2006,110,"Tresspass",2,2,2,0,0,0,0,0,0,0,2
"11164","Female","Black",2007,110,"Tresspass",1,1,1,0,0,0,0,0,0,0,1
"11165","Male","Black",2007,110,"Tresspass",1,1,1,0,1,0,0,1,0,0,1
"11166","Female","Hispanic",2007,110,"Tresspass",6,6,5,0,0,0,0,0,0,0,6
"11167","Male","Hispanic",2007,110,"Tresspass",17,16,14,0,2,0,0,13,0,0,17
"11168","Male","Black",2008,110,"Tresspass",1,1,1,0,1,0,0,1,0,0,1
"11169","Male","Hispanic",2008,110,"Tresspass",5,5,5,0,2,0,0,3,0,0,5
"11170","Male","Black",2009,110,"Tresspass",2,2,2,0,1,0,0,2,0,0,2
"11171","Female","Hispanic",2009,110,"Tresspass",2,2,2,0,0,0,0,0,0,0,2
"11172","Male","Hispanic",2009,110,"Tresspass",33,33,28,0,4,0,0,6,0,0,33
"11173","Male","White",2009,110,"Tresspass",1,1,0,0,0,0,0,0,0,0,1
"11174","Male","Black",2010,110,"Tresspass",1,1,1,0,0,0,0,0,0,0,1
"11175","Male","Hispanic",2010,110,"Tresspass",18,18,13,0,5,0,0,10,0,0,18
"11176","Male","White",2010,110,"Tresspass",1,1,1,0,1,0,0,0,0,0,1
"11177","Male","Black",2007,111,"Tresspass",1,1,1,0,0,0,0,1,0,0,1
"11178","Male","Asian",2008,111,"Tresspass",2,2,1,0,0,0,0,0,0,0,2
"11179","Male","Other",2008,111,"Tresspass",1,1,1,0,0,0,1,1,0,0,1
"11180","Male","Asian",2010,111,"Tresspass",1,1,1,0,1,0,0,0,0,0,1
"11181","Female","Black",2010,111,"Tresspass",3,3,3,0,3,0,0,1,0,0,3
"11182","Male","Hispanic",2010,111,"Tresspass",1,1,1,0,1,0,0,0,0,0,1
"11183","Male","Black",2006,112,"Tresspass",2,2,2,0,0,0,0,0,0,0,2
"11184","Male","Hispanic",2006,112,"Tresspass",8,8,8,0,4,0,0,4,0,0,8
"11185","Male","Other",2006,112,"Tresspass",1,1,1,0,0,0,0,0,0,0,1
"11186","Male","White",2006,112,"Tresspass",16,14,13,0,3,0,0,7,0,0,16
"11187","Male","Asian",2007,112,"Tresspass",2,2,0,0,0,0,0,0,0,0,2
"11188","Male","Hispanic",2007,112,"Tresspass",5,5,3,0,2,0,1,3,0,0,5
"11189","Male","White",2007,112,"Tresspass",6,5,6,0,1,0,0,6,0,0,6
"11190","Male","Asian",2008,112,"Tresspass",1,1,0,0,0,0,0,0,0,0,1
"11191","Male","Black",2008,112,"Tresspass",1,1,0,0,1,0,0,1,0,0,1
"11192","Male","White",2008,112,"Tresspass",2,1,1,0,0,0,0,1,0,0,2
"11193","Male","White",2009,112,"Tresspass",1,1,1,0,0,0,0,0,0,0,1
"11194","Male","Asian",2010,112,"Tresspass",1,0,1,0,0,0,0,0,0,0,1
"11195","Female","Black",2006,113,"Tresspass",3,3,3,0,3,0,2,2,0,0,3
"11196","Male","Black",2006,113,"Tresspass",12,4,9,0,4,0,1,3,0,0,12
"11197","Male","Hispanic",2006,113,"Tresspass",1,0,0,0,0,0,0,0,0,0,1
"11198","Male","White",2006,113,"Tresspass",1,0,0,0,0,0,0,0,0,0,1
"11199","Female","Black",2007,113,"Tresspass",3,2,2,0,1,0,0,0,0,0,3
"11200","Male","Black",2007,113,"Tresspass",16,16,10,0,6,0,0,8,0,0,16
"11201","Male","Black",2008,113,"Tresspass",6,4,4,0,4,0,0,4,0,0,6
"11202","Female","Black",2009,113,"Tresspass",2,2,2,0,0,0,0,0,0,0,2
"11203","Male","Black",2009,113,"Tresspass",34,28,20,0,8,0,0,13,0,0,34
"11204","Male","Other",2009,113,"Tresspass",1,1,0,0,0,0,0,0,0,0,1
"11205","Male","Black",2010,113,"Tresspass",6,2,2,0,1,0,0,0,0,0,6
"11206","Unknown","White",2010,113,"Tresspass",1,0,0,0,0,0,0,0,0,0,1
"11207","Male","Black",2005,114,"Tresspass",2,0,1,0,1,0,0,0,0,0,2
"11208","Male","Asian",2006,114,"Tresspass",2,2,0,0,1,0,0,1,0,0,2
"11209","Female","Black",2006,114,"Tresspass",15,8,12,0,1,0,0,1,0,0,15
"11210","Male","Black",2006,114,"Tresspass",131,33,65,0,4,0,0,4,0,0,131
"11211","Female","Hispanic",2006,114,"Tresspass",7,6,5,0,3,0,0,1,0,0,7
"11212","Male","Hispanic",2006,114,"Tresspass",55,34,33,0,18,0,1,7,0,0,55
"11213","Male","Native",2006,114,"Tresspass",1,0,0,0,0,0,0,0,0,0,1
"11214","Male","Other",2006,114,"Tresspass",1,0,0,0,0,0,0,0,0,0,1
"11215","Female","White",2006,114,"Tresspass",3,1,1,0,1,0,0,1,0,0,3
"11216","Male","White",2006,114,"Tresspass",12,9,6,0,3,0,0,1,0,0,12
"11217","Unknown","White",2006,114,"Tresspass",2,1,2,0,2,0,0,1,0,0,2
"11218","Female","Asian",2007,114,"Tresspass",1,1,0,0,0,0,0,0,0,0,1
"11219","Male","Asian",2007,114,"Tresspass",5,5,5,0,1,0,0,1,0,0,5
"11220","Female","Black",2007,114,"Tresspass",10,7,5,0,4,0,0,1,0,0,10
"11221","Male","Black",2007,114,"Tresspass",103,88,75,1,27,1,0,20,0,0,103
"11222","Unknown","Black",2007,114,"Tresspass",1,1,1,0,0,0,0,0,0,0,1
"11223","Female","Hispanic",2007,114,"Tresspass",10,8,5,0,2,0,0,4,0,0,10
"11224","Male","Hispanic",2007,114,"Tresspass",57,46,37,0,15,0,0,11,0,0,57
"11225","Unknown","Hispanic",2007,114,"Tresspass",1,1,1,0,0,0,0,1,0,0,1
"11226","Male","Native",2007,114,"Tresspass",3,3,3,0,1,0,0,1,0,0,3
"11227","Male","Other",2007,114,"Tresspass",4,4,3,0,1,0,0,3,0,0,4
"11228","Unknown","Other",2007,114,"Tresspass",4,4,2,0,0,0,0,1,0,0,4
"11229","Female","White",2007,114,"Tresspass",14,13,5,0,2,0,0,2,0,0,14
"11230","Male","White",2007,114,"Tresspass",36,33,23,0,9,0,0,8,0,0,36
"11231","Female","Asian",2008,114,"Tresspass",1,1,0,0,0,0,0,0,0,0,1
"11232","Male","Asian",2008,114,"Tresspass",1,1,1,0,0,0,0,0,0,0,1
"11233","Female","Black",2008,114,"Tresspass",15,11,4,0,1,0,0,1,0,0,15
"11234","Male","Black",2008,114,"Tresspass",78,45,29,0,10,0,0,10,0,0,78
"11235","Unknown","Black",2008,114,"Tresspass",2,2,0,0,0,0,0,0,0,0,2
"11236","Female","Hispanic",2008,114,"Tresspass",5,3,2,0,0,0,0,0,0,0,5
"11237","Male","Hispanic",2008,114,"Tresspass",36,24,20,0,13,0,0,9,0,0,36
"11238","Female","Native",2008,114,"Tresspass",1,1,0,0,0,0,0,0,0,0,1
"11239","Male","Native",2008,114,"Tresspass",4,3,2,0,1,0,0,0,0,0,4
"11240","Male","Other",2008,114,"Tresspass",3,1,0,0,0,0,0,0,0,0,3
"11241","Unknown","Other",2008,114,"Tresspass",4,4,3,0,2,0,0,2,0,0,4
"11242","Female","White",2008,114,"Tresspass",1,0,1,0,0,0,0,0,0,0,1
"11243","Male","White",2008,114,"Tresspass",17,11,13,0,3,0,0,2,0,0,17
"11244","Male","Asian",2009,114,"Tresspass",4,3,4,0,0,0,0,0,0,0,4
"11245","Female","Black",2009,114,"Tresspass",7,6,6,0,2,0,0,3,0,0,7
"11246","Male","Black",2009,114,"Tresspass",36,20,19,0,9,0,0,11,0,0,36
"11247","Unknown","Black",2009,114,"Tresspass",1,0,0,0,0,0,0,0,0,0,1
"11248","Female","Hispanic",2009,114,"Tresspass",3,1,3,0,0,0,0,0,0,0,3
"11249","Male","Hispanic",2009,114,"Tresspass",18,15,9,0,3,0,0,2,0,0,18
"11250","Female","White",2009,114,"Tresspass",2,1,1,0,0,0,0,1,0,0,2
"11251","Male","White",2009,114,"Tresspass",7,6,5,0,4,0,0,5,0,0,7
"11252","Male","Asian",2010,114,"Tresspass",1,1,0,0,1,0,0,1,0,0,1
"11253","Female","Black",2010,114,"Tresspass",2,1,0,0,0,0,0,0,0,0,2
"11254","Male","Black",2010,114,"Tresspass",15,6,4,0,2,0,0,1,0,0,15
"11255","Unknown","Black",2010,114,"Tresspass",1,0,0,0,0,0,0,0,0,0,1
"11256","Male","Hispanic",2010,114,"Tresspass",3,2,1,0,0,0,0,1,0,0,3
"11257","Male","Other",2010,114,"Tresspass",1,1,0,0,1,0,0,1,0,0,1
"11258","Male","White",2010,114,"Tresspass",3,0,1,0,0,0,0,0,0,0,3
"11259","Male","Black",2006,115,"Tresspass",3,3,3,0,0,0,0,0,0,0,3
"11260","Male","Hispanic",2006,115,"Tresspass",4,4,4,0,1,0,0,1,0,0,4
"11261","Male","Black",2007,115,"Tresspass",1,1,1,0,1,0,0,1,0,0,1
"11262","Male","Hispanic",2007,115,"Tresspass",6,6,4,0,6,0,0,5,0,0,6
"11263","Female","Black",2008,115,"Tresspass",1,1,1,0,0,0,0,0,0,0,1
"11264","Female","Hispanic",2008,115,"Tresspass",1,1,1,0,1,0,0,0,0,0,1
"11265","Male","Hispanic",2008,115,"Tresspass",8,8,8,0,7,0,0,6,0,0,8
"11266","Male","Other",2008,115,"Tresspass",3,3,3,0,0,0,0,3,0,0,3
"11267","Male","Hispanic",2009,115,"Tresspass",8,8,8,0,8,0,0,6,0,0,8
"11268","Male","White",2009,115,"Tresspass",2,2,2,0,1,0,0,1,0,0,2
"11269","Male","Asian",2010,115,"Tresspass",1,1,1,0,1,0,0,1,0,0,1
"11270","Male","Black",2010,115,"Tresspass",2,2,2,0,2,0,0,2,0,0,2
"11271","Female","Hispanic",2010,115,"Tresspass",2,2,2,0,1,0,0,1,0,0,2
"11272","Male","Hispanic",2010,115,"Tresspass",23,22,21,0,16,0,0,16,0,0,23
"11273","Male","White",2010,115,"Tresspass",1,1,1,0,1,0,0,1,0,0,1
"11274","Female","Black",2006,120,"Tresspass",12,5,5,0,6,0,0,1,0,0,12
"11275","Male","Black",2006,120,"Tresspass",69,51,56,0,32,1,0,23,0,0,69
"11276","Female","Hispanic",2006,120,"Tresspass",5,2,4,0,1,0,0,1,0,0,5
"11277","Male","Hispanic",2006,120,"Tresspass",20,16,16,0,12,0,0,5,0,0,20
"11278","Unknown","Hispanic",2006,120,"Tresspass",1,1,1,0,0,0,0,0,0,0,1
"11279","Male","Other",2006,120,"Tresspass",1,1,1,0,0,0,0,0,0,0,1
"11280","Female","White",2006,120,"Tresspass",7,5,5,0,4,0,0,2,0,0,7
"11281","Male","White",2006,120,"Tresspass",15,13,13,0,10,0,0,3,0,0,15
"11282","Female","Black",2007,120,"Tresspass",3,2,2,0,2,0,0,2,0,0,3
"11283","Male","Black",2007,120,"Tresspass",36,27,30,0,23,0,0,19,0,0,36
"11284","Female","Hispanic",2007,120,"Tresspass",1,1,1,0,0,0,0,0,0,0,1
"11285","Male","Hispanic",2007,120,"Tresspass",12,7,10,0,6,0,0,6,0,0,12
"11286","Female","White",2007,120,"Tresspass",4,1,3,0,2,0,0,2,0,0,4
"11287","Male","White",2007,120,"Tresspass",9,8,4,0,4,0,0,1,0,0,9
"11288","Male","Asian",2008,120,"Tresspass",2,2,2,0,1,0,0,2,0,0,2
"11289","Female","Black",2008,120,"Tresspass",6,3,2,0,1,0,0,1,0,0,6
"11290","Male","Black",2008,120,"Tresspass",135,115,100,1,41,0,1,57,0,0,135
"11291","Female","Hispanic",2008,120,"Tresspass",3,3,2,0,0,0,0,0,0,0,3
"11292","Male","Hispanic",2008,120,"Tresspass",29,26,24,0,12,0,0,13,0,0,29
"11293","Male","Other",2008,120,"Tresspass",1,1,1,0,1,0,0,1,0,0,1
"11294","Female","White",2008,120,"Tresspass",5,5,3,0,2,0,0,0,0,0,5
"11295","Male","White",2008,120,"Tresspass",9,8,6,0,2,0,0,2,0,0,9
"11296","Female","Black",2009,120,"Tresspass",3,1,1,0,0,0,0,0,0,0,3
"11297","Male","Black",2009,120,"Tresspass",58,51,44,0,18,0,2,23,0,0,58
"11298","Female","Hispanic",2009,120,"Tresspass",3,3,3,0,2,0,0,2,0,0,3
"11299","Male","Hispanic",2009,120,"Tresspass",18,16,16,0,5,0,0,6,0,0,18
"11300","Male","Native",2009,120,"Tresspass",1,1,0,0,1,0,0,0,0,0,1
"11301","Female","White",2009,120,"Tresspass",7,5,4,0,3,0,0,2,0,0,7
"11302","Male","White",2009,120,"Tresspass",8,6,5,0,2,0,1,3,0,0,8
"11303","Female","Black",2010,120,"Tresspass",9,3,3,0,0,0,0,0,0,0,9
"11304","Male","Black",2010,120,"Tresspass",69,55,44,0,18,0,0,21,0,0,69
"11305","Female","Hispanic",2010,120,"Tresspass",2,2,1,0,0,0,0,0,0,0,2
"11306","Male","Hispanic",2010,120,"Tresspass",11,9,7,0,3,0,0,2,0,0,11
"11307","Male","Other",2010,120,"Tresspass",3,2,1,0,1,0,0,1,0,0,3
"11308","Female","White",2010,120,"Tresspass",1,1,1,0,0,0,0,0,0,0,1
"11309","Male","White",2010,120,"Tresspass",4,4,3,0,2,0,0,3,0,0,4
"11310","Male","Black",2006,122,"Tresspass",9,8,7,0,6,0,0,2,0,0,9
"11311","Male","Hispanic",2006,122,"Tresspass",3,2,3,0,3,0,0,0,0,0,3
"11312","Female","White",2006,122,"Tresspass",1,0,0,0,0,0,0,0,0,0,1
"11313","Male","White",2006,122,"Tresspass",6,6,5,0,2,0,0,3,0,0,6
"11314","Male","Black",2007,122,"Tresspass",4,4,4,0,2,0,0,1,0,0,4
"11315","Unknown","Black",2007,122,"Tresspass",1,1,1,0,0,0,0,0,0,0,1
"11316","Male","White",2007,122,"Tresspass",6,5,4,0,1,0,0,6,0,0,6
"11317","Male","Black",2008,122,"Tresspass",7,7,3,0,1,0,0,3,0,0,7
"11318","Male","Hispanic",2008,122,"Tresspass",2,2,1,0,0,0,0,1,0,0,2
"11319","Male","White",2008,122,"Tresspass",3,3,3,0,1,0,0,1,0,0,3
"11320","Male","Black",2009,122,"Tresspass",2,2,0,0,0,0,0,2,0,0,2
"11321","Male","White",2009,122,"Tresspass",2,2,0,0,1,0,0,0,0,0,2
"11322","Male","Black",2010,122,"Tresspass",1,1,1,0,1,0,0,1,0,0,1
"11323","Male","Hispanic",2010,122,"Tresspass",1,1,1,0,0,0,0,0,0,0,1
"11324","Male","White",2010,122,"Tresspass",1,1,1,0,0,0,0,1,0,0,1
"11325","Male","White",2006,123,"Tresspass",1,1,1,0,0,0,0,0,0,0,1
"11326","Male","White",2007,123,"Tresspass",1,0,0,0,0,0,0,0,0,0,1
"11327","Male","Black",2008,123,"Tresspass",2,2,1,0,0,0,0,0,0,0,2
"11328","Male","White",2008,123,"Tresspass",2,1,1,0,2,0,0,0,0,0,2
"11329","Male","White",2010,123,"Tresspass",1,1,1,0,0,0,0,0,0,0,1
"11330","Male","Black",2005,1,"Weapon",1,1,1,0,0,0,0,0,0,0,1
"11331","Male","Black",2006,1,"Weapon",2,2,2,0,2,0,0,1,0,0,2
"11332","Female","Black",2007,1,"Weapon",1,1,1,0,1,0,1,1,0,0,1
"11333","Male","Black",2007,1,"Weapon",3,3,3,0,0,0,0,0,0,0,3
"11334","Male","Hispanic",2007,1,"Weapon",3,3,3,0,2,0,0,1,0,0,3
"11335","Male","White",2007,1,"Weapon",3,3,2,0,0,0,0,1,0,0,3
"11336","Male","Black",2008,1,"Weapon",12,11,9,0,5,0,1,3,0,0,12
"11337","Male","Hispanic",2008,1,"Weapon",6,5,4,0,2,0,0,1,0,0,6
"11338","Male","White",2008,1,"Weapon",1,1,1,0,0,0,0,0,0,0,1
"11339","Male","Black",2009,1,"Weapon",7,7,7,0,2,0,0,3,0,0,7
"11340","Male","Hispanic",2009,1,"Weapon",5,5,4,0,3,0,0,4,0,0,5
"11341","Male","White",2009,1,"Weapon",1,1,1,0,0,0,0,0,0,0,1
"11342","Male","Asian",2010,1,"Weapon",1,1,1,0,1,0,0,1,0,0,1
"11343","Male","Black",2010,1,"Weapon",3,3,3,0,1,0,0,1,0,0,3
"11344","Male","Hispanic",2010,1,"Weapon",2,2,2,0,0,0,0,1,0,0,2
"11345","Male","White",2010,1,"Weapon",1,1,1,0,0,0,0,0,0,0,1
"11346","Male","Hispanic",2005,5,"Weapon",1,1,1,0,1,0,0,1,0,0,1
"11347","Male","Asian",2006,5,"Weapon",8,8,5,0,0,0,3,1,0,0,8
"11348","Male","Black",2006,5,"Weapon",4,3,2,0,0,0,0,2,0,0,4
"11349","Male","Hispanic",2006,5,"Weapon",10,10,10,0,5,0,0,4,0,0,10
"11350","Male","White",2006,5,"Weapon",7,7,6,0,2,0,0,3,0,0,7
"11351","Male","Asian",2007,5,"Weapon",3,3,3,0,1,0,0,1,0,0,3
"11352","Female","Black",2007,5,"Weapon",1,1,1,0,0,0,0,0,0,0,1
"11353","Male","Black",2007,5,"Weapon",7,7,6,0,3,0,0,3,0,0,7
"11354","Male","Hispanic",2007,5,"Weapon",10,10,6,0,5,0,1,5,0,0,10
"11355","Male","White",2007,5,"Weapon",2,2,1,0,0,0,0,0,0,0,2
"11356","Male","Asian",2008,5,"Weapon",6,6,5,0,4,0,0,1,0,0,6
"11357","Female","Black",2008,5,"Weapon",1,1,1,0,1,0,0,0,0,0,1
"11358","Male","Black",2008,5,"Weapon",12,12,9,0,7,0,1,6,0,0,12
"11359","Female","Hispanic",2008,5,"Weapon",2,2,1,0,1,0,0,1,0,0,2
"11360","Male","Hispanic",2008,5,"Weapon",11,11,9,0,3,0,0,2,0,0,11
"11361","Male","Other",2008,5,"Weapon",3,3,2,0,1,0,0,0,0,0,3
"11362","Male","White",2008,5,"Weapon",4,4,3,0,1,0,2,3,0,0,4
"11363","Male","Black",2009,5,"Weapon",5,4,4,0,2,0,0,3,0,0,5
"11364","Male","Hispanic",2009,5,"Weapon",7,6,4,0,1,0,0,2,0,0,7
"11365","Female","Other",2009,5,"Weapon",1,0,0,0,1,0,0,0,0,0,1
"11366","Male","Other",2009,5,"Weapon",1,0,0,0,1,0,0,1,0,0,1
"11367","Unknown","Other",2009,5,"Weapon",1,0,0,0,0,0,0,0,0,0,1
"11368","Male","White",2009,5,"Weapon",2,2,2,0,2,0,0,2,0,0,2
"11369","Male","Black",2010,5,"Weapon",1,1,0,0,1,0,0,0,0,0,1
"11370","Male","Hispanic",2010,5,"Weapon",4,4,3,0,1,0,0,1,0,0,4
"11371","Male","Other",2010,5,"Weapon",1,1,1,0,0,0,0,1,0,0,1
"11372","Male","Black",2006,6,"Weapon",3,3,2,0,3,0,0,3,0,0,3
"11373","Male","Hispanic",2006,6,"Weapon",1,0,0,0,0,0,0,0,0,0,1
"11374","Male","White",2006,6,"Weapon",4,4,4,0,1,0,0,1,0,0,4
"11375","Male","Black",2007,6,"Weapon",6,6,6,0,2,0,0,1,0,0,6
"11376","Male","Hispanic",2007,6,"Weapon",7,7,5,0,4,0,1,3,0,0,7
"11377","Male","White",2007,6,"Weapon",2,2,2,0,2,0,0,1,0,0,2
"11378","Male","Black",2008,6,"Weapon",8,8,6,0,6,0,1,4,0,0,8
"11379","Female","Hispanic",2008,6,"Weapon",1,1,0,0,0,0,0,1,0,0,1
"11380","Male","Hispanic",2008,6,"Weapon",2,2,2,0,1,0,0,1,0,0,2
"11381","Male","White",2008,6,"Weapon",5,5,5,0,0,0,1,1,0,0,5
"11382","Male","Black",2009,6,"Weapon",8,8,8,0,3,0,0,4,0,0,8
"11383","Female","Hispanic",2009,6,"Weapon",2,2,0,0,2,0,0,2,0,0,2
"11384","Male","Hispanic",2009,6,"Weapon",6,5,4,0,2,0,0,2,0,0,6
"11385","Male","Other",2009,6,"Weapon",1,1,1,0,1,0,0,0,0,0,1
"11386","Male","White",2009,6,"Weapon",5,5,5,0,3,0,1,3,0,0,5
"11387","Male","Asian",2010,6,"Weapon",1,1,1,0,0,0,0,1,0,0,1
"11388","Male","Black",2010,6,"Weapon",6,6,5,0,3,0,0,3,0,0,6
"11389","Male","Hispanic",2010,6,"Weapon",5,4,4,0,1,0,0,2,0,0,5
"11390","Male","White",2010,6,"Weapon",2,2,2,0,0,0,0,2,0,0,2
"11391","Male","Asian",2006,7,"Weapon",1,1,1,0,0,0,0,1,0,0,1
"11392","Male","Black",2006,7,"Weapon",12,10,12,0,6,0,0,6,0,0,12
"11393","Male","Hispanic",2006,7,"Weapon",14,14,12,0,8,0,0,9,0,0,14
"11394","Male","Other",2006,7,"Weapon",1,1,1,0,0,0,0,0,0,0,1
"11395","Female","White",2006,7,"Weapon",1,0,1,0,0,0,0,0,0,0,1
"11396","Male","White",2006,7,"Weapon",3,2,3,0,2,0,0,1,0,0,3
"11397","Male","Asian",2007,7,"Weapon",4,4,3,0,2,0,0,2,0,0,4
"11398","Male","Black",2007,7,"Weapon",26,25,21,0,11,2,5,12,0,0,26
"11399","Male","Hispanic",2007,7,"Weapon",42,40,34,0,19,0,1,20,0,0,42
"11400","Female","White",2007,7,"Weapon",1,1,0,0,1,0,0,1,0,0,1
"11401","Male","White",2007,7,"Weapon",5,4,4,0,4,0,0,3,0,0,5
"11402","Male","Black",2008,7,"Weapon",21,21,18,0,8,0,0,9,0,0,21
"11403","Female","Hispanic",2008,7,"Weapon",3,3,2,0,3,0,0,3,0,0,3
"11404","Male","Hispanic",2008,7,"Weapon",27,27,20,0,15,0,0,18,0,0,27
"11405","Male","Other",2008,7,"Weapon",1,1,0,0,1,0,0,1,0,0,1
"11406","Male","White",2008,7,"Weapon",1,1,1,0,1,0,0,1,0,0,1
"11407","Male","Black",2009,7,"Weapon",8,8,7,0,2,0,1,3,0,0,8
"11408","Male","Hispanic",2009,7,"Weapon",26,25,21,0,10,0,2,7,0,0,26
"11409","Male","Other",2009,7,"Weapon",2,2,1,0,0,0,0,1,0,0,2
"11410","Male","White",2009,7,"Weapon",9,8,6,0,3,0,0,5,0,0,9
"11411","Male","Black",2010,7,"Weapon",7,6,4,0,3,0,1,2,0,0,7
"11412","Female","Hispanic",2010,7,"Weapon",1,1,1,0,1,0,0,0,0,0,1
"11413","Male","Hispanic",2010,7,"Weapon",24,24,18,0,3,0,1,13,0,0,24
"11414","Male","Other",2010,7,"Weapon",2,1,1,0,0,0,0,0,0,0,2
"11415","Male","White",2010,7,"Weapon",1,1,0,0,1,0,1,1,0,0,1
"11416","Male","Black",2005,9,"Weapon",1,1,0,0,1,0,0,1,0,0,1
"11417","Male","Hispanic",2005,9,"Weapon",1,1,1,0,1,1,0,1,0,0,1
"11418","Unknown","Other",2005,9,"Weapon",1,1,0,0,0,0,0,0,0,0,1
"11419","Male","Black",2006,9,"Weapon",3,3,2,0,0,0,0,1,0,0,3
"11420","Female","Hispanic",2006,9,"Weapon",1,0,0,0,0,0,0,0,0,0,1
"11421","Male","Hispanic",2006,9,"Weapon",14,14,6,0,4,0,0,5,0,0,14
"11422","Male","White",2006,9,"Weapon",6,6,6,0,0,0,0,0,0,0,6
"11423","Male","Black",2007,9,"Weapon",20,20,15,0,7,0,2,8,0,0,20
"11424","Female","Hispanic",2007,9,"Weapon",2,1,1,0,0,0,0,1,0,0,2
"11425","Male","Hispanic",2007,9,"Weapon",39,37,27,0,8,0,1,6,0,0,39
"11426","Male","Other",2007,9,"Weapon",2,2,2,0,0,1,0,1,0,0,2
"11427","Male","White",2007,9,"Weapon",50,49,48,0,20,0,0,4,0,0,50
"11428","Male","Black",2008,9,"Weapon",11,11,9,0,6,0,0,5,0,0,11
"11429","Male","Hispanic",2008,9,"Weapon",34,32,29,0,14,0,1,14,0,0,34
"11430","Male","White",2008,9,"Weapon",22,21,21,0,6,0,0,5,0,0,22
"11431","Male","Asian",2009,9,"Weapon",4,4,4,0,3,0,0,1,0,0,4
"11432","Male","Black",2009,9,"Weapon",24,21,22,0,12,0,0,14,0,0,24
"11433","Male","Hispanic",2009,9,"Weapon",41,37,38,1,23,0,1,13,0,0,41
"11434","Female","White",2009,9,"Weapon",1,0,0,0,1,0,0,0,0,0,1
"11435","Male","White",2009,9,"Weapon",33,32,27,0,12,0,0,9,0,0,33
"11436","Female","Black",2010,9,"Weapon",1,1,1,0,1,0,0,1,0,0,1
"11437","Male","Black",2010,9,"Weapon",13,13,11,0,8,0,4,5,0,0,13
"11438","Male","Hispanic",2010,9,"Weapon",11,11,9,0,3,0,0,1,0,0,11
"11439","Male","Other",2010,9,"Weapon",1,1,1,0,1,0,0,0,0,0,1
"11440","Unknown","Other",2010,9,"Weapon",1,1,1,0,0,0,0,0,0,0,1
"11441","Male","White",2010,9,"Weapon",6,6,6,0,3,0,0,2,0,0,6
"11442","Male","Black",2005,10,"Weapon",1,1,1,0,0,0,0,0,0,0,1
"11443","Female","Black",2006,10,"Weapon",2,1,1,0,1,0,0,0,0,0,2
"11444","Male","Black",2006,10,"Weapon",17,17,15,0,7,0,3,7,0,0,17
"11445","Unknown","Black",2006,10,"Weapon",1,1,1,0,1,0,1,1,0,0,1
"11446","Female","Hispanic",2006,10,"Weapon",3,3,2,0,0,0,0,0,0,0,3
"11447","Male","Hispanic",2006,10,"Weapon",16,16,13,0,6,0,1,9,0,0,16
"11448","Male","White",2006,10,"Weapon",2,2,1,0,0,0,0,0,0,0,2
"11449","Male","Black",2007,10,"Weapon",24,24,19,0,10,0,0,8,0,0,24
"11450","Male","Hispanic",2007,10,"Weapon",20,20,19,0,10,0,0,9,0,0,20
"11451","Male","White",2007,10,"Weapon",8,7,6,0,3,0,0,3,0,0,8
"11452","Male","Asian",2008,10,"Weapon",1,1,1,0,0,0,0,0,0,0,1
"11453","Female","Black",2008,10,"Weapon",2,1,2,0,1,0,0,2,0,0,2
"11454","Male","Black",2008,10,"Weapon",31,31,30,0,18,0,0,17,0,0,31
"11455","Male","Hispanic",2008,10,"Weapon",27,27,23,0,11,0,0,14,0,0,27
"11456","Female","White",2008,10,"Weapon",3,2,2,0,2,0,0,0,0,0,3
"11457","Male","White",2008,10,"Weapon",20,20,19,0,9,0,0,8,0,0,20
"11458","Female","Black",2009,10,"Weapon",1,0,1,0,0,0,0,1,0,0,1
"11459","Male","Black",2009,10,"Weapon",21,20,18,0,10,0,0,13,0,0,21
"11460","Female","Hispanic",2009,10,"Weapon",1,0,1,0,0,0,0,0,0,0,1
"11461","Male","Hispanic",2009,10,"Weapon",11,10,8,0,2,0,0,5,0,0,11
"11462","Female","White",2009,10,"Weapon",1,1,1,0,1,0,0,0,0,0,1
"11463","Male","White",2009,10,"Weapon",1,1,1,0,0,0,0,0,0,0,1
"11464","Male","Asian",2010,10,"Weapon",1,1,1,0,1,0,0,0,0,0,1
"11465","Male","Black",2010,10,"Weapon",1,1,1,0,0,0,0,0,0,0,1
"11466","Male","Hispanic",2010,10,"Weapon",5,4,1,0,0,0,0,2,0,0,5
"11467","Male","White",2010,10,"Weapon",3,3,2,0,1,0,0,1,0,0,3
"11468","Male","Black",2006,13,"Weapon",23,23,22,0,9,0,2,8,0,0,23
"11469","Male","Hispanic",2006,13,"Weapon",11,11,10,0,6,0,0,4,0,0,11
"11470","Unknown","Hispanic",2006,13,"Weapon",1,1,1,0,1,0,0,1,0,0,1
"11471","Unknown","Other",2006,13,"Weapon",1,1,1,0,0,0,0,1,0,0,1
"11472","Male","White",2006,13,"Weapon",1,1,1,0,0,0,0,1,0,0,1
"11473","Male","Asian",2007,13,"Weapon",1,1,1,0,0,0,0,0,0,0,1
"11474","Male","Black",2007,13,"Weapon",31,31,25,0,10,0,0,20,0,0,31
"11475","Female","Hispanic",2007,13,"Weapon",1,0,1,0,1,0,0,0,0,0,1
"11476","Male","Hispanic",2007,13,"Weapon",21,20,17,0,11,0,0,15,0,0,21
"11477","Male","Other",2007,13,"Weapon",2,2,2,0,0,0,0,1,0,0,2
"11478","Male","White",2007,13,"Weapon",19,17,14,0,8,0,0,10,0,0,19
"11479","Male","Asian",2008,13,"Weapon",1,1,1,0,0,0,0,0,0,0,1
"11480","Female","Black",2008,13,"Weapon",1,1,1,0,1,0,0,1,0,0,1
"11481","Male","Black",2008,13,"Weapon",30,29,28,0,10,1,0,16,0,0,30
"11482","Female","Hispanic",2008,13,"Weapon",1,1,1,0,1,0,0,0,0,0,1
"11483","Male","Hispanic",2008,13,"Weapon",27,27,26,0,7,0,0,12,0,0,27
"11484","Female","White",2008,13,"Weapon",2,1,1,0,0,0,0,0,0,0,2
"11485","Male","White",2008,13,"Weapon",20,19,16,0,9,0,0,12,0,0,20
"11486","Male","Black",2009,13,"Weapon",19,17,17,0,7,0,0,6,0,0,19
"11487","Male","Hispanic",2009,13,"Weapon",18,17,16,0,11,0,0,10,0,0,18
"11488","Male","Other",2009,13,"Weapon",1,1,1,0,0,0,0,0,0,0,1
"11489","Unknown","Other",2009,13,"Weapon",1,1,1,0,0,0,0,0,0,0,1
"11490","Male","White",2009,13,"Weapon",11,11,10,0,6,0,0,5,0,0,11
"11491","Male","Black",2010,13,"Weapon",16,14,15,0,5,0,0,6,0,0,16
"11492","Male","Hispanic",2010,13,"Weapon",16,15,11,0,6,0,0,9,0,0,16
"11493","Male","Other",2010,13,"Weapon",2,2,2,0,1,0,0,0,0,0,2
"11494","Male","White",2010,13,"Weapon",8,8,6,0,6,0,0,4,0,0,8
"11495","Female","Black",2006,14,"Weapon",3,3,3,0,1,0,0,2,0,0,3
"11496","Male","Black",2006,14,"Weapon",18,17,18,0,6,0,1,7,0,0,18
"11497","Male","Hispanic",2006,14,"Weapon",13,13,11,0,4,0,0,8,0,0,13
"11498","Male","Native",2006,14,"Weapon",1,1,1,0,1,0,0,1,0,0,1
"11499","Male","White",2006,14,"Weapon",7,6,7,0,2,0,0,2,0,0,7
"11500","Female","Asian",2007,14,"Weapon",1,1,1,0,0,0,0,1,0,0,1
"11501","Female","Black",2007,14,"Weapon",1,1,1,0,1,0,0,0,0,0,1
"11502","Male","Black",2007,14,"Weapon",24,24,20,0,6,0,2,15,0,0,24
"11503","Female","Hispanic",2007,14,"Weapon",1,1,1,0,0,0,0,1,0,0,1
"11504","Male","Hispanic",2007,14,"Weapon",13,13,13,0,6,0,0,7,0,0,13
"11505","Male","Other",2007,14,"Weapon",1,1,1,0,0,0,1,1,0,0,1
"11506","Female","White",2007,14,"Weapon",1,0,0,0,0,0,0,0,0,0,1
"11507","Male","White",2007,14,"Weapon",11,11,11,0,3,0,0,3,0,0,11
"11508","Male","Asian",2008,14,"Weapon",1,1,1,0,0,0,0,0,0,0,1
"11509","Female","Black",2008,14,"Weapon",2,2,1,0,1,0,0,1,0,0,2
"11510","Male","Black",2008,14,"Weapon",42,40,38,0,17,0,0,21,0,0,42
"11511","Female","Hispanic",2008,14,"Weapon",1,1,0,0,1,0,0,0,0,0,1
"11512","Male","Hispanic",2008,14,"Weapon",69,63,65,0,38,0,0,36,0,0,69
"11513","Male","Other",2008,14,"Weapon",4,4,4,0,1,0,0,1,0,0,4
"11514","Unknown","Other",2008,14,"Weapon",1,1,1,0,0,0,0,0,0,0,1
"11515","Male","White",2008,14,"Weapon",19,18,15,0,6,0,1,6,0,0,19
"11516","Male","Asian",2009,14,"Weapon",4,4,3,0,1,0,0,2,0,0,4
"11517","Male","Black",2009,14,"Weapon",40,38,34,0,17,0,0,16,0,0,40
"11518","Male","Hispanic",2009,14,"Weapon",29,28,27,0,12,0,0,13,0,0,29
"11519","Male","White",2009,14,"Weapon",13,13,11,0,5,0,0,6,0,0,13
"11520","Female","Black",2010,14,"Weapon",1,1,1,0,1,0,0,1,0,0,1
"11521","Male","Black",2010,14,"Weapon",26,24,21,0,7,0,1,13,0,0,26
"11522","Female","Hispanic",2010,14,"Weapon",1,1,0,0,0,0,0,1,0,0,1
"11523","Male","Hispanic",2010,14,"Weapon",18,18,11,0,8,0,1,12,0,0,18
"11524","Male","Native",2010,14,"Weapon",1,1,0,0,0,0,0,1,0,0,1
"11525","Male","Other",2010,14,"Weapon",2,2,1,0,0,0,0,1,0,0,2
"11526","Male","White",2010,14,"Weapon",10,10,7,0,1,0,0,2,0,0,10
"11527","Male","Hispanic",2005,17,"Weapon",1,1,1,0,0,0,0,0,0,0,1
"11528","Female","Black",2006,17,"Weapon",3,3,3,0,1,0,1,2,0,0,3
"11529","Male","Hispanic",2006,17,"Weapon",3,3,3,0,3,0,0,2,0,0,3
"11530","Unknown","Other",2006,17,"Weapon",1,1,1,0,0,0,1,0,0,0,1
"11531","Male","Asian",2007,17,"Weapon",1,1,1,0,1,0,0,1,0,0,1
"11532","Male","Black",2007,17,"Weapon",6,6,6,0,2,0,0,5,0,0,6
"11533","Unknown","Black",2007,17,"Weapon",1,1,1,0,1,0,0,1,0,0,1
"11534","Male","Hispanic",2007,17,"Weapon",4,4,4,0,1,0,1,3,0,0,4
"11535","Male","White",2007,17,"Weapon",2,2,0,0,0,0,0,2,0,0,2
"11536","Male","Black",2008,17,"Weapon",4,4,3,0,1,0,0,1,0,0,4
"11537","Male","Hispanic",2008,17,"Weapon",5,5,3,0,1,0,0,3,0,0,5
"11538","Male","Asian",2009,17,"Weapon",1,1,1,0,1,0,0,0,0,0,1
"11539","Male","Black",2009,17,"Weapon",3,3,2,0,1,0,0,3,0,0,3
"11540","Male","Hispanic",2009,17,"Weapon",1,1,1,0,1,0,0,1,0,0,1
"11541","Male","Black",2010,17,"Weapon",1,1,1,0,0,0,0,0,0,0,1
"11542","Male","Hispanic",2010,17,"Weapon",1,1,1,0,0,0,0,0,0,0,1
"11543","Male","Asian",2006,18,"Weapon",1,1,1,0,1,0,0,0,0,0,1
"11544","Male","Black",2006,18,"Weapon",5,5,5,0,4,0,0,4,0,0,5
"11545","Female","Hispanic",2006,18,"Weapon",1,1,1,0,0,0,0,1,0,0,1
"11546","Male","Hispanic",2006,18,"Weapon",3,3,3,0,1,0,0,2,0,0,3
"11547","Male","White",2006,18,"Weapon",1,1,1,0,0,0,0,0,0,0,1
"11548","Male","Black",2007,18,"Weapon",3,3,1,0,1,0,0,2,0,0,3
"11549","Male","Hispanic",2007,18,"Weapon",4,4,4,0,0,0,0,1,0,0,4
"11550","Male","White",2007,18,"Weapon",4,4,4,0,0,0,1,2,0,0,4
"11551","Male","Asian",2008,18,"Weapon",1,1,1,0,1,0,0,1,0,0,1
"11552","Male","Black",2008,18,"Weapon",6,6,6,0,2,0,0,2,0,0,6
"11553","Male","Hispanic",2008,18,"Weapon",11,10,9,0,8,0,0,9,0,0,11
"11554","Male","Other",2008,18,"Weapon",3,3,3,0,1,0,0,1,0,0,3
"11555","Male","White",2008,18,"Weapon",5,5,5,0,4,0,0,3,0,0,5
"11556","Male","Asian",2009,18,"Weapon",1,1,1,0,1,0,0,1,0,0,1
"11557","Male","Black",2009,18,"Weapon",7,7,4,0,2,0,0,3,0,0,7
"11558","Male","Hispanic",2009,18,"Weapon",5,5,4,0,2,0,1,3,0,0,5
"11559","Male","White",2009,18,"Weapon",1,1,1,0,1,0,0,1,0,0,1
"11560","Male","Black",2010,18,"Weapon",7,7,6,0,5,0,0,5,0,0,7
"11561","Male","Hispanic",2010,18,"Weapon",13,13,11,0,7,0,0,4,0,0,13
"11562","Male","White",2010,18,"Weapon",5,4,5,0,3,0,0,3,0,0,5
"11563","Female","Black",2006,19,"Weapon",2,2,2,0,1,0,0,2,0,0,2
"11564","Male","Black",2006,19,"Weapon",17,16,12,0,4,0,0,9,0,0,17
"11565","Male","Hispanic",2006,19,"Weapon",2,2,2,0,1,0,0,1,0,0,2
"11566","Male","White",2006,19,"Weapon",4,4,4,0,1,0,0,1,0,0,4
"11567","Female","Black",2007,19,"Weapon",3,3,3,0,3,0,0,0,0,0,3
"11568","Male","Black",2007,19,"Weapon",18,18,17,0,14,0,0,15,0,0,18
"11569","Male","Hispanic",2007,19,"Weapon",17,17,14,0,3,0,0,9,0,0,17
"11570","Male","Native",2007,19,"Weapon",1,1,1,0,0,0,0,1,0,0,1
"11571","Male","Other",2007,19,"Weapon",1,1,1,0,0,0,0,1,0,0,1
"11572","Female","White",2007,19,"Weapon",1,1,1,0,0,0,0,1,0,0,1
"11573","Male","White",2007,19,"Weapon",6,6,4,0,3,0,0,4,0,0,6
"11574","Male","Asian",2008,19,"Weapon",1,1,1,0,1,0,0,0,0,0,1
"11575","Male","Black",2008,19,"Weapon",5,5,4,0,2,0,0,0,0,0,5
"11576","Unknown","Black",2008,19,"Weapon",1,1,1,0,1,0,0,1,0,0,1
"11577","Male","Hispanic",2008,19,"Weapon",9,9,7,0,5,0,0,4,0,0,9
"11578","Male","Other",2008,19,"Weapon",2,2,2,0,0,0,0,2,0,0,2
"11579","Male","White",2008,19,"Weapon",7,6,6,0,2,0,0,2,0,0,7
"11580","Female","Black",2009,19,"Weapon",1,1,0,0,0,0,0,0,0,0,1
"11581","Male","Black",2009,19,"Weapon",14,14,11,0,7,0,3,9,0,0,14
"11582","Male","Hispanic",2009,19,"Weapon",11,11,10,0,6,0,0,5,0,0,11
"11583","Male","White",2009,19,"Weapon",1,1,1,0,1,0,0,0,0,0,1
"11584","Male","Asian",2010,19,"Weapon",1,1,0,0,0,0,0,1,0,0,1
"11585","Male","Black",2010,19,"Weapon",3,3,3,0,2,0,0,1,0,0,3
"11586","Male","Hispanic",2010,19,"Weapon",3,2,1,0,2,0,0,2,0,0,3
"11587","Female","White",2010,19,"Weapon",1,1,1,0,1,0,0,0,0,0,1
"11588","Male","White",2010,19,"Weapon",3,3,3,0,1,0,0,2,0,0,3
"11589","Male","Black",2006,20,"Weapon",3,2,2,0,2,0,0,1,0,0,3
"11590","Female","Hispanic",2006,20,"Weapon",2,2,2,0,1,0,0,1,0,0,2
"11591","Male","Hispanic",2006,20,"Weapon",5,5,5,0,4,0,0,3,0,0,5
"11592","Unknown","Other",2006,20,"Weapon",1,1,1,0,1,0,0,1,0,0,1
"11593","Male","White",2006,20,"Weapon",1,1,1,0,0,0,0,0,0,0,1
"11594","Male","Black",2007,20,"Weapon",3,3,2,0,2,0,0,2,0,0,3
"11595","Male","Hispanic",2007,20,"Weapon",3,3,2,0,1,0,0,2,0,0,3
"11596","Male","Other",2007,20,"Weapon",1,1,1,0,0,0,0,1,0,0,1
"11597","Male","White",2007,20,"Weapon",3,3,2,0,1,0,0,2,0,0,3
"11598","Female","Black",2008,20,"Weapon",1,1,1,0,0,0,0,1,0,0,1
"11599","Male","Black",2008,20,"Weapon",9,9,8,0,6,0,1,8,0,0,9
"11600","Female","Hispanic",2008,20,"Weapon",1,1,0,0,1,0,0,1,0,0,1
"11601","Male","Hispanic",2008,20,"Weapon",6,6,6,0,3,0,0,4,0,0,6
"11602","Male","Black",2009,20,"Weapon",7,6,5,0,4,0,1,5,0,0,7
"11603","Female","Hispanic",2009,20,"Weapon",1,1,1,0,0,0,0,0,0,0,1
"11604","Male","Hispanic",2009,20,"Weapon",8,8,8,0,5,0,0,5,0,0,8
"11605","Male","Other",2009,20,"Weapon",1,1,1,0,1,0,0,1,0,0,1
"11606","Male","White",2009,20,"Weapon",1,1,1,0,0,0,0,0,0,0,1
"11607","Male","Black",2010,20,"Weapon",6,6,5,0,4,0,0,5,0,0,6
"11608","Male","Hispanic",2010,20,"Weapon",8,8,7,0,3,0,0,4,0,0,8
"11609","Male","Other",2010,20,"Weapon",1,1,1,0,0,0,0,0,0,0,1
"11610","Male","White",2010,20,"Weapon",1,1,1,0,1,0,0,1,0,0,1
"11611","Male","Black",2006,22,"Weapon",2,2,2,0,0,0,0,0,0,0,2
"11612","Male","Black",2008,22,"Weapon",2,2,2,0,1,0,0,2,0,0,2
"11613","Male","Hispanic",2009,22,"Weapon",1,1,1,0,1,0,0,1,0,0,1
"11614","Male","White",2009,22,"Weapon",1,1,1,0,1,0,0,1,0,0,1
"11615","Male","Black",2010,22,"Weapon",1,1,1,0,1,0,0,1,0,0,1
"11616","Male","Hispanic",2010,22,"Weapon",2,2,2,0,1,0,0,1,0,0,2
"11617","Male","Hispanic",2005,23,"Weapon",2,2,2,0,1,0,1,1,0,0,2
"11618","Female","Black",2006,23,"Weapon",2,2,2,0,0,0,0,0,0,0,2
"11619","Male","Black",2006,23,"Weapon",33,30,24,0,14,1,1,11,0,0,33
"11620","Male","Hispanic",2006,23,"Weapon",36,34,33,0,12,0,0,14,0,0,36
"11621","Unknown","Hispanic",2006,23,"Weapon",1,1,1,0,0,0,0,0,0,0,1
"11622","Male","Other",2006,23,"Weapon",1,1,1,0,0,0,0,1,0,0,1
"11623","Male","White",2006,23,"Weapon",3,3,3,0,1,0,0,0,0,0,3
"11624","Female","Black",2007,23,"Weapon",2,2,2,0,0,0,0,0,0,0,2
"11625","Male","Black",2007,23,"Weapon",50,49,42,0,14,0,2,14,0,0,50
"11626","Female","Hispanic",2007,23,"Weapon",1,1,1,0,0,0,0,0,0,0,1
"11627","Male","Hispanic",2007,23,"Weapon",43,41,35,0,9,0,0,18,0,0,43
"11628","Male","Other",2007,23,"Weapon",5,5,4,0,0,0,0,0,0,0,5
"11629","Unknown","Other",2007,23,"Weapon",2,2,2,0,2,0,0,2,0,0,2
"11630","Female","White",2007,23,"Weapon",1,1,1,0,0,0,0,0,0,0,1
"11631","Male","White",2007,23,"Weapon",5,5,5,0,1,0,0,2,0,0,5
"11632","Female","Black",2008,23,"Weapon",4,4,3,0,1,0,0,0,0,0,4
"11633","Male","Black",2008,23,"Weapon",70,67,36,1,19,1,2,17,0,0,70
"11634","Female","Hispanic",2008,23,"Weapon",1,1,1,0,0,0,0,0,0,0,1
"11635","Male","Hispanic",2008,23,"Weapon",68,68,46,0,21,0,0,29,0,0,68
"11636","Unknown","Hispanic",2008,23,"Weapon",1,1,0,0,0,0,0,0,0,0,1
"11637","Male","Other",2008,23,"Weapon",4,4,2,0,1,0,0,1,0,0,4
"11638","Male","White",2008,23,"Weapon",6,6,6,0,3,0,0,2,0,0,6
"11639","Female","Asian",2009,23,"Weapon",1,1,0,0,0,0,0,0,0,0,1
"11640","Male","Asian",2009,23,"Weapon",1,1,1,0,0,0,0,0,0,0,1
"11641","Female","Black",2009,23,"Weapon",7,6,2,0,2,0,0,2,0,0,7
"11642","Male","Black",2009,23,"Weapon",106,99,73,0,44,0,7,40,0,0,106
"11643","Unknown","Black",2009,23,"Weapon",1,1,0,0,0,0,0,0,0,0,1
"11644","Female","Hispanic",2009,23,"Weapon",4,4,4,0,1,0,0,1,0,0,4
"11645","Male","Hispanic",2009,23,"Weapon",80,75,56,0,30,0,3,27,0,0,80
"11646","Male","Native",2009,23,"Weapon",1,1,1,0,1,0,0,1,0,0,1
"11647","Male","Other",2009,23,"Weapon",2,2,2,0,0,0,0,0,0,0,2
"11648","Male","White",2009,23,"Weapon",8,8,4,0,3,0,0,3,0,0,8
"11649","Male","Asian",2010,23,"Weapon",1,1,1,0,0,0,0,0,0,0,1
"11650","Female","Black",2010,23,"Weapon",3,2,2,0,1,0,0,1,0,0,3
"11651","Male","Black",2010,23,"Weapon",54,49,37,0,13,0,0,15,0,0,54
"11652","Female","Hispanic",2010,23,"Weapon",3,2,1,0,0,0,0,0,0,0,3
"11653","Male","Hispanic",2010,23,"Weapon",58,55,40,0,15,0,1,18,0,0,58
"11654","Unknown","Hispanic",2010,23,"Weapon",1,1,0,0,0,0,0,0,0,0,1
"11655","Male","Other",2010,23,"Weapon",4,4,3,0,0,0,0,0,0,0,4
"11656","Unknown","Other",2010,23,"Weapon",2,2,2,0,0,0,0,0,0,0,2
"11657","Male","White",2010,23,"Weapon",4,4,4,0,3,0,0,3,0,0,4
"11658","Male","Asian",2006,24,"Weapon",1,1,0,0,1,0,0,1,0,0,1
"11659","Female","Black",2006,24,"Weapon",2,1,1,0,0,0,0,0,0,0,2
"11660","Male","Black",2006,24,"Weapon",9,9,6,0,1,0,0,4,0,0,9
"11661","Male","Hispanic",2006,24,"Weapon",7,6,4,0,1,0,0,0,0,0,7
"11662","Male","Other",2006,24,"Weapon",2,1,1,0,0,0,0,1,0,0,2
"11663","Male","White",2006,24,"Weapon",2,1,1,0,0,0,0,0,0,0,2
"11664","Female","Black",2007,24,"Weapon",1,1,1,0,1,0,0,0,0,0,1
"11665","Male","Black",2007,24,"Weapon",12,12,9,0,2,0,0,3,0,0,12
"11666","Female","Hispanic",2007,24,"Weapon",1,1,1,0,1,0,0,1,0,0,1
"11667","Male","Hispanic",2007,24,"Weapon",9,9,5,0,2,0,0,4,0,0,9
"11668","Male","Other",2007,24,"Weapon",1,1,0,0,0,0,0,0,0,0,1
"11669","Male","White",2007,24,"Weapon",1,1,1,0,1,0,0,0,0,0,1
"11670","Male","Black",2008,24,"Weapon",7,7,7,0,2,0,0,3,0,0,7
"11671","Female","Hispanic",2008,24,"Weapon",1,1,0,0,1,0,1,1,0,0,1
"11672","Male","Hispanic",2008,24,"Weapon",17,16,12,0,7,0,4,7,0,0,17
"11673","Unknown","Other",2008,24,"Weapon",2,2,1,0,0,0,0,1,0,0,2
"11674","Male","White",2008,24,"Weapon",1,1,1,0,0,0,0,0,0,0,1
"11675","Male","Black",2009,24,"Weapon",8,8,6,0,3,0,0,5,0,0,8
"11676","Male","Hispanic",2009,24,"Weapon",12,12,9,0,5,1,2,6,0,0,12
"11677","Male","White",2009,24,"Weapon",1,1,1,0,0,0,0,0,0,0,1
"11678","Female","Black",2010,24,"Weapon",1,1,1,0,0,0,0,0,0,0,1
"11679","Male","Black",2010,24,"Weapon",10,10,7,0,3,0,0,4,0,0,10
"11680","Male","Hispanic",2010,24,"Weapon",4,4,4,0,2,0,0,1,0,0,4
"11681","Male","Other",2010,24,"Weapon",1,1,1,0,0,0,0,0,0,0,1
"11682","Unknown","Other",2010,24,"Weapon",1,1,1,0,1,0,0,1,0,0,1
"11683","Male","White",2010,24,"Weapon",3,1,3,0,0,0,0,0,0,0,3
"11684","Female","Black",2006,25,"Weapon",3,3,3,0,2,0,0,1,0,0,3
"11685","Male","Black",2006,25,"Weapon",46,46,43,0,27,0,10,27,0,0,46
"11686","Female","Hispanic",2006,25,"Weapon",4,4,4,0,4,0,0,1,0,0,4
"11687","Male","Hispanic",2006,25,"Weapon",37,36,33,0,22,0,1,17,0,0,37
"11688","Unknown","Hispanic",2006,25,"Weapon",1,1,1,0,0,0,0,0,0,0,1
"11689","Male","Other",2006,25,"Weapon",1,1,1,0,1,0,0,1,0,0,1
"11690","Unknown","Other",2006,25,"Weapon",1,1,1,0,1,0,0,0,0,0,1
"11691","Male","White",2006,25,"Weapon",2,2,1,0,1,0,0,1,0,0,2
"11692","Female","Black",2007,25,"Weapon",1,1,1,0,1,0,0,1,0,0,1
"11693","Male","Black",2007,25,"Weapon",80,76,61,0,28,2,2,38,0,0,80
"11694","Unknown","Black",2007,25,"Weapon",1,1,1,0,1,0,1,1,0,0,1
"11695","Female","Hispanic",2007,25,"Weapon",3,3,1,0,1,0,0,2,0,0,3
"11696","Male","Hispanic",2007,25,"Weapon",48,47,38,0,19,0,0,30,0,0,48
"11697","Male","Other",2007,25,"Weapon",6,6,4,0,0,0,1,3,0,0,6
"11698","Unknown","Other",2007,25,"Weapon",3,3,2,0,2,0,0,3,0,0,3
"11699","Male","White",2007,25,"Weapon",3,3,3,0,1,0,0,0,0,0,3
"11700","Male","Asian",2008,25,"Weapon",1,1,1,0,1,0,0,1,0,0,1
"11701","Female","Black",2008,25,"Weapon",4,4,3,0,1,0,0,2,0,0,4
"11702","Male","Black",2008,25,"Weapon",144,142,122,0,63,1,6,71,0,0,144
"11703","Unknown","Black",2008,25,"Weapon",1,1,1,0,0,0,0,0,0,0,1
"11704","Female","Hispanic",2008,25,"Weapon",2,2,2,0,1,0,0,0,0,0,2
"11705","Male","Hispanic",2008,25,"Weapon",92,86,77,0,35,0,2,46,0,0,92
"11706","Female","Other",2008,25,"Weapon",1,1,1,0,0,0,0,0,0,0,1
"11707","Male","Other",2008,25,"Weapon",7,7,7,0,1,0,0,2,0,0,7
"11708","Unknown","Other",2008,25,"Weapon",1,1,1,0,1,0,0,1,0,0,1
"11709","Male","White",2008,25,"Weapon",7,7,4,0,1,0,0,1,0,0,7
"11710","Male","Asian",2009,25,"Weapon",2,2,2,0,2,0,0,2,0,0,2
"11711","Female","Black",2009,25,"Weapon",7,7,7,0,4,0,0,4,0,0,7
"11712","Male","Black",2009,25,"Weapon",98,93,72,0,46,0,2,54,0,0,98
"11713","Female","Hispanic",2009,25,"Weapon",1,1,0,0,0,0,0,1,0,0,1
"11714","Male","Hispanic",2009,25,"Weapon",62,60,50,0,28,0,1,35,0,0,62
"11715","Male","Other",2009,25,"Weapon",1,1,1,0,0,0,0,0,0,0,1
"11716","Unknown","Other",2009,25,"Weapon",1,1,1,0,0,0,0,1,0,0,1
"11717","Female","White",2009,25,"Weapon",1,1,1,0,0,0,0,0,0,0,1
"11718","Male","White",2009,25,"Weapon",3,2,3,0,1,0,0,0,0,0,3
"11719","Female","Black",2010,25,"Weapon",6,6,6,0,1,0,0,0,0,0,6
"11720","Male","Black",2010,25,"Weapon",78,75,61,0,25,0,1,32,0,0,78
"11721","Female","Hispanic",2010,25,"Weapon",3,3,3,0,1,0,0,1,0,0,3
"11722","Male","Hispanic",2010,25,"Weapon",58,57,44,0,19,0,0,22,0,0,58
"11723","Male","Other",2010,25,"Weapon",2,2,1,0,0,0,0,1,0,0,2
"11724","Male","White",2010,25,"Weapon",4,4,4,0,3,0,0,0,0,0,4
"11725","Female","Black",2006,26,"Weapon",3,3,3,0,0,0,0,0,0,0,3
"11726","Male","Black",2006,26,"Weapon",26,26,22,0,8,0,0,9,0,0,26
"11727","Male","Hispanic",2006,26,"Weapon",4,4,2,0,0,0,0,1,0,0,4
"11728","Male","Other",2006,26,"Weapon",1,1,1,0,1,0,1,1,0,0,1
"11729","Female","Black",2007,26,"Weapon",3,3,1,0,1,0,0,0,0,0,3
"11730","Male","Black",2007,26,"Weapon",13,13,11,0,4,0,0,5,0,0,13
"11731","Male","Hispanic",2007,26,"Weapon",4,3,4,0,1,0,0,1,0,0,4
"11732","Male","White",2007,26,"Weapon",2,1,2,0,0,0,0,1,0,0,2
"11733","Male","Black",2008,26,"Weapon",26,26,24,0,11,0,0,11,0,0,26
"11734","Male","Hispanic",2008,26,"Weapon",12,12,11,0,3,0,1,4,0,0,12
"11735","Male","White",2008,26,"Weapon",1,1,1,0,1,0,0,1,0,0,1
"11736","Male","Asian",2009,26,"Weapon",2,2,2,0,1,0,1,1,0,0,2
"11737","Female","Black",2009,26,"Weapon",1,1,1,0,1,0,0,1,0,0,1
"11738","Male","Black",2009,26,"Weapon",31,31,27,0,11,0,2,16,0,0,31
"11739","Male","Hispanic",2009,26,"Weapon",13,13,10,0,5,0,3,6,0,0,13
"11740","Female","Other",2009,26,"Weapon",1,1,1,0,0,0,0,0,0,0,1
"11741","Male","Other",2009,26,"Weapon",2,2,2,0,1,0,0,0,0,0,2
"11742","Male","White",2009,26,"Weapon",1,1,1,0,0,0,0,0,0,0,1
"11743","Male","Black",2010,26,"Weapon",15,15,8,0,1,0,0,7,0,0,15
"11744","Male","Hispanic",2010,26,"Weapon",4,4,1,0,0,0,0,2,0,0,4
"11745","Male","Other",2010,26,"Weapon",1,1,1,0,1,0,0,0,0,0,1
"11746","Male","Black",2005,28,"Weapon",1,1,0,0,0,0,0,0,0,0,1
"11747","Female","Black",2006,28,"Weapon",1,0,1,0,1,0,0,0,0,0,1
"11748","Male","Black",2006,28,"Weapon",49,48,38,0,20,0,0,22,0,0,49
"11749","Male","Hispanic",2006,28,"Weapon",10,10,9,0,7,0,0,7,0,0,10
"11750","Male","Other",2006,28,"Weapon",1,1,1,0,0,0,0,1,0,0,1
"11751","Unknown","Other",2006,28,"Weapon",1,1,0,0,1,0,1,1,0,0,1
"11752","Male","White",2006,28,"Weapon",1,1,1,0,0,0,1,1,0,0,1
"11753","Female","Black",2007,28,"Weapon",1,0,1,0,0,0,0,0,0,0,1
"11754","Male","Black",2007,28,"Weapon",67,62,58,0,30,0,8,33,0,0,67
"11755","Male","Hispanic",2007,28,"Weapon",8,7,6,0,2,0,0,1,0,0,8
"11756","Male","Other",2007,28,"Weapon",1,1,1,0,1,0,0,1,0,0,1
"11757","Unknown","Other",2007,28,"Weapon",1,1,0,0,0,0,0,0,0,0,1
"11758","Male","White",2007,28,"Weapon",1,1,0,0,0,0,0,1,0,0,1
"11759","Male","Asian",2008,28,"Weapon",1,0,1,0,0,0,0,0,0,0,1
"11760","Female","Black",2008,28,"Weapon",4,4,3,0,3,0,2,4,0,0,4
"11761","Male","Black",2008,28,"Weapon",73,69,61,0,32,0,7,40,0,0,73
"11762","Female","Hispanic",2008,28,"Weapon",1,1,1,0,1,0,0,0,0,0,1
"11763","Male","Hispanic",2008,28,"Weapon",11,11,10,0,8,0,0,5,0,0,11
"11764","Female","White",2008,28,"Weapon",1,1,1,0,0,0,0,0,0,0,1
"11765","Male","White",2008,28,"Weapon",1,1,1,0,0,0,0,0,0,0,1
"11766","Female","Black",2009,28,"Weapon",2,2,2,0,2,0,0,2,0,0,2
"11767","Male","Black",2009,28,"Weapon",67,67,57,0,26,1,3,38,0,0,67
"11768","Male","Hispanic",2009,28,"Weapon",9,9,8,0,4,0,0,4,0,0,9
"11769","Female","White",2009,28,"Weapon",1,1,1,0,0,0,0,1,0,0,1
"11770","Male","White",2009,28,"Weapon",3,3,2,0,1,0,0,0,0,0,3
"11771","Female","Black",2010,28,"Weapon",2,2,1,0,1,0,0,1,0,0,2
"11772","Male","Black",2010,28,"Weapon",48,47,32,0,10,0,0,30,0,0,48
"11773","Male","Hispanic",2010,28,"Weapon",6,6,4,0,0,0,0,3,0,0,6
"11774","Unknown","Other",2010,28,"Weapon",1,1,1,0,0,0,0,0,0,0,1
"11775","Male","White",2010,28,"Weapon",1,1,0,0,0,0,0,1,0,0,1
"11776","Male","Hispanic",2005,30,"Weapon",1,1,1,0,0,0,0,1,0,0,1
"11777","Female","Black",2006,30,"Weapon",2,1,1,0,0,0,0,0,0,0,2
"11778","Male","Black",2006,30,"Weapon",24,23,19,0,13,0,1,10,0,0,24
"11779","Male","Hispanic",2006,30,"Weapon",12,12,8,0,3,0,1,3,0,0,12
"11780","Male","Other",2006,30,"Weapon",5,4,5,0,1,0,0,0,0,0,5
"11781","Male","White",2006,30,"Weapon",1,1,1,0,1,0,0,1,0,0,1
"11782","Female","Black",2007,30,"Weapon",6,6,6,0,6,0,0,0,0,0,6
"11783","Male","Black",2007,30,"Weapon",28,28,22,2,14,0,2,13,0,0,28
"11784","Male","Hispanic",2007,30,"Weapon",33,33,21,0,19,0,4,14,0,0,33
"11785","Male","Other",2007,30,"Weapon",2,2,1,0,1,0,0,0,0,0,2
"11786","Unknown","Other",2007,30,"Weapon",1,1,0,0,0,0,0,0,0,0,1
"11787","Female","White",2007,30,"Weapon",1,1,1,0,1,0,0,0,0,0,1
"11788","Male","White",2007,30,"Weapon",3,3,3,0,2,0,1,2,0,0,3
"11789","Female","Black",2008,30,"Weapon",2,1,0,0,0,0,0,0,0,0,2
"11790","Male","Black",2008,30,"Weapon",32,31,25,0,13,0,1,12,0,0,32
"11791","Male","Hispanic",2008,30,"Weapon",42,40,33,0,17,0,1,17,0,0,42
"11792","Male","Other",2008,30,"Weapon",3,3,1,0,0,0,0,2,0,0,3
"11793","Unknown","Other",2008,30,"Weapon",2,2,2,0,0,0,0,2,0,0,2
"11794","Male","White",2008,30,"Weapon",1,1,1,0,0,0,0,0,0,0,1
"11795","Male","Asian",2009,30,"Weapon",2,2,2,0,0,0,0,1,0,0,2
"11796","Female","Black",2009,30,"Weapon",2,1,1,0,0,0,0,1,0,0,2
"11797","Male","Black",2009,30,"Weapon",71,68,51,0,17,0,0,16,0,0,71
"11798","Female","Hispanic",2009,30,"Weapon",1,1,1,0,0,0,0,0,0,0,1
"11799","Male","Hispanic",2009,30,"Weapon",55,55,43,1,15,1,2,24,0,0,55
"11800","Male","Native",2009,30,"Weapon",1,0,0,0,0,0,0,0,0,0,1
"11801","Unknown","Other",2009,30,"Weapon",1,1,1,0,0,0,0,0,0,0,1
"11802","Male","White",2009,30,"Weapon",5,5,3,0,2,0,0,3,0,0,5
"11803","Female","Black",2010,30,"Weapon",2,2,1,0,1,0,0,2,0,0,2
"11804","Male","Black",2010,30,"Weapon",16,15,12,0,3,0,0,8,0,0,16
"11805","Unknown","Black",2010,30,"Weapon",1,1,1,0,1,0,0,1,0,0,1
"11806","Female","Hispanic",2010,30,"Weapon",2,1,1,0,0,0,0,0,0,0,2
"11807","Male","Hispanic",2010,30,"Weapon",29,29,20,0,7,0,0,11,0,0,29
"11808","Male","Other",2010,30,"Weapon",2,2,2,0,1,0,0,1,0,0,2
"11809","Male","White",2010,30,"Weapon",2,1,2,0,0,0,0,0,0,0,2
"11810","Male","Black",2005,32,"Weapon",1,1,0,0,1,0,0,1,0,0,1
"11811","Male","Hispanic",2005,32,"Weapon",1,1,1,0,0,0,0,0,0,0,1
"11812","Female","Black",2006,32,"Weapon",8,8,3,0,2,0,0,4,0,0,8
"11813","Male","Black",2006,32,"Weapon",167,164,131,0,67,1,10,90,0,0,167
"11814","Unknown","Black",2006,32,"Weapon",1,1,0,0,1,0,0,1,0,0,1
"11815","Female","Hispanic",2006,32,"Weapon",1,0,0,0,0,0,0,0,0,0,1
"11816","Male","Hispanic",2006,32,"Weapon",22,21,17,0,8,0,0,13,0,0,22
"11817","Male","Other",2006,32,"Weapon",4,4,4,0,2,0,0,3,0,0,4
"11818","Unknown","Other",2006,32,"Weapon",1,1,1,0,1,0,0,1,0,0,1
"11819","Male","White",2006,32,"Weapon",5,5,4,0,2,0,0,4,0,0,5
"11820","Female","Black",2007,32,"Weapon",13,12,10,0,3,0,0,8,0,0,13
"11821","Male","Black",2007,32,"Weapon",220,217,155,0,78,0,7,114,0,0,220
"11822","Male","Hispanic",2007,32,"Weapon",39,38,26,0,13,0,1,16,0,0,39
"11823","Male","Other",2007,32,"Weapon",1,1,1,0,0,0,0,0,0,0,1
"11824","Unknown","Other",2007,32,"Weapon",1,0,0,0,0,0,0,0,0,0,1
"11825","Male","White",2007,32,"Weapon",8,7,8,0,3,0,0,1,0,0,8
"11826","Male","Asian",2008,32,"Weapon",4,4,4,0,3,0,0,2,0,0,4
"11827","Female","Black",2008,32,"Weapon",18,17,7,0,14,0,1,7,0,0,18
"11828","Male","Black",2008,32,"Weapon",341,335,248,1,159,2,12,177,0,0,341
"11829","Female","Hispanic",2008,32,"Weapon",3,2,0,0,2,0,0,1,0,0,3
"11830","Male","Hispanic",2008,32,"Weapon",43,43,33,0,19,0,1,22,0,0,43
"11831","Male","Native",2008,32,"Weapon",1,1,1,0,1,0,0,0,0,0,1
"11832","Male","Other",2008,32,"Weapon",2,2,2,0,0,0,0,0,0,0,2
"11833","Male","White",2008,32,"Weapon",5,5,5,1,3,0,1,2,0,0,5
"11834","Female","Asian",2009,32,"Weapon",1,1,0,0,1,0,0,0,0,0,1
"11835","Male","Asian",2009,32,"Weapon",3,3,3,0,3,0,0,2,0,0,3
"11836","Female","Black",2009,32,"Weapon",33,31,14,0,17,0,0,7,0,0,33
"11837","Male","Black",2009,32,"Weapon",356,347,221,1,176,1,8,194,0,0,356
"11838","Female","Hispanic",2009,32,"Weapon",1,1,1,0,1,0,0,1,0,0,1
"11839","Male","Hispanic",2009,32,"Weapon",35,35,29,0,15,0,2,18,0,0,35
"11840","Male","Other",2009,32,"Weapon",1,1,1,0,0,0,0,1,0,0,1
"11841","Female","White",2009,32,"Weapon",1,1,1,0,1,0,0,1,0,0,1
"11842","Male","White",2009,32,"Weapon",3,3,1,0,3,0,0,1,0,0,3
"11843","Male","Asian",2010,32,"Weapon",1,1,0,0,1,0,0,0,0,0,1
"11844","Female","Black",2010,32,"Weapon",19,19,12,0,14,0,0,14,0,0,19
"11845","Male","Black",2010,32,"Weapon",206,203,114,2,121,2,5,132,0,0,206
"11846","Male","Hispanic",2010,32,"Weapon",22,22,16,0,11,0,1,12,0,0,22
"11847","Male","White",2010,32,"Weapon",5,5,3,0,3,0,0,4,0,0,5
"11848","Male","Black",2006,33,"Weapon",19,18,11,0,7,0,2,11,0,0,19
"11849","Male","Hispanic",2006,33,"Weapon",26,26,15,0,7,0,2,13,0,0,26
"11850","Unknown","Hispanic",2006,33,"Weapon",2,2,0,0,0,0,0,0,0,0,2
"11851","Male","Native",2006,33,"Weapon",1,1,0,0,0,0,0,0,0,0,1
"11852","Male","Other",2006,33,"Weapon",4,3,0,0,0,0,0,1,0,0,4
"11853","Unknown","Other",2006,33,"Weapon",2,1,0,0,0,0,0,0,0,0,2
"11854","Male","White",2006,33,"Weapon",2,2,2,0,0,0,0,2,0,0,2
"11855","Male","Asian",2007,33,"Weapon",1,1,1,0,0,0,0,1,0,0,1
"11856","Male","Black",2007,33,"Weapon",8,8,7,0,4,0,0,2,0,0,8
"11857","Male","Hispanic",2007,33,"Weapon",66,63,40,0,29,0,0,33,0,0,66
"11858","Male","Other",2007,33,"Weapon",1,1,1,0,1,0,0,1,0,0,1
"11859","Unknown","Other",2007,33,"Weapon",3,3,2,0,1,0,0,2,0,0,3
"11860","Male","White",2007,33,"Weapon",4,4,3,0,2,0,0,1,0,0,4
"11861","Male","Black",2008,33,"Weapon",25,24,21,0,16,0,0,15,0,0,25
"11862","Female","Hispanic",2008,33,"Weapon",1,1,1,0,0,0,0,1,0,0,1
"11863","Male","Hispanic",2008,33,"Weapon",54,51,41,0,17,0,1,23,0,0,54
"11864","Male","Other",2008,33,"Weapon",1,1,1,0,1,0,0,1,0,0,1
"11865","Male","White",2008,33,"Weapon",2,2,2,0,1,0,0,0,0,0,2
"11866","Female","Black",2009,33,"Weapon",1,1,0,0,0,0,0,0,0,0,1
"11867","Male","Black",2009,33,"Weapon",30,29,24,0,12,0,2,13,0,0,30
"11868","Female","Hispanic",2009,33,"Weapon",1,1,0,0,0,0,0,0,0,0,1
"11869","Male","Hispanic",2009,33,"Weapon",63,61,53,0,22,0,0,25,0,0,63
"11870","Male","Native",2009,33,"Weapon",1,1,1,0,0,0,0,0,0,0,1
"11871","Male","Other",2009,33,"Weapon",5,4,4,0,3,0,0,2,0,0,5
"11872","Male","White",2009,33,"Weapon",7,7,5,0,0,0,0,3,0,0,7
"11873","Unknown","White",2009,33,"Weapon",1,1,1,0,0,0,0,0,0,0,1
"11874","Male","Black",2010,33,"Weapon",13,11,11,0,4,0,0,7,0,0,13
"11875","Male","Hispanic",2010,33,"Weapon",30,30,23,0,4,0,0,9,0,0,30
"11876","Male","White",2010,33,"Weapon",2,2,2,0,0,0,0,0,0,0,2
"11877","Male","Black",2006,34,"Weapon",12,12,10,1,5,1,0,8,0,0,12
"11878","Male","Hispanic",2006,34,"Weapon",43,42,36,0,20,0,3,29,0,0,43
"11879","Male","Other",2006,34,"Weapon",1,1,0,0,0,0,0,1,0,0,1
"11880","Female","White",2006,34,"Weapon",2,2,1,0,0,0,0,1,0,0,2
"11881","Male","Asian",2007,34,"Weapon",1,1,1,0,1,0,0,1,0,0,1
"11882","Male","Black",2007,34,"Weapon",21,20,15,0,4,0,0,6,0,0,21
"11883","Female","Hispanic",2007,34,"Weapon",1,1,1,0,0,0,0,0,0,0,1
"11884","Male","Hispanic",2007,34,"Weapon",90,88,60,0,31,0,3,39,0,0,90
"11885","Unknown","Hispanic",2007,34,"Weapon",1,1,1,0,0,0,0,0,0,0,1
"11886","Unknown","Other",2007,34,"Weapon",1,1,1,0,0,0,0,0,0,0,1
"11887","Male","White",2007,34,"Weapon",1,1,1,0,1,0,0,0,0,0,1
"11888","Male","Black",2008,34,"Weapon",17,16,13,0,5,0,0,10,0,0,17
"11889","Female","Hispanic",2008,34,"Weapon",4,4,3,0,2,0,2,2,0,0,4
"11890","Male","Hispanic",2008,34,"Weapon",83,83,59,0,31,0,2,53,0,0,83
"11891","Unknown","Hispanic",2008,34,"Weapon",1,1,0,0,1,0,0,0,0,0,1
"11892","Male","Other",2008,34,"Weapon",2,2,2,0,0,0,1,2,0,0,2
"11893","Female","White",2008,34,"Weapon",1,1,1,0,0,0,0,0,0,0,1
"11894","Male","White",2008,34,"Weapon",3,3,2,0,0,0,0,2,0,0,3
"11895","Male","Asian",2009,34,"Weapon",1,1,1,0,1,0,0,1,0,0,1
"11896","Female","Black",2009,34,"Weapon",1,0,1,0,1,0,0,1,0,0,1
"11897","Male","Black",2009,34,"Weapon",23,21,16,0,12,0,2,14,0,0,23
"11898","Female","Hispanic",2009,34,"Weapon",3,2,3,0,3,0,1,2,0,0,3
"11899","Male","Hispanic",2009,34,"Weapon",78,76,61,1,37,0,2,48,0,0,78
"11900","Male","Other",2009,34,"Weapon",3,3,3,0,0,0,0,1,0,0,3
"11901","Male","White",2009,34,"Weapon",2,2,1,0,1,0,1,1,0,0,2
"11902","Male","Black",2010,34,"Weapon",6,6,4,0,1,0,1,2,0,0,6
"11903","Female","Hispanic",2010,34,"Weapon",4,3,4,0,3,1,0,2,0,0,4
"11904","Male","Hispanic",2010,34,"Weapon",51,48,33,1,12,0,0,21,0,0,51
"11905","Male","Other",2010,34,"Weapon",2,2,1,0,0,0,0,0,0,0,2
"11906","Male","Black",2005,40,"Weapon",3,3,3,0,1,0,0,3,0,0,3
"11907","Male","Hispanic",2005,40,"Weapon",4,4,4,0,3,1,0,3,0,0,4
"11908","Male","Asian",2006,40,"Weapon",1,1,1,0,0,0,0,1,0,0,1
"11909","Female","Black",2006,40,"Weapon",2,2,0,0,0,0,0,0,0,0,2
"11910","Male","Black",2006,40,"Weapon",68,63,40,2,20,1,3,40,0,0,68
"11911","Unknown","Black",2006,40,"Weapon",2,2,1,0,1,0,0,1,0,0,2
"11912","Female","Hispanic",2006,40,"Weapon",6,5,3,0,0,0,0,1,0,0,6
"11913","Male","Hispanic",2006,40,"Weapon",83,82,50,0,22,0,1,41,0,0,83
"11914","Male","Other",2006,40,"Weapon",5,4,1,0,0,0,0,1,0,0,5
"11915","Unknown","Other",2006,40,"Weapon",4,4,0,0,0,0,0,1,0,0,4
"11916","Female","Black",2007,40,"Weapon",1,1,1,0,0,0,0,1,0,0,1
"11917","Male","Black",2007,40,"Weapon",67,64,39,1,22,0,0,26,0,0,67
"11918","Female","Hispanic",2007,40,"Weapon",1,1,1,0,1,0,0,0,0,0,1
"11919","Male","Hispanic",2007,40,"Weapon",80,76,55,0,24,0,0,31,0,0,80
"11920","Female","Other",2007,40,"Weapon",2,1,1,0,1,0,0,1,0,0,2
"11921","Male","Other",2007,40,"Weapon",4,4,3,0,1,0,0,3,0,0,4
"11922","Male","White",2007,40,"Weapon",1,1,1,0,0,0,0,0,0,0,1
"11923","Female","Black",2008,40,"Weapon",1,1,1,0,0,0,0,0,0,0,1
"11924","Male","Black",2008,40,"Weapon",59,57,36,0,8,0,1,29,0,0,59
"11925","Female","Hispanic",2008,40,"Weapon",2,2,1,0,1,0,0,2,0,0,2
"11926","Male","Hispanic",2008,40,"Weapon",78,74,46,0,23,0,0,24,0,0,78
"11927","Male","Native",2008,40,"Weapon",1,1,0,0,0,0,0,1,0,0,1
"11928","Male","Other",2008,40,"Weapon",8,8,5,0,0,0,0,2,0,0,8
"11929","Unknown","Other",2008,40,"Weapon",2,1,1,0,0,0,0,1,0,0,2
"11930","Male","White",2008,40,"Weapon",1,1,1,0,0,0,0,0,0,0,1
"11931","Female","Black",2009,40,"Weapon",2,1,1,0,0,0,0,1,0,0,2
"11932","Male","Black",2009,40,"Weapon",56,55,40,0,20,1,0,29,0,0,56
"11933","Female","Hispanic",2009,40,"Weapon",1,1,0,0,0,0,0,0,0,0,1
"11934","Male","Hispanic",2009,40,"Weapon",64,63,42,0,21,0,0,35,0,0,64
"11935","Male","Native",2009,40,"Weapon",1,1,1,0,0,0,0,0,0,0,1
"11936","Male","Other",2009,40,"Weapon",2,1,0,0,0,0,0,1,0,0,2
"11937","Male","White",2009,40,"Weapon",1,1,1,0,1,0,0,1,0,0,1
"11938","Female","Black",2010,40,"Weapon",1,1,1,0,0,0,0,0,0,0,1
"11939","Male","Black",2010,40,"Weapon",61,58,39,0,16,0,0,31,0,0,61
"11940","Female","Hispanic",2010,40,"Weapon",4,3,2,0,0,0,0,3,0,0,4
"11941","Male","Hispanic",2010,40,"Weapon",67,65,45,0,18,0,1,30,0,0,67
"11942","Unknown","Hispanic",2010,40,"Weapon",1,1,1,0,0,0,0,0,0,0,1
"11943","Male","Other",2010,40,"Weapon",1,1,1,0,0,0,0,0,0,0,1
"11944","Male","White",2010,40,"Weapon",1,1,1,0,0,0,0,0,0,0,1
"11945","Male","Black",2005,41,"Weapon",1,1,1,0,1,0,0,1,0,0,1
"11946","Female","Black",2006,41,"Weapon",3,3,0,0,2,0,0,1,0,0,3
"11947","Male","Black",2006,41,"Weapon",17,16,11,0,13,1,1,7,0,0,17
"11948","Male","Hispanic",2006,41,"Weapon",5,5,3,0,4,0,0,3,0,0,5
"11949","Male","Asian",2007,41,"Weapon",1,1,0,0,0,0,0,0,0,0,1
"11950","Female","Black",2007,41,"Weapon",1,1,1,0,0,0,0,0,0,0,1
"11951","Male","Black",2007,41,"Weapon",15,15,8,0,10,0,3,7,0,0,15
"11952","Unknown","Black",2007,41,"Weapon",1,1,1,0,0,0,0,1,0,0,1
"11953","Male","Hispanic",2007,41,"Weapon",28,27,22,0,16,0,1,22,0,0,28
"11954","Male","Other",2007,41,"Weapon",1,1,1,0,0,0,1,1,0,0,1
"11955","Unknown","Other",2007,41,"Weapon",2,2,1,0,1,0,0,1,0,0,2
"11956","Male","Asian",2008,41,"Weapon",1,1,0,0,1,0,0,0,0,0,1
"11957","Female","Black",2008,41,"Weapon",5,4,1,0,0,0,0,3,0,0,5
"11958","Male","Black",2008,41,"Weapon",40,40,29,0,15,0,7,19,0,0,40
"11959","Unknown","Black",2008,41,"Weapon",1,0,1,0,0,0,0,0,0,0,1
"11960","Female","Hispanic",2008,41,"Weapon",10,9,4,0,4,0,0,5,0,0,10
"11961","Male","Hispanic",2008,41,"Weapon",42,39,24,0,19,0,0,26,0,0,42
"11962","Male","Other",2008,41,"Weapon",4,4,2,0,1,0,0,2,0,0,4
"11963","Unknown","Other",2008,41,"Weapon",1,1,1,0,1,0,0,1,0,0,1
"11964","Male","White",2008,41,"Weapon",1,1,1,0,0,0,0,1,0,0,1
"11965","Female","Black",2009,41,"Weapon",5,5,0,0,0,0,0,3,0,0,5
"11966","Male","Black",2009,41,"Weapon",41,40,28,0,15,0,1,20,0,0,41
"11967","Female","Hispanic",2009,41,"Weapon",4,4,3,0,2,0,0,3,0,0,4
"11968","Male","Hispanic",2009,41,"Weapon",37,36,26,0,15,0,2,24,0,0,37
"11969","Unknown","Hispanic",2009,41,"Weapon",1,1,1,0,0,0,0,1,0,0,1
"11970","Male","Other",2009,41,"Weapon",6,6,2,0,2,0,0,4,0,0,6
"11971","Unknown","Other",2009,41,"Weapon",3,3,1,0,1,0,0,2,0,0,3
"11972","Male","White",2009,41,"Weapon",2,2,2,0,1,0,0,1,0,0,2
"11973","Female","Black",2010,41,"Weapon",4,1,0,0,0,0,0,4,0,0,4
"11974","Male","Black",2010,41,"Weapon",27,23,13,0,7,0,2,18,0,0,27
"11975","Unknown","Black",2010,41,"Weapon",1,1,1,0,1,0,0,1,0,0,1
"11976","Female","Hispanic",2010,41,"Weapon",1,1,1,0,1,0,0,1,0,0,1
"11977","Male","Hispanic",2010,41,"Weapon",38,36,19,0,13,0,0,22,0,0,38
"11978","Male","Other",2010,41,"Weapon",3,3,3,0,2,0,0,2,0,0,3
"11979","Unknown","Other",2010,41,"Weapon",1,1,1,0,0,0,0,1,0,0,1
"11980","Male","Black",2005,42,"Weapon",4,4,4,0,2,0,0,1,0,0,4
"11981","Male","Hispanic",2005,42,"Weapon",3,3,2,0,0,0,0,0,0,0,3
"11982","Female","Black",2006,42,"Weapon",2,1,1,0,0,0,0,1,0,0,2
"11983","Male","Black",2006,42,"Weapon",45,44,24,0,14,0,2,27,0,0,45
"11984","Unknown","Black",2006,42,"Weapon",2,2,1,1,0,0,0,1,0,0,2
"11985","Female","Hispanic",2006,42,"Weapon",1,1,1,0,1,0,0,1,0,0,1
"11986","Male","Hispanic",2006,42,"Weapon",32,32,30,0,7,0,2,13,0,0,32
"11987","Unknown","Other",2006,42,"Weapon",1,1,1,0,0,0,0,0,0,0,1
"11988","Male","White",2006,42,"Weapon",1,1,1,0,0,0,0,1,0,0,1
"11989","Male","Asian",2007,42,"Weapon",1,1,1,0,0,0,0,0,0,0,1
"11990","Female","Black",2007,42,"Weapon",13,13,4,0,2,0,0,2,0,0,13
"11991","Male","Black",2007,42,"Weapon",109,107,75,0,25,1,5,36,0,0,109
"11992","Female","Hispanic",2007,42,"Weapon",2,2,1,0,0,0,0,2,0,0,2
"11993","Male","Hispanic",2007,42,"Weapon",51,49,31,0,15,0,1,18,0,0,51
"11994","Female","Other",2007,42,"Weapon",1,1,1,0,0,0,0,1,0,0,1
"11995","Male","Other",2007,42,"Weapon",2,2,2,0,0,0,0,0,0,0,2
"11996","Male","White",2007,42,"Weapon",1,1,1,0,0,0,0,1,0,0,1
"11997","Female","Black",2008,42,"Weapon",8,7,4,0,4,0,0,6,0,0,8
"11998","Male","Black",2008,42,"Weapon",129,125,81,0,48,0,2,51,0,0,129
"11999","Female","Hispanic",2008,42,"Weapon",2,1,1,0,0,0,0,0,0,0,2
"12000","Male","Hispanic",2008,42,"Weapon",61,58,40,0,14,0,0,23,0,0,61
"12001","Unknown","Hispanic",2008,42,"Weapon",3,3,3,0,0,0,0,0,0,0,3
"12002","Male","Other",2008,42,"Weapon",15,15,9,1,2,0,0,5,0,0,15
"12003","Unknown","Other",2008,42,"Weapon",5,5,3,0,1,0,0,2,0,0,5
"12004","Male","White",2008,42,"Weapon",1,1,0,0,1,0,0,1,0,0,1
"12005","Male","Asian",2009,42,"Weapon",1,1,1,0,1,0,0,1,0,0,1
"12006","Female","Black",2009,42,"Weapon",5,5,3,0,0,0,0,1,0,0,5
"12007","Male","Black",2009,42,"Weapon",76,75,43,1,28,0,1,30,0,0,76
"12008","Female","Hispanic",2009,42,"Weapon",3,3,2,0,2,0,0,2,0,0,3
"12009","Male","Hispanic",2009,42,"Weapon",53,52,37,0,16,0,0,25,0,0,53
"12010","Male","Other",2009,42,"Weapon",3,3,1,0,0,0,0,1,0,0,3
"12011","Female","Black",2010,42,"Weapon",5,5,4,0,5,0,0,2,0,0,5
"12012","Male","Black",2010,42,"Weapon",58,57,35,0,26,0,3,27,0,0,58
"12013","Female","Hispanic",2010,42,"Weapon",1,1,0,0,0,0,0,1,0,0,1
"12014","Male","Hispanic",2010,42,"Weapon",34,34,25,0,13,1,2,17,0,0,34
"12015","Female","Other",2010,42,"Weapon",2,2,0,0,2,0,0,2,0,0,2
"12016","Male","Other",2010,42,"Weapon",3,3,0,0,0,0,0,0,0,0,3
"12017","Unknown","Other",2010,42,"Weapon",1,1,0,0,0,0,0,0,0,0,1
"12018","Male","White",2010,42,"Weapon",3,3,2,0,2,0,0,2,0,0,3
"12019","Female","Black",2006,43,"Weapon",3,3,2,0,1,0,0,1,0,0,3
"12020","Male","Black",2006,43,"Weapon",76,72,38,0,31,0,1,25,0,0,76
"12021","Female","Hispanic",2006,43,"Weapon",6,4,3,0,1,0,0,1,0,0,6
"12022","Male","Hispanic",2006,43,"Weapon",73,69,48,0,33,0,1,27,0,0,73
"12023","Male","Other",2006,43,"Weapon",7,7,4,0,0,0,0,4,0,0,7
"12024","Unknown","Other",2006,43,"Weapon",1,1,1,0,1,0,0,0,0,0,1
"12025","Female","White",2006,43,"Weapon",1,0,0,0,0,0,0,0,0,0,1
"12026","Male","White",2006,43,"Weapon",3,3,3,0,1,0,0,1,0,0,3
"12027","Female","Black",2007,43,"Weapon",6,6,6,0,3,0,0,2,0,0,6
"12028","Male","Black",2007,43,"Weapon",54,52,48,0,19,0,0,25,0,0,54
"12029","Unknown","Black",2007,43,"Weapon",2,2,2,0,0,0,0,1,0,0,2
"12030","Female","Hispanic",2007,43,"Weapon",1,1,1,0,1,0,0,0,0,0,1
"12031","Male","Hispanic",2007,43,"Weapon",57,54,46,0,14,1,0,23,0,0,57
"12032","Male","Other",2007,43,"Weapon",1,1,0,0,1,0,0,1,0,0,1
"12033","Female","White",2007,43,"Weapon",1,1,1,0,0,0,0,0,0,0,1
"12034","Male","White",2007,43,"Weapon",2,2,1,0,1,0,0,1,0,0,2
"12035","Male","Asian",2008,43,"Weapon",2,2,2,0,2,0,0,2,0,0,2
"12036","Female","Black",2008,43,"Weapon",3,3,2,0,1,0,0,2,0,0,3
"12037","Male","Black",2008,43,"Weapon",53,47,35,0,16,0,1,20,0,0,53
"12038","Unknown","Black",2008,43,"Weapon",2,2,0,0,1,0,0,0,0,0,2
"12039","Female","Hispanic",2008,43,"Weapon",2,1,1,0,1,0,0,1,0,0,2
"12040","Male","Hispanic",2008,43,"Weapon",74,64,55,0,27,0,3,35,0,0,74
"12041","Male","Native",2008,43,"Weapon",2,2,1,0,1,0,0,0,0,0,2
"12042","Female","Other",2008,43,"Weapon",1,1,1,0,0,0,0,0,0,0,1
"12043","Male","Other",2008,43,"Weapon",2,1,2,0,0,0,0,0,0,0,2
"12044","Female","White",2008,43,"Weapon",1,0,0,0,1,0,0,0,0,0,1
"12045","Male","White",2008,43,"Weapon",5,4,3,0,0,0,0,1,0,0,5
"12046","Male","Asian",2009,43,"Weapon",2,2,1,0,0,0,0,2,0,0,2
"12047","Female","Black",2009,43,"Weapon",1,1,1,0,0,0,0,0,0,0,1
"12048","Male","Black",2009,43,"Weapon",66,61,46,0,31,0,4,28,0,0,66
"12049","Female","Hispanic",2009,43,"Weapon",6,6,4,0,4,1,0,3,0,0,6
"12050","Male","Hispanic",2009,43,"Weapon",77,73,61,0,25,0,0,24,0,0,77
"12051","Female","Other",2009,43,"Weapon",1,1,0,0,0,0,0,1,0,0,1
"12052","Male","Other",2009,43,"Weapon",7,7,5,0,0,0,0,4,0,0,7
"12053","Male","White",2009,43,"Weapon",3,3,2,0,2,0,0,2,0,0,3
"12054","Female","Black",2010,43,"Weapon",1,1,0,0,0,0,0,0,0,0,1
"12055","Male","Black",2010,43,"Weapon",24,20,13,0,3,0,0,7,0,0,24
"12056","Male","Hispanic",2010,43,"Weapon",51,51,39,0,14,0,1,16,0,0,51
"12057","Male","Other",2010,43,"Weapon",4,4,4,0,1,0,0,0,0,0,4
"12058","Unknown","Other",2010,43,"Weapon",6,4,5,0,2,0,0,3,0,0,6
"12059","Male","White",2010,43,"Weapon",4,4,3,0,1,0,0,1,0,0,4
"12060","Unknown","White",2010,43,"Weapon",1,1,0,0,0,0,0,1,0,0,1
"12061","Male","Hispanic",2005,44,"Weapon",2,2,2,0,2,0,0,0,0,0,2
"12062","Male","Black",2006,44,"Weapon",29,26,21,0,13,0,1,16,0,0,29
"12063","Male","Hispanic",2006,44,"Weapon",15,12,12,0,9,0,0,8,0,0,15
"12064","Unknown","Hispanic",2006,44,"Weapon",1,1,1,0,1,0,0,1,0,0,1
"12065","Male","Other",2006,44,"Weapon",3,2,1,0,2,0,0,2,0,0,3
"12066","Female","Black",2007,44,"Weapon",2,2,2,0,1,0,1,2,0,0,2
"12067","Male","Black",2007,44,"Weapon",56,54,41,0,17,0,4,33,0,0,56
"12068","Female","Hispanic",2007,44,"Weapon",2,1,1,0,0,0,0,1,0,0,2
"12069","Male","Hispanic",2007,44,"Weapon",47,43,35,0,16,0,2,22,0,0,47
"12070","Unknown","Hispanic",2007,44,"Weapon",2,2,2,0,0,0,0,2,0,0,2
"12071","Female","Other",2007,44,"Weapon",1,1,0,0,0,0,0,0,0,0,1
"12072","Male","Other",2007,44,"Weapon",4,4,4,0,2,0,0,3,0,0,4
"12073","Unknown","Other",2007,44,"Weapon",5,5,4,0,2,0,0,2,0,0,5
"12074","Male","Asian",2008,44,"Weapon",1,1,0,0,0,0,0,0,0,0,1
"12075","Female","Black",2008,44,"Weapon",2,1,0,0,1,0,0,1,0,0,2
"12076","Male","Black",2008,44,"Weapon",64,62,40,0,14,0,1,44,0,0,64
"12077","Female","Hispanic",2008,44,"Weapon",1,1,1,0,0,0,0,1,0,0,1
"12078","Male","Hispanic",2008,44,"Weapon",52,51,39,0,14,0,0,31,0,0,52
"12079","Unknown","Hispanic",2008,44,"Weapon",1,1,1,0,0,0,0,1,0,0,1
"12080","Female","Other",2008,44,"Weapon",1,1,1,0,1,0,0,0,0,0,1
"12081","Male","Other",2008,44,"Weapon",9,7,9,0,0,0,0,7,0,0,9
"12082","Unknown","Other",2008,44,"Weapon",3,3,1,0,0,0,0,2,0,0,3
"12083","Male","White",2008,44,"Weapon",1,1,1,0,0,0,0,1,0,0,1
"12084","Female","Black",2009,44,"Weapon",1,1,1,0,1,0,0,1,0,0,1
"12085","Male","Black",2009,44,"Weapon",68,66,48,0,26,0,0,51,0,0,68
"12086","Unknown","Black",2009,44,"Weapon",2,2,1,0,0,0,0,2,0,0,2
"12087","Female","Hispanic",2009,44,"Weapon",3,2,1,0,0,0,0,1,0,0,3
"12088","Male","Hispanic",2009,44,"Weapon",94,91,67,0,24,1,0,57,0,0,94
"12089","Unknown","Hispanic",2009,44,"Weapon",1,1,0,0,0,0,0,0,0,0,1
"12090","Male","Other",2009,44,"Weapon",5,4,4,0,0,0,0,5,0,0,5
"12091","Unknown","Other",2009,44,"Weapon",7,5,3,0,1,0,0,5,0,0,7
"12092","Male","White",2009,44,"Weapon",1,1,0,0,0,0,0,0,0,0,1
"12093","Female","Black",2010,44,"Weapon",2,2,1,0,0,0,0,0,0,0,2
"12094","Male","Black",2010,44,"Weapon",98,96,77,0,48,0,4,76,0,0,98
"12095","Unknown","Black",2010,44,"Weapon",1,1,0,0,0,0,0,1,0,0,1
"12096","Female","Hispanic",2010,44,"Weapon",3,2,1,0,0,0,0,2,0,0,3
"12097","Male","Hispanic",2010,44,"Weapon",102,100,89,0,49,0,0,81,0,0,102
"12098","Unknown","Hispanic",2010,44,"Weapon",1,1,1,0,1,0,0,1,0,0,1
"12099","Male","Other",2010,44,"Weapon",7,7,4,0,2,0,0,4,0,0,7
"12100","Unknown","Other",2010,44,"Weapon",4,4,3,0,1,0,0,3,0,0,4
"12101","Male","White",2010,44,"Weapon",1,1,1,0,0,0,0,1,0,0,1
"12102","Male","Black",2005,45,"Weapon",1,1,1,0,0,0,1,1,0,0,1
"12103","Female","Black",2006,45,"Weapon",1,1,1,0,1,0,0,1,0,0,1
"12104","Male","Black",2006,45,"Weapon",15,15,12,1,9,0,1,6,0,0,15
"12105","Male","Hispanic",2006,45,"Weapon",16,16,16,0,12,0,4,9,0,0,16
"12106","Male","Other",2006,45,"Weapon",3,1,1,0,1,0,0,3,0,0,3
"12107","Male","White",2006,45,"Weapon",9,9,7,0,7,0,1,8,0,0,9
"12108","Female","Black",2007,45,"Weapon",1,1,1,0,1,1,0,1,0,0,1
"12109","Male","Black",2007,45,"Weapon",4,4,3,0,1,0,0,2,0,0,4
"12110","Male","Hispanic",2007,45,"Weapon",10,9,8,0,3,0,0,5,0,0,10
"12111","Female","White",2007,45,"Weapon",1,1,1,0,0,0,0,0,0,0,1
"12112","Male","White",2007,45,"Weapon",8,8,8,0,6,0,0,6,0,0,8
"12113","Male","Black",2008,45,"Weapon",5,5,5,0,1,0,0,0,0,0,5
"12114","Unknown","Black",2008,45,"Weapon",1,1,1,0,0,0,0,1,0,0,1
"12115","Male","Hispanic",2008,45,"Weapon",19,18,13,0,9,0,0,7,0,0,19
"12116","Unknown","Other",2008,45,"Weapon",1,1,1,0,0,0,0,1,0,0,1
"12117","Male","White",2008,45,"Weapon",5,5,4,0,3,0,0,5,0,0,5
"12118","Male","Black",2009,45,"Weapon",11,11,8,0,3,0,1,5,0,0,11
"12119","Male","Hispanic",2009,45,"Weapon",24,24,14,0,7,0,1,10,0,0,24
"12120","Unknown","Hispanic",2009,45,"Weapon",1,1,1,0,0,0,0,1,0,0,1
"12121","Male","Other",2009,45,"Weapon",1,1,1,0,0,0,0,1,0,0,1
"12122","Unknown","Other",2009,45,"Weapon",1,1,1,0,1,0,0,1,0,0,1
"12123","Male","White",2009,45,"Weapon",10,10,10,0,4,0,0,4,0,0,10
"12124","Female","Black",2010,45,"Weapon",1,1,0,0,0,0,0,0,0,0,1
"12125","Male","Black",2010,45,"Weapon",12,12,9,0,7,0,0,7,0,0,12
"12126","Male","Hispanic",2010,45,"Weapon",10,10,7,0,2,0,0,4,0,0,10
"12127","Male","Native",2010,45,"Weapon",1,1,1,0,1,0,0,0,0,0,1
"12128","Male","White",2010,45,"Weapon",6,6,6,0,2,0,0,2,0,0,6
"12129","Female","Black",2006,46,"Weapon",1,0,0,0,0,0,0,0,0,0,1
"12130","Male","Black",2006,46,"Weapon",63,62,47,0,26,0,1,26,0,0,63
"12131","Male","Hispanic",2006,46,"Weapon",55,54,42,0,23,0,1,18,0,0,55
"12132","Male","Native",2006,46,"Weapon",1,1,0,0,1,0,0,0,0,0,1
"12133","Male","Other",2006,46,"Weapon",1,1,0,0,0,0,0,1,0,0,1
"12134","Unknown","Other",2006,46,"Weapon",1,1,1,0,0,0,0,0,0,0,1
"12135","Male","White",2006,46,"Weapon",2,2,0,0,0,0,0,1,0,0,2
"12136","Male","Asian",2007,46,"Weapon",1,1,1,0,1,0,0,1,0,0,1
"12137","Female","Black",2007,46,"Weapon",3,2,1,0,0,0,0,2,0,0,3
"12138","Male","Black",2007,46,"Weapon",111,108,80,0,48,1,2,65,0,0,111
"12139","Female","Hispanic",2007,46,"Weapon",2,2,2,0,0,0,0,1,0,0,2
"12140","Male","Hispanic",2007,46,"Weapon",114,108,83,0,49,0,1,45,0,0,114
"12141","Unknown","Hispanic",2007,46,"Weapon",2,2,2,0,0,0,0,1,0,0,2
"12142","Male","Native",2007,46,"Weapon",2,2,2,0,0,0,0,1,0,0,2
"12143","Male","Other",2007,46,"Weapon",3,3,2,0,2,0,0,2,0,0,3
"12144","Unknown","Other",2007,46,"Weapon",8,7,7,0,3,0,0,3,0,0,8
"12145","Male","White",2007,46,"Weapon",2,2,1,0,1,0,0,0,0,0,2
"12146","Male","Asian",2008,46,"Weapon",1,1,1,0,1,0,0,1,0,0,1
"12147","Female","Black",2008,46,"Weapon",5,5,4,0,2,0,0,2,0,0,5
"12148","Male","Black",2008,46,"Weapon",56,52,34,0,15,0,0,25,0,0,56
"12149","Unknown","Black",2008,46,"Weapon",1,1,1,0,0,0,0,1,0,0,1
"12150","Female","Hispanic",2008,46,"Weapon",2,1,1,0,0,0,0,1,0,0,2
"12151","Male","Hispanic",2008,46,"Weapon",64,62,44,0,17,0,0,17,0,0,64
"12152","Male","Other",2008,46,"Weapon",8,8,7,0,1,0,0,6,0,0,8
"12153","Unknown","Other",2008,46,"Weapon",5,5,5,0,1,0,0,4,0,0,5
"12154","Male","White",2008,46,"Weapon",3,3,2,0,1,0,0,1,0,0,3
"12155","Male","Asian",2009,46,"Weapon",4,4,3,0,3,0,0,4,0,0,4
"12156","Female","Black",2009,46,"Weapon",4,3,2,0,1,0,0,1,0,0,4
"12157","Male","Black",2009,46,"Weapon",88,81,52,1,21,0,3,36,0,0,88
"12158","Female","Hispanic",2009,46,"Weapon",8,6,5,0,3,0,0,4,0,0,8
"12159","Male","Hispanic",2009,46,"Weapon",109,101,73,0,33,0,1,42,0,0,109
"12160","Female","Other",2009,46,"Weapon",1,1,1,0,0,0,0,0,0,0,1
"12161","Male","Other",2009,46,"Weapon",13,12,9,0,2,0,0,7,0,0,13
"12162","Unknown","Other",2009,46,"Weapon",2,2,1,0,1,0,0,1,0,0,2
"12163","Male","White",2009,46,"Weapon",10,9,6,0,3,0,0,3,0,0,10
"12164","Female","Black",2010,46,"Weapon",2,2,0,0,1,0,0,1,0,0,2
"12165","Male","Black",2010,46,"Weapon",33,31,26,0,8,0,0,12,0,0,33
"12166","Unknown","Black",2010,46,"Weapon",1,1,0,0,0,0,0,0,0,0,1
"12167","Female","Hispanic",2010,46,"Weapon",1,1,1,0,0,0,0,0,0,0,1
"12168","Male","Hispanic",2010,46,"Weapon",51,46,35,0,14,0,0,19,0,0,51
"12169","Male","Other",2010,46,"Weapon",2,2,0,0,0,0,0,1,0,0,2
"12170","Unknown","Other",2010,46,"Weapon",1,1,0,0,1,0,0,1,0,0,1
"12171","Male","White",2010,46,"Weapon",1,1,1,0,1,0,0,0,0,0,1
"12172","Male","Black",2005,47,"Weapon",2,2,1,0,0,0,0,0,0,0,2
"12173","Male","Hispanic",2005,47,"Weapon",1,1,0,0,0,0,0,0,0,0,1
"12174","Male","Black",2006,47,"Weapon",61,60,42,0,27,0,0,28,0,0,61
"12175","Female","Hispanic",2006,47,"Weapon",1,1,1,0,1,0,0,0,0,0,1
"12176","Male","Hispanic",2006,47,"Weapon",10,9,5,0,1,0,0,4,0,0,10
"12177","Male","Other",2006,47,"Weapon",2,2,1,0,0,0,0,0,0,0,2
"12178","Unknown","Other",2006,47,"Weapon",1,1,1,0,0,0,0,0,0,0,1
"12179","Male","White",2006,47,"Weapon",2,2,1,0,2,0,0,2,0,0,2
"12180","Female","Black",2007,47,"Weapon",2,2,1,0,1,0,0,1,0,0,2
"12181","Male","Black",2007,47,"Weapon",75,71,56,1,31,0,1,39,0,0,75
"12182","Female","Hispanic",2007,47,"Weapon",1,1,0,0,0,0,0,1,0,0,1
"12183","Male","Hispanic",2007,47,"Weapon",11,11,8,0,3,0,1,2,0,0,11
"12184","Unknown","Other",2007,47,"Weapon",2,2,2,0,2,0,0,1,0,0,2
"12185","Male","White",2007,47,"Weapon",1,1,1,0,0,0,0,1,0,0,1
"12186","Female","Black",2008,47,"Weapon",4,4,2,0,3,0,1,3,0,0,4
"12187","Male","Black",2008,47,"Weapon",77,75,59,0,44,0,2,42,0,0,77
"12188","Male","Hispanic",2008,47,"Weapon",18,17,14,0,6,0,0,10,0,0,18
"12189","Male","Other",2008,47,"Weapon",3,3,3,0,1,0,0,3,0,0,3
"12190","Unknown","Other",2008,47,"Weapon",2,2,1,0,1,0,0,1,0,0,2
"12191","Male","White",2008,47,"Weapon",3,3,3,0,2,0,0,2,0,0,3
"12192","Male","Asian",2009,47,"Weapon",1,1,1,0,0,0,0,0,0,0,1
"12193","Female","Black",2009,47,"Weapon",12,11,7,0,9,0,0,3,0,0,12
"12194","Male","Black",2009,47,"Weapon",87,82,50,0,38,1,2,50,0,0,87
"12195","Female","Hispanic",2009,47,"Weapon",4,4,1,0,3,0,0,2,0,0,4
"12196","Male","Hispanic",2009,47,"Weapon",20,20,14,0,12,0,0,12,0,0,20
"12197","Female","Other",2009,47,"Weapon",1,1,0,0,0,0,0,1,0,0,1
"12198","Male","Other",2009,47,"Weapon",2,2,1,0,0,0,0,2,0,0,2
"12199","Unknown","Other",2009,47,"Weapon",2,1,2,0,1,0,0,2,0,0,2
"12200","Male","White",2009,47,"Weapon",2,2,1,0,0,0,0,0,0,0,2
"12201","Male","Asian",2010,47,"Weapon",4,4,2,0,2,0,0,2,0,0,4
"12202","Female","Black",2010,47,"Weapon",7,7,5,0,1,0,0,2,0,0,7
"12203","Male","Black",2010,47,"Weapon",99,95,53,0,52,0,3,58,0,0,99
"12204","Female","Hispanic",2010,47,"Weapon",2,2,1,0,2,0,0,1,0,0,2
"12205","Male","Hispanic",2010,47,"Weapon",19,19,12,0,8,0,0,15,0,0,19
"12206","Unknown","Other",2010,47,"Weapon",6,6,6,0,0,0,0,4,0,0,6
"12207","Male","White",2010,47,"Weapon",3,3,1,0,1,0,0,3,0,0,3
"12208","Male","Black",2006,48,"Weapon",20,20,16,0,10,0,1,10,0,0,20
"12209","Female","Hispanic",2006,48,"Weapon",1,1,1,0,0,0,0,1,0,0,1
"12210","Male","Hispanic",2006,48,"Weapon",22,22,19,0,10,0,1,16,0,0,22
"12211","Female","White",2006,48,"Weapon",1,1,1,0,0,0,0,1,0,0,1
"12212","Male","White",2006,48,"Weapon",1,1,1,0,1,0,0,1,0,0,1
"12213","Male","Asian",2007,48,"Weapon",1,1,1,0,0,0,0,1,0,0,1
"12214","Male","Black",2007,48,"Weapon",29,29,25,0,10,0,1,15,0,0,29
"12215","Female","Hispanic",2007,48,"Weapon",1,0,0,0,0,0,0,1,0,0,1
"12216","Male","Hispanic",2007,48,"Weapon",31,30,25,0,13,0,2,17,0,0,31
"12217","Female","Black",2008,48,"Weapon",2,2,1,0,1,0,0,1,0,0,2
"12218","Male","Black",2008,48,"Weapon",41,38,29,0,19,0,0,18,0,0,41
"12219","Female","Hispanic",2008,48,"Weapon",4,3,2,0,3,0,0,1,0,0,4
"12220","Male","Hispanic",2008,48,"Weapon",21,19,15,0,10,1,0,8,0,0,21
"12221","Male","Native",2008,48,"Weapon",1,1,1,0,1,0,0,1,0,0,1
"12222","Male","Other",2008,48,"Weapon",1,1,0,0,0,0,0,0,0,0,1
"12223","Male","White",2008,48,"Weapon",2,2,1,0,0,0,0,0,0,0,2
"12224","Female","Black",2009,48,"Weapon",4,4,1,0,0,0,0,0,0,0,4
"12225","Male","Black",2009,48,"Weapon",30,30,21,0,7,0,0,16,0,0,30
"12226","Female","Hispanic",2009,48,"Weapon",4,3,3,0,0,0,0,1,0,0,4
"12227","Male","Hispanic",2009,48,"Weapon",45,42,31,0,9,0,0,19,0,0,45
"12228","Male","White",2009,48,"Weapon",2,2,1,0,0,0,0,1,0,0,2
"12229","Male","Asian",2010,48,"Weapon",1,1,1,0,1,0,0,1,0,0,1
"12230","Female","Black",2010,48,"Weapon",2,2,2,0,2,0,0,1,0,0,2
"12231","Male","Black",2010,48,"Weapon",16,16,8,0,8,0,0,11,0,0,16
"12232","Female","Hispanic",2010,48,"Weapon",6,6,3,0,3,0,0,2,0,0,6
"12233","Male","Hispanic",2010,48,"Weapon",24,24,12,0,9,0,0,13,0,0,24
"12234","Female","Other",2010,48,"Weapon",1,1,1,0,1,0,0,1,0,0,1
"12235","Male","Other",2010,48,"Weapon",1,1,1,0,0,0,0,0,0,0,1
"12236","Unknown","Other",2010,48,"Weapon",5,5,2,0,3,0,0,4,0,0,5
"12237","Male","White",2010,48,"Weapon",1,1,1,0,1,0,0,1,0,0,1
"12238","Unknown","White",2010,48,"Weapon",1,1,0,0,1,0,0,0,0,0,1
"12239","Male","Black",2005,49,"Weapon",1,1,1,0,0,0,0,1,0,0,1
"12240","Male","Asian",2006,49,"Weapon",4,4,4,0,2,0,0,3,0,0,4
"12241","Female","Black",2006,49,"Weapon",1,1,0,0,1,0,0,0,0,0,1
"12242","Male","Black",2006,49,"Weapon",17,17,16,0,10,0,3,10,0,0,17
"12243","Male","Hispanic",2006,49,"Weapon",13,13,11,0,3,0,0,8,0,0,13
"12244","Female","Black",2007,49,"Weapon",1,1,1,0,0,0,0,0,0,0,1
"12245","Male","Black",2007,49,"Weapon",14,14,6,1,6,0,0,10,0,0,14
"12246","Female","Hispanic",2007,49,"Weapon",2,2,2,0,0,0,0,2,0,0,2
"12247","Male","Hispanic",2007,49,"Weapon",18,18,13,0,5,0,1,9,0,0,18
"12248","Male","White",2007,49,"Weapon",3,3,1,0,2,0,0,1,0,0,3
"12249","Female","Black",2008,49,"Weapon",1,1,0,0,1,0,0,1,0,0,1
"12250","Male","Black",2008,49,"Weapon",24,24,20,0,4,0,0,14,0,0,24
"12251","Female","Hispanic",2008,49,"Weapon",1,1,1,0,1,0,0,1,0,0,1
"12252","Male","Hispanic",2008,49,"Weapon",23,23,15,0,8,0,1,14,0,0,23
"12253","Unknown","Other",2008,49,"Weapon",1,1,0,0,0,0,0,1,0,0,1
"12254","Male","White",2008,49,"Weapon",4,4,3,0,2,0,0,3,0,0,4
"12255","Female","Black",2009,49,"Weapon",1,1,0,0,0,0,0,0,0,0,1
"12256","Male","Black",2009,49,"Weapon",48,48,38,0,7,0,0,31,0,0,48
"12257","Unknown","Black",2009,49,"Weapon",1,1,0,0,1,0,0,1,0,0,1
"12258","Female","Hispanic",2009,49,"Weapon",2,2,0,0,0,0,0,0,0,0,2
"12259","Male","Hispanic",2009,49,"Weapon",41,41,33,0,9,0,0,19,0,0,41
"12260","Male","Native",2009,49,"Weapon",1,1,1,0,0,0,0,0,0,0,1
"12261","Male","Other",2009,49,"Weapon",1,1,1,0,1,0,0,1,0,0,1
"12262","Male","White",2009,49,"Weapon",6,6,3,0,1,0,0,1,0,0,6
"12263","Unknown","White",2009,49,"Weapon",1,1,0,0,1,0,0,1,0,0,1
"12264","Male","Asian",2010,49,"Weapon",1,1,1,0,0,0,0,0,0,0,1
"12265","Female","Black",2010,49,"Weapon",2,2,1,0,0,0,0,0,0,0,2
"12266","Male","Black",2010,49,"Weapon",22,22,20,0,6,1,5,9,0,0,22
"12267","Female","Hispanic",2010,49,"Weapon",2,2,1,0,1,0,0,1,0,0,2
"12268","Male","Hispanic",2010,49,"Weapon",16,15,9,0,4,0,1,7,0,0,16
"12269","Male","Native",2010,49,"Weapon",1,1,1,0,0,0,0,1,0,0,1
"12270","Male","Other",2010,49,"Weapon",1,1,0,0,0,0,0,1,0,0,1
"12271","Male","White",2010,49,"Weapon",4,3,3,0,0,0,1,3,0,0,4
"12272","Male","Hispanic",2006,50,"Weapon",4,4,4,0,2,0,0,2,0,0,4
"12273","Male","Black",2007,50,"Weapon",2,2,0,0,0,0,0,1,0,0,2
"12274","Female","Hispanic",2007,50,"Weapon",1,1,0,0,1,0,0,0,0,0,1
"12275","Male","Hispanic",2007,50,"Weapon",11,10,7,0,7,0,0,5,0,0,11
"12276","Male","White",2007,50,"Weapon",3,3,2,0,1,0,0,3,0,0,3
"12277","Male","Black",2008,50,"Weapon",9,9,6,0,0,0,0,2,0,0,9
"12278","Female","Hispanic",2008,50,"Weapon",3,3,3,0,0,0,0,0,0,0,3
"12279","Male","Hispanic",2008,50,"Weapon",9,9,7,0,1,0,0,1,0,0,9
"12280","Male","White",2008,50,"Weapon",1,1,0,0,0,0,0,1,0,0,1
"12281","Male","Asian",2009,50,"Weapon",2,2,0,0,1,0,0,1,0,0,2
"12282","Male","Black",2009,50,"Weapon",9,9,7,0,3,0,0,5,0,0,9
"12283","Female","Hispanic",2009,50,"Weapon",1,1,1,0,0,0,0,0,0,0,1
"12284","Male","Hispanic",2009,50,"Weapon",27,26,22,0,9,0,1,17,0,0,27
"12285","Female","Other",2009,50,"Weapon",1,1,0,0,0,0,0,0,0,0,1
"12286","Unknown","Other",2009,50,"Weapon",1,1,1,0,0,0,0,0,0,0,1
"12287","Female","White",2009,50,"Weapon",1,1,0,0,1,0,0,1,0,0,1
"12288","Male","White",2009,50,"Weapon",3,3,2,0,1,0,0,1,0,0,3
"12289","Female","Black",2010,50,"Weapon",1,1,0,0,0,0,0,1,0,0,1
"12290","Male","Black",2010,50,"Weapon",1,1,0,0,0,0,0,0,0,0,1
"12291","Male","Hispanic",2010,50,"Weapon",12,12,6,0,2,0,2,4,0,0,12
"12292","Male","White",2010,50,"Weapon",2,2,1,0,0,0,0,2,0,0,2
"12293","Male","Asian",2006,52,"Weapon",1,1,0,0,1,0,0,0,0,0,1
"12294","Male","Black",2006,52,"Weapon",20,20,19,0,11,1,2,15,0,0,20
"12295","Female","Hispanic",2006,52,"Weapon",3,3,2,0,1,0,0,2,0,0,3
"12296","Male","Hispanic",2006,52,"Weapon",20,19,17,0,7,0,0,9,0,0,20
"12297","Male","Other",2006,52,"Weapon",1,1,1,0,1,0,0,0,0,0,1
"12298","Unknown","Other",2006,52,"Weapon",1,1,1,0,0,0,1,0,0,0,1
"12299","Male","White",2006,52,"Weapon",3,3,3,0,0,0,0,2,0,0,3
"12300","Female","Asian",2007,52,"Weapon",1,1,0,0,0,0,0,0,0,0,1
"12301","Female","Black",2007,52,"Weapon",2,2,1,0,1,0,0,2,0,0,2
"12302","Male","Black",2007,52,"Weapon",20,20,13,0,6,0,0,14,0,0,20
"12303","Male","Hispanic",2007,52,"Weapon",67,63,47,0,20,0,0,37,0,0,67
"12304","Male","Other",2007,52,"Weapon",2,2,0,0,0,0,0,2,0,0,2
"12305","Unknown","Other",2007,52,"Weapon",2,2,1,0,1,0,0,1,0,0,2
"12306","Male","White",2007,52,"Weapon",6,6,4,0,2,0,0,3,0,0,6
"12307","Male","Asian",2008,52,"Weapon",3,3,2,0,1,0,0,2,0,0,3
"12308","Female","Black",2008,52,"Weapon",5,5,4,0,1,0,0,1,0,0,5
"12309","Male","Black",2008,52,"Weapon",45,44,22,0,10,0,2,18,0,0,45
"12310","Unknown","Black",2008,52,"Weapon",1,1,1,0,0,0,0,1,0,0,1
"12311","Female","Hispanic",2008,52,"Weapon",2,1,1,0,1,0,0,1,0,0,2
"12312","Male","Hispanic",2008,52,"Weapon",71,71,40,0,15,0,0,34,0,0,71
"12313","Male","Other",2008,52,"Weapon",5,5,5,0,2,0,0,5,0,0,5
"12314","Unknown","Other",2008,52,"Weapon",3,3,2,0,0,0,0,1,0,0,3
"12315","Female","White",2008,52,"Weapon",2,2,2,0,0,0,0,1,0,0,2
"12316","Male","White",2008,52,"Weapon",4,4,2,0,2,0,0,0,0,0,4
"12317","Male","Asian",2009,52,"Weapon",1,1,1,0,0,0,0,1,0,0,1
"12318","Female","Black",2009,52,"Weapon",1,1,1,0,0,0,0,0,0,0,1
"12319","Male","Black",2009,52,"Weapon",39,38,22,0,15,0,0,16,0,0,39
"12320","Female","Hispanic",2009,52,"Weapon",2,2,2,0,0,0,0,0,0,0,2
"12321","Male","Hispanic",2009,52,"Weapon",62,62,41,0,14,0,0,21,0,0,62
"12322","Male","Other",2009,52,"Weapon",6,6,2,0,2,0,0,3,0,0,6
"12323","Unknown","Other",2009,52,"Weapon",1,1,0,0,0,0,0,0,0,0,1
"12324","Male","White",2009,52,"Weapon",4,4,1,0,0,0,0,0,0,0,4
"12325","Male","Asian",2010,52,"Weapon",2,2,0,0,0,0,0,0,0,0,2
"12326","Female","Black",2010,52,"Weapon",4,4,3,0,2,0,0,2,0,0,4
"12327","Male","Black",2010,52,"Weapon",30,30,21,0,11,0,1,13,0,0,30
"12328","Female","Hispanic",2010,52,"Weapon",3,3,2,0,1,0,0,0,0,0,3
"12329","Male","Hispanic",2010,52,"Weapon",62,60,45,0,29,0,0,24,0,0,62
"12330","Male","Other",2010,52,"Weapon",1,1,1,0,1,0,0,0,0,0,1
"12331","Male","White",2010,52,"Weapon",5,5,4,0,1,0,0,2,0,0,5
"12332","Male","Black",2005,60,"Weapon",6,6,5,0,4,0,0,4,0,0,6
"12333","Male","Hispanic",2005,60,"Weapon",3,1,1,0,2,0,0,2,0,0,3
"12334","Male","White",2005,60,"Weapon",1,1,1,0,1,0,0,1,0,0,1
"12335","Male","Black",2006,60,"Weapon",21,20,20,0,9,0,2,10,0,0,21
"12336","Female","Hispanic",2006,60,"Weapon",1,1,1,0,0,0,0,0,0,0,1
"12337","Male","Hispanic",2006,60,"Weapon",8,8,8,0,2,0,0,3,0,0,8
"12338","Unknown","Native",2006,60,"Weapon",1,1,1,0,0,0,0,0,0,0,1
"12339","Male","Other",2006,60,"Weapon",1,1,0,0,0,0,0,1,0,0,1
"12340","Male","White",2006,60,"Weapon",5,5,4,0,3,0,1,4,0,0,5
"12341","Male","Black",2007,60,"Weapon",13,12,11,0,5,0,0,6,0,0,13
"12342","Female","Hispanic",2007,60,"Weapon",1,1,1,0,0,0,0,1,0,0,1
"12343","Male","Hispanic",2007,60,"Weapon",12,11,9,0,9,0,3,5,0,0,12
"12344","Male","Other",2007,60,"Weapon",2,2,1,0,2,0,0,2,0,0,2
"12345","Female","White",2007,60,"Weapon",1,1,1,0,1,0,0,1,0,0,1
"12346","Male","White",2007,60,"Weapon",5,5,5,0,4,0,0,4,0,0,5
"12347","Female","Black",2008,60,"Weapon",3,3,2,0,0,0,0,0,0,0,3
"12348","Male","Black",2008,60,"Weapon",32,31,25,0,22,0,0,16,0,0,32
"12349","Female","Hispanic",2008,60,"Weapon",1,1,1,0,1,0,0,1,0,0,1
"12350","Male","Hispanic",2008,60,"Weapon",17,17,12,0,6,0,1,6,0,0,17
"12351","Male","Other",2008,60,"Weapon",1,1,1,0,1,0,0,0,0,0,1
"12352","Male","White",2008,60,"Weapon",9,9,8,0,2,0,0,5,0,0,9
"12353","Male","Asian",2009,60,"Weapon",1,1,1,0,0,0,0,1,0,0,1
"12354","Female","Black",2009,60,"Weapon",1,1,0,0,0,0,0,1,0,0,1
"12355","Male","Black",2009,60,"Weapon",40,40,34,0,15,0,3,26,0,0,40
"12356","Female","Hispanic",2009,60,"Weapon",1,1,0,0,0,0,0,0,0,0,1
"12357","Male","Hispanic",2009,60,"Weapon",22,22,17,0,14,0,1,14,0,0,22
"12358","Unknown","Other",2009,60,"Weapon",2,2,1,0,0,0,0,0,0,0,2
"12359","Male","White",2009,60,"Weapon",15,15,14,1,8,1,0,6,0,0,15
"12360","Male","Asian",2010,60,"Weapon",1,1,1,0,0,0,0,0,0,0,1
"12361","Female","Black",2010,60,"Weapon",2,2,2,0,1,0,0,2,0,0,2
"12362","Male","Black",2010,60,"Weapon",26,26,22,0,13,0,0,8,0,0,26
"12363","Male","Hispanic",2010,60,"Weapon",23,21,19,0,13,0,4,16,0,0,23
"12364","Female","White",2010,60,"Weapon",1,1,0,0,0,0,0,0,0,0,1
"12365","Male","White",2010,60,"Weapon",6,5,5,0,2,0,0,3,0,0,6
"12366","Male","Asian",2006,61,"Weapon",3,3,3,0,0,0,0,0,0,0,3
"12367","Female","Black",2006,61,"Weapon",2,2,1,0,0,0,0,1,0,0,2
"12368","Male","Black",2006,61,"Weapon",2,2,2,0,0,0,0,0,0,0,2
"12369","Male","Hispanic",2006,61,"Weapon",5,5,5,0,0,0,0,1,0,0,5
"12370","Male","White",2006,61,"Weapon",7,7,5,0,1,0,0,1,0,0,7
"12371","Male","Black",2007,61,"Weapon",4,4,4,0,1,0,0,0,0,0,4
"12372","Male","Hispanic",2007,61,"Weapon",6,6,5,0,0,0,0,2,0,0,6
"12373","Male","White",2007,61,"Weapon",9,9,8,0,3,0,1,4,0,0,9
"12374","Male","Black",2008,61,"Weapon",6,6,5,0,2,0,0,4,0,0,6
"12375","Female","Hispanic",2008,61,"Weapon",1,1,0,0,0,0,0,1,0,0,1
"12376","Male","Hispanic",2008,61,"Weapon",4,4,2,0,2,0,1,1,0,0,4
"12377","Female","White",2008,61,"Weapon",1,1,1,0,1,0,0,0,0,0,1
"12378","Male","White",2008,61,"Weapon",6,6,4,0,1,0,0,2,0,0,6
"12379","Male","Asian",2009,61,"Weapon",1,1,1,0,1,0,0,1,0,0,1
"12380","Female","Black",2009,61,"Weapon",3,0,2,0,2,0,0,1,0,0,3
"12381","Male","Black",2009,61,"Weapon",9,8,9,0,5,0,0,5,0,0,9
"12382","Male","Hispanic",2009,61,"Weapon",3,3,3,0,2,0,0,2,0,0,3
"12383","Female","White",2009,61,"Weapon",1,1,1,0,1,0,0,0,0,0,1
"12384","Male","White",2009,61,"Weapon",6,6,5,0,4,0,0,2,0,0,6
"12385","Male","Black",2010,61,"Weapon",9,9,8,0,3,0,0,5,0,0,9
"12386","Male","Hispanic",2010,61,"Weapon",3,3,2,0,1,0,0,0,0,0,3
"12387","Female","White",2010,61,"Weapon",1,1,1,0,0,0,0,1,0,0,1
"12388","Male","White",2010,61,"Weapon",10,8,8,0,1,1,0,3,0,0,10
"12389","Male","Black",2005,62,"Weapon",2,1,0,0,0,0,0,0,0,0,2
"12390","Male","White",2005,62,"Weapon",1,0,0,0,0,0,0,0,0,0,1
"12391","Male","Hispanic",2006,62,"Weapon",11,7,8,0,4,0,0,5,0,0,11
"12392","Male","White",2006,62,"Weapon",8,8,8,0,3,0,1,2,0,0,8
"12393","Male","Black",2007,62,"Weapon",1,0,0,0,0,0,0,0,0,0,1
"12394","Male","Hispanic",2007,62,"Weapon",8,5,5,0,2,0,0,2,0,0,8
"12395","Male","White",2007,62,"Weapon",19,18,16,0,3,0,2,3,0,0,19
"12396","Male","Black",2008,62,"Weapon",3,3,2,0,0,0,0,0,0,0,3
"12397","Male","Hispanic",2008,62,"Weapon",10,10,9,0,1,0,0,3,0,0,10
"12398","Male","Other",2008,62,"Weapon",1,1,1,0,0,0,0,0,0,0,1
"12399","Female","White",2008,62,"Weapon",1,1,1,0,0,0,0,0,0,0,1
"12400","Male","White",2008,62,"Weapon",10,10,7,0,2,0,0,3,0,0,10
"12401","Male","Asian",2009,62,"Weapon",1,1,0,0,0,0,0,0,0,0,1
"12402","Male","Black",2009,62,"Weapon",2,2,1,0,1,0,0,1,0,0,2
"12403","Male","Hispanic",2009,62,"Weapon",18,17,15,0,3,0,0,9,0,0,18
"12404","Male","White",2009,62,"Weapon",15,14,12,0,3,0,0,2,0,0,15
"12405","Male","Asian",2010,62,"Weapon",1,1,1,0,0,0,0,1,0,0,1
"12406","Male","Hispanic",2010,62,"Weapon",1,1,0,0,0,0,0,0,0,0,1
"12407","Male","Native",2010,62,"Weapon",2,2,2,0,1,0,0,1,0,0,2
"12408","Male","White",2010,62,"Weapon",2,2,2,0,2,0,0,1,0,0,2
"12409","Male","Black",2005,63,"Weapon",6,6,2,0,1,0,0,3,0,0,6
"12410","Male","White",2005,63,"Weapon",1,0,0,0,1,0,0,0,0,0,1
"12411","Male","Black",2006,63,"Weapon",14,14,10,0,4,1,0,8,0,0,14
"12412","Male","White",2006,63,"Weapon",1,1,1,0,1,0,0,1,0,0,1
"12413","Female","Black",2007,63,"Weapon",1,1,1,0,1,0,0,0,0,0,1
"12414","Male","Black",2007,63,"Weapon",6,6,4,0,2,0,2,2,0,0,6
"12415","Male","Hispanic",2007,63,"Weapon",1,1,1,0,1,0,0,1,0,0,1
"12416","Unknown","Other",2007,63,"Weapon",1,1,1,0,0,0,0,0,0,0,1
"12417","Female","Black",2008,63,"Weapon",1,0,0,0,0,0,0,0,0,0,1
"12418","Male","Black",2008,63,"Weapon",17,17,13,0,7,0,1,7,0,0,17
"12419","Male","Hispanic",2008,63,"Weapon",1,1,1,0,1,0,0,1,0,0,1
"12420","Male","Black",2009,63,"Weapon",25,25,17,0,8,0,0,12,0,0,25
"12421","Male","Hispanic",2009,63,"Weapon",2,2,2,0,1,0,0,1,0,0,2
"12422","Unknown","Other",2009,63,"Weapon",1,1,1,0,0,0,0,0,0,0,1
"12423","Male","Black",2010,63,"Weapon",11,10,9,0,5,0,1,4,0,0,11
"12424","Male","Hispanic",2010,63,"Weapon",1,0,1,0,0,0,0,0,0,0,1
"12425","Unknown","Other",2010,63,"Weapon",1,1,1,0,1,0,0,1,0,0,1
"12426","Male","Hispanic",2005,66,"Weapon",1,0,1,0,0,0,0,1,0,0,1
"12427","Unknown","Other",2005,66,"Weapon",1,0,0,0,0,0,0,0,0,0,1
"12428","Male","White",2005,66,"Weapon",2,2,2,0,2,0,0,2,0,0,2
"12429","Male","Hispanic",2006,66,"Weapon",3,3,1,0,0,0,0,3,0,0,3
"12430","Male","Other",2006,66,"Weapon",1,1,1,0,0,0,0,0,0,0,1
"12431","Male","White",2006,66,"Weapon",4,4,1,0,1,0,0,1,0,0,4
"12432","Male","Asian",2007,66,"Weapon",1,1,1,0,0,0,0,0,0,0,1
"12433","Male","Black",2007,66,"Weapon",2,2,1,0,1,0,0,2,0,0,2
"12434","Male","Hispanic",2007,66,"Weapon",10,10,5,0,5,0,0,7,0,0,10
"12435","Male","White",2007,66,"Weapon",4,3,3,0,2,0,0,4,0,0,4
"12436","Male","Asian",2008,66,"Weapon",4,4,4,0,0,0,0,2,0,0,4
"12437","Male","Black",2008,66,"Weapon",5,4,2,0,2,0,0,2,0,0,5
"12438","Female","Hispanic",2008,66,"Weapon",3,3,0,0,0,0,0,0,0,0,3
"12439","Male","Hispanic",2008,66,"Weapon",21,20,19,0,8,0,3,7,0,0,21
"12440","Male","Native",2008,66,"Weapon",2,1,1,0,0,0,0,0,0,0,2
"12441","Male","Other",2008,66,"Weapon",1,1,1,0,1,0,0,1,0,0,1
"12442","Unknown","Other",2008,66,"Weapon",1,1,1,0,0,0,0,0,0,0,1
"12443","Male","White",2008,66,"Weapon",3,2,3,0,1,0,0,1,0,0,3
"12444","Male","Asian",2009,66,"Weapon",3,2,3,0,2,0,0,1,0,0,3
"12445","Male","Black",2009,66,"Weapon",4,4,3,0,2,0,0,4,0,0,4
"12446","Male","Hispanic",2009,66,"Weapon",8,8,6,0,3,0,0,2,0,0,8
"12447","Female","Native",2009,66,"Weapon",1,1,1,0,0,0,0,1,0,0,1
"12448","Male","Native",2009,66,"Weapon",1,1,1,0,0,0,0,1,0,0,1
"12449","Female","White",2009,66,"Weapon",1,0,1,0,0,0,0,0,0,0,1
"12450","Male","White",2009,66,"Weapon",7,6,5,0,1,0,0,1,0,0,7
"12451","Female","Asian",2010,66,"Weapon",1,1,0,0,1,0,0,1,0,0,1
"12452","Male","Asian",2010,66,"Weapon",2,2,1,0,1,0,0,1,0,0,2
"12453","Male","Black",2010,66,"Weapon",1,1,1,0,0,0,0,0,0,0,1
"12454","Male","Hispanic",2010,66,"Weapon",4,4,3,0,2,0,0,2,0,0,4
"12455","Male","Black",2006,67,"Weapon",50,46,19,0,16,1,1,20,0,0,50
"12456","Male","White",2006,67,"Weapon",1,1,0,0,0,0,0,0,0,0,1
"12457","Female","Black",2007,67,"Weapon",2,2,2,0,1,0,0,2,0,0,2
"12458","Male","Black",2007,67,"Weapon",113,105,68,1,41,3,9,49,0,0,113
"12459","Male","Hispanic",2007,67,"Weapon",2,2,1,0,0,0,0,0,0,0,2
"12460","Male","Asian",2008,67,"Weapon",1,0,0,0,0,0,0,0,0,0,1
"12461","Female","Black",2008,67,"Weapon",4,4,3,0,1,0,0,1,0,0,4
"12462","Male","Black",2008,67,"Weapon",108,101,85,0,40,0,10,52,0,0,108
"12463","Male","Hispanic",2008,67,"Weapon",3,3,3,0,1,0,0,3,0,0,3
"12464","Male","Asian",2009,67,"Weapon",1,1,1,0,0,0,0,0,0,0,1
"12465","Female","Black",2009,67,"Weapon",9,6,4,0,4,0,0,1,0,0,9
"12466","Male","Black",2009,67,"Weapon",135,127,102,0,68,0,2,56,0,0,135
"12467","Male","Hispanic",2009,67,"Weapon",5,5,4,0,1,0,1,1,0,0,5
"12468","Unknown","Other",2009,67,"Weapon",2,2,2,0,1,0,0,0,0,0,2
"12469","Female","Black",2010,67,"Weapon",3,3,1,0,1,0,0,1,0,0,3
"12470","Male","Black",2010,67,"Weapon",91,89,75,0,47,0,4,44,0,0,91
"12471","Male","Hispanic",2010,67,"Weapon",8,8,8,0,2,0,1,3,0,0,8
"12472","Male","Black",2005,68,"Weapon",3,3,2,0,1,0,0,1,0,0,3
"12473","Male","Hispanic",2005,68,"Weapon",4,4,4,0,2,0,0,2,0,0,4
"12474","Male","White",2005,68,"Weapon",6,6,5,0,2,0,0,5,0,0,6
"12475","Male","Asian",2006,68,"Weapon",1,1,1,0,0,0,0,0,0,0,1
"12476","Male","Hispanic",2006,68,"Weapon",2,2,2,0,0,0,0,0,0,0,2
"12477","Male","White",2006,68,"Weapon",4,4,4,0,2,0,0,2,0,0,4
"12478","Male","Asian",2007,68,"Weapon",2,2,2,0,2,0,0,0,0,0,2
"12479","Male","Hispanic",2007,68,"Weapon",2,2,1,0,2,0,0,1,0,0,2
"12480","Male","White",2007,68,"Weapon",9,9,7,0,6,0,0,2,0,0,9
"12481","Male","Hispanic",2008,68,"Weapon",5,5,4,0,2,0,0,1,0,0,5
"12482","Male","White",2008,68,"Weapon",5,5,4,0,0,0,0,3,0,0,5
"12483","Male","Hispanic",2009,68,"Weapon",16,16,15,0,7,0,0,9,0,0,16
"12484","Female","White",2009,68,"Weapon",1,1,0,0,0,0,0,0,0,0,1
"12485","Male","White",2009,68,"Weapon",16,16,11,0,2,0,1,4,0,0,16
"12486","Male","Hispanic",2010,68,"Weapon",1,1,1,0,0,0,0,0,0,0,1
"12487","Male","White",2010,68,"Weapon",5,4,5,0,3,0,1,3,0,0,5
"12488","Female","Black",2006,69,"Weapon",2,2,0,0,0,0,0,2,0,0,2
"12489","Male","Black",2006,69,"Weapon",32,32,27,0,7,0,0,21,0,0,32
"12490","Female","Hispanic",2006,69,"Weapon",2,2,0,0,0,0,0,2,0,0,2
"12491","Male","Hispanic",2006,69,"Weapon",4,3,3,0,1,0,1,3,0,0,4
"12492","Male","Other",2006,69,"Weapon",1,1,1,0,0,0,0,1,0,0,1
"12493","Unknown","Other",2006,69,"Weapon",2,2,2,0,0,0,0,2,0,0,2
"12494","Female","Black",2007,69,"Weapon",1,1,0,0,0,0,0,0,0,0,1
"12495","Male","Black",2007,69,"Weapon",47,46,27,0,18,0,4,37,0,0,47
"12496","Male","Hispanic",2007,69,"Weapon",2,2,2,0,0,0,0,1,0,0,2
"12497","Male","White",2007,69,"Weapon",1,1,0,0,0,0,0,1,0,0,1
"12498","Female","Black",2008,69,"Weapon",1,1,0,0,0,0,0,1,0,0,1
"12499","Male","Black",2008,69,"Weapon",49,46,23,0,23,0,0,37,0,0,49
"12500","Male","Hispanic",2008,69,"Weapon",5,5,4,0,3,0,1,3,0,0,5
"12501","Male","Other",2008,69,"Weapon",2,2,0,0,1,0,0,2,0,0,2
"12502","Male","White",2008,69,"Weapon",1,1,1,0,1,0,1,1,0,0,1
"12503","Male","Asian",2009,69,"Weapon",1,1,1,0,1,0,0,1,0,0,1
"12504","Male","Black",2009,69,"Weapon",78,77,46,0,37,0,7,65,0,0,78
"12505","Unknown","Black",2009,69,"Weapon",1,1,1,0,0,0,0,0,0,0,1
"12506","Female","Hispanic",2009,69,"Weapon",2,1,2,0,0,0,0,0,0,0,2
"12507","Male","Hispanic",2009,69,"Weapon",6,6,5,0,5,0,0,6,0,0,6
"12508","Female","Black",2010,69,"Weapon",1,1,0,0,0,0,0,1,0,0,1
"12509","Male","Black",2010,69,"Weapon",43,43,23,0,22,0,1,36,0,0,43
"12510","Male","Hispanic",2010,69,"Weapon",4,4,1,0,2,0,0,4,0,0,4
"12511","Male","Other",2010,69,"Weapon",1,1,0,0,1,0,0,1,0,0,1
"12512","Male","White",2010,69,"Weapon",1,1,1,0,1,0,0,1,0,0,1
"12513","Male","Asian",2006,70,"Weapon",2,2,2,0,1,0,0,1,0,0,2
"12514","Male","Black",2006,70,"Weapon",41,40,34,0,20,0,2,27,0,0,41
"12515","Female","Hispanic",2006,70,"Weapon",1,1,1,0,0,0,0,1,0,0,1
"12516","Male","Hispanic",2006,70,"Weapon",9,9,7,0,4,0,0,4,0,0,9
"12517","Male","White",2006,70,"Weapon",2,1,1,0,0,0,0,0,0,0,2
"12518","Male","Asian",2007,70,"Weapon",4,4,4,0,0,0,0,4,0,0,4
"12519","Female","Black",2007,70,"Weapon",4,4,3,0,0,0,0,3,0,0,4
"12520","Male","Black",2007,70,"Weapon",52,51,35,0,19,0,5,36,0,0,52
"12521","Female","Hispanic",2007,70,"Weapon",1,1,1,0,1,0,0,0,0,0,1
"12522","Male","Hispanic",2007,70,"Weapon",18,17,10,0,10,0,0,11,0,0,18
"12523","Male","Other",2007,70,"Weapon",1,1,0,0,1,0,0,1,0,0,1
"12524","Male","White",2007,70,"Weapon",7,7,5,0,4,0,0,2,0,0,7
"12525","Male","Asian",2008,70,"Weapon",5,5,3,0,2,0,1,4,0,0,5
"12526","Male","Black",2008,70,"Weapon",61,60,32,0,20,0,2,42,0,0,61
"12527","Male","Hispanic",2008,70,"Weapon",32,32,21,0,15,0,0,24,0,0,32
"12528","Male","White",2008,70,"Weapon",1,1,1,0,0,0,0,1,0,0,1
"12529","Male","Asian",2009,70,"Weapon",6,6,6,0,1,0,0,5,0,0,6
"12530","Female","Black",2009,70,"Weapon",3,3,1,0,1,0,0,3,0,0,3
"12531","Male","Black",2009,70,"Weapon",55,54,36,1,22,1,1,39,0,0,55
"12532","Male","Hispanic",2009,70,"Weapon",17,17,15,0,7,0,0,14,0,0,17
"12533","Male","Other",2009,70,"Weapon",2,2,2,0,1,0,0,0,0,0,2
"12534","Male","White",2009,70,"Weapon",1,1,1,0,0,0,0,1,0,0,1
"12535","Male","Asian",2010,70,"Weapon",2,2,0,0,0,0,0,1,0,0,2
"12536","Female","Black",2010,70,"Weapon",3,2,0,0,0,0,0,1,0,0,3
"12537","Male","Black",2010,70,"Weapon",40,40,26,0,14,0,2,27,0,0,40
"12538","Unknown","Black",2010,70,"Weapon",1,1,1,0,0,0,0,0,0,0,1
"12539","Male","Hispanic",2010,70,"Weapon",6,6,5,0,2,0,0,4,0,0,6
"12540","Male","Other",2010,70,"Weapon",1,1,1,0,0,0,0,1,0,0,1
"12541","Unknown","Other",2010,70,"Weapon",1,1,0,0,0,0,0,1,0,0,1
"12542","Male","White",2010,70,"Weapon",1,1,1,0,1,0,0,1,0,0,1
"12543","Female","Black",2006,71,"Weapon",1,1,1,0,0,0,0,0,0,0,1
"12544","Male","Black",2006,71,"Weapon",14,12,10,0,7,0,2,6,0,0,14
"12545","Male","Hispanic",2006,71,"Weapon",2,2,2,0,0,0,1,0,0,0,2
"12546","Unknown","Other",2006,71,"Weapon",1,1,0,0,0,0,0,0,0,0,1
"12547","Female","Black",2007,71,"Weapon",2,2,1,0,0,0,0,0,0,0,2
"12548","Male","Black",2007,71,"Weapon",60,56,38,0,23,1,7,35,0,0,60
"12549","Male","Hispanic",2007,71,"Weapon",4,4,2,0,0,0,0,0,0,0,4
"12550","Unknown","Other",2007,71,"Weapon",1,1,0,0,0,0,0,1,0,0,1
"12551","Female","Black",2008,71,"Weapon",1,1,1,0,1,0,0,0,0,0,1
"12552","Male","Black",2008,71,"Weapon",52,45,34,0,9,0,1,14,0,0,52
"12553","Male","Hispanic",2008,71,"Weapon",4,4,3,0,1,0,0,1,0,0,4
"12554","Male","White",2008,71,"Weapon",1,1,1,0,1,0,0,1,0,0,1
"12555","Female","Black",2009,71,"Weapon",2,2,0,0,0,0,0,1,0,0,2
"12556","Male","Black",2009,71,"Weapon",73,70,46,0,23,0,3,24,0,0,73
"12557","Male","Hispanic",2009,71,"Weapon",4,4,2,0,1,0,0,1,0,0,4
"12558","Unknown","Other",2009,71,"Weapon",2,2,2,0,1,0,0,1,0,0,2
"12559","Male","Asian",2010,71,"Weapon",2,2,2,0,0,0,0,0,0,0,2
"12560","Female","Black",2010,71,"Weapon",3,3,1,0,1,0,0,3,0,0,3
"12561","Male","Black",2010,71,"Weapon",47,46,30,0,8,0,2,15,0,0,47
"12562","Unknown","Black",2010,71,"Weapon",1,1,1,0,1,0,0,1,0,0,1
"12563","Male","Hispanic",2010,71,"Weapon",1,1,1,0,1,0,0,1,0,0,1
"12564","Male","Black",2006,72,"Weapon",1,1,1,0,0,0,0,0,0,0,1
"12565","Male","Hispanic",2006,72,"Weapon",10,8,7,0,5,0,1,6,0,0,10
"12566","Male","Other",2006,72,"Weapon",1,1,0,0,0,0,0,0,0,0,1
"12567","Unknown","Other",2006,72,"Weapon",1,1,0,0,0,0,1,0,0,0,1
"12568","Male","Black",2007,72,"Weapon",3,3,1,0,1,0,0,1,0,0,3
"12569","Male","Hispanic",2007,72,"Weapon",19,17,15,0,8,0,0,9,0,0,19
"12570","Male","White",2007,72,"Weapon",2,2,2,0,2,0,0,1,0,0,2
"12571","Male","Asian",2008,72,"Weapon",3,3,3,0,2,0,0,2,0,0,3
"12572","Female","Black",2008,72,"Weapon",1,1,1,0,1,0,0,0,0,0,1
"12573","Male","Black",2008,72,"Weapon",4,4,4,0,3,0,0,3,0,0,4
"12574","Male","Hispanic",2008,72,"Weapon",28,28,25,0,14,0,5,20,0,0,28
"12575","Male","Other",2008,72,"Weapon",1,1,1,0,0,0,1,1,0,0,1
"12576","Unknown","Other",2008,72,"Weapon",1,1,1,0,0,0,0,0,0,0,1
"12577","Male","White",2008,72,"Weapon",3,2,2,0,2,0,2,3,0,0,3
"12578","Female","Black",2009,72,"Weapon",1,1,1,0,0,0,0,1,0,0,1
"12579","Male","Black",2009,72,"Weapon",6,6,6,1,5,0,0,5,0,0,6
"12580","Female","Hispanic",2009,72,"Weapon",1,1,1,0,0,0,0,1,0,0,1
"12581","Male","Hispanic",2009,72,"Weapon",76,74,67,0,48,0,2,52,0,0,76
"12582","Male","Other",2009,72,"Weapon",1,1,1,0,1,0,0,1,0,0,1
"12583","Male","White",2009,72,"Weapon",2,2,2,0,2,0,0,0,0,0,2
"12584","Male","Black",2010,72,"Weapon",4,3,2,0,0,0,0,2,0,0,4
"12585","Female","Hispanic",2010,72,"Weapon",1,1,1,0,0,0,0,0,0,0,1
"12586","Male","Hispanic",2010,72,"Weapon",43,43,31,0,24,0,2,33,0,0,43
"12587","Male","Other",2010,72,"Weapon",1,1,1,0,1,0,0,0,0,0,1
"12588","Male","White",2010,72,"Weapon",3,3,2,0,1,0,0,3,0,0,3
"12589","Female","Black",2005,73,"Weapon",1,1,0,0,0,0,0,0,0,0,1
"12590","Male","Black",2005,73,"Weapon",55,49,38,0,16,1,3,25,0,0,55
"12591","Unknown","Black",2005,73,"Weapon",2,2,1,0,1,0,0,1,0,0,2
"12592","Male","Hispanic",2005,73,"Weapon",6,6,4,0,1,0,0,0,0,0,6
"12593","Male","Other",2005,73,"Weapon",3,3,1,0,0,0,0,0,0,0,3
"12594","Male","White",2005,73,"Weapon",1,1,0,0,0,0,0,0,0,0,1
"12595","Female","Black",2006,73,"Weapon",4,3,3,0,2,0,0,1,0,0,4
"12596","Male","Black",2006,73,"Weapon",76,74,48,1,25,0,3,36,0,0,76
"12597","Unknown","Black",2006,73,"Weapon",1,1,1,0,1,0,0,1,0,0,1
"12598","Male","Hispanic",2006,73,"Weapon",8,7,7,0,5,0,0,4,0,0,8
"12599","Unknown","Hispanic",2006,73,"Weapon",1,1,0,0,0,0,0,0,0,0,1
"12600","Male","Other",2006,73,"Weapon",1,0,0,0,0,0,0,0,0,0,1
"12601","Unknown","Other",2006,73,"Weapon",1,1,1,0,1,0,0,1,0,0,1
"12602","Male","White",2006,73,"Weapon",1,1,1,0,1,0,0,1,0,0,1
"12603","Female","Black",2007,73,"Weapon",7,7,7,0,3,0,0,1,0,0,7
"12604","Male","Black",2007,73,"Weapon",129,120,97,0,49,0,4,59,0,0,129
"12605","Male","Hispanic",2007,73,"Weapon",20,20,20,0,11,0,0,12,0,0,20
"12606","Male","Other",2007,73,"Weapon",2,2,2,0,0,0,0,1,0,0,2
"12607","Unknown","Other",2007,73,"Weapon",1,1,1,0,0,0,0,0,0,0,1
"12608","Male","White",2007,73,"Weapon",4,4,3,0,1,0,0,2,0,0,4
"12609","Male","Asian",2008,73,"Weapon",1,1,1,0,1,0,0,1,0,0,1
"12610","Female","Black",2008,73,"Weapon",11,10,8,0,5,0,0,3,0,0,11
"12611","Male","Black",2008,73,"Weapon",168,160,125,0,68,1,12,79,0,0,168
"12612","Unknown","Black",2008,73,"Weapon",1,1,1,0,0,0,0,1,0,0,1
"12613","Female","Hispanic",2008,73,"Weapon",1,1,0,0,0,0,0,0,0,0,1
"12614","Male","Hispanic",2008,73,"Weapon",33,33,29,0,8,0,0,20,0,0,33
"12615","Unknown","Hispanic",2008,73,"Weapon",1,1,1,0,1,0,0,1,0,0,1
"12616","Male","Other",2008,73,"Weapon",2,2,1,0,0,0,0,0,0,0,2
"12617","Unknown","Other",2008,73,"Weapon",4,4,3,0,1,0,0,3,0,0,4
"12618","Female","White",2008,73,"Weapon",2,2,2,0,1,0,0,0,0,0,2
"12619","Male","White",2008,73,"Weapon",4,4,4,0,0,0,0,2,0,0,4
"12620","Female","Asian",2009,73,"Weapon",1,1,1,0,0,0,0,0,0,0,1
"12621","Male","Asian",2009,73,"Weapon",1,1,1,0,0,0,0,1,0,0,1
"12622","Female","Black",2009,73,"Weapon",7,7,5,0,3,0,0,3,0,0,7
"12623","Male","Black",2009,73,"Weapon",144,135,105,1,51,1,2,55,0,0,144
"12624","Female","Hispanic",2009,73,"Weapon",4,4,4,0,1,0,0,3,0,0,4
"12625","Male","Hispanic",2009,73,"Weapon",43,43,35,0,21,0,0,22,0,0,43
"12626","Unknown","Hispanic",2009,73,"Weapon",1,1,0,0,0,0,0,1,0,0,1
"12627","Female","Other",2009,73,"Weapon",2,2,0,0,0,0,0,2,0,0,2
"12628","Male","Other",2009,73,"Weapon",4,3,2,0,0,0,0,3,0,0,4
"12629","Unknown","Other",2009,73,"Weapon",4,4,2,0,0,0,0,2,0,0,4
"12630","Male","White",2009,73,"Weapon",7,7,6,0,3,0,0,3,0,0,7
"12631","Male","Asian",2010,73,"Weapon",1,1,1,0,0,0,0,1,0,0,1
"12632","Female","Black",2010,73,"Weapon",1,1,1,0,0,0,0,1,0,0,1
"12633","Male","Black",2010,73,"Weapon",82,81,60,0,34,0,0,38,0,0,82
"12634","Male","Hispanic",2010,73,"Weapon",19,19,16,0,3,0,0,7,0,0,19
"12635","Male","Other",2010,73,"Weapon",1,1,1,0,0,0,0,1,0,0,1
"12636","Unknown","Other",2010,73,"Weapon",2,2,2,0,1,0,0,0,0,0,2
"12637","Male","White",2010,73,"Weapon",2,2,2,0,2,0,0,2,0,0,2
"12638","Female","Black",2005,75,"Weapon",1,1,1,0,1,0,0,1,0,0,1
"12639","Male","Black",2005,75,"Weapon",6,6,6,0,4,0,2,4,0,0,6
"12640","Male","Asian",2006,75,"Weapon",1,1,1,0,0,0,0,0,0,0,1
"12641","Female","Black",2006,75,"Weapon",5,2,1,0,1,0,0,0,0,0,5
"12642","Male","Black",2006,75,"Weapon",59,53,38,0,14,0,3,9,0,0,59
"12643","Male","Hispanic",2006,75,"Weapon",13,12,11,0,2,0,0,4,0,0,13
"12644","Male","Other",2006,75,"Weapon",2,2,2,0,1,0,0,0,0,0,2
"12645","Unknown","Other",2006,75,"Weapon",1,1,1,0,1,0,0,1,0,0,1
"12646","Male","White",2006,75,"Weapon",1,1,1,0,0,0,0,0,0,0,1
"12647","Male","Asian",2007,75,"Weapon",2,2,2,0,0,0,0,1,0,0,2
"12648","Female","Black",2007,75,"Weapon",8,6,6,0,1,0,0,1,0,0,8
"12649","Male","Black",2007,75,"Weapon",101,98,78,0,24,0,0,26,0,0,101
"12650","Unknown","Black",2007,75,"Weapon",1,1,1,0,1,0,0,1,0,0,1
"12651","Male","Hispanic",2007,75,"Weapon",37,32,20,0,13,0,0,12,0,0,37
"12652","Unknown","Hispanic",2007,75,"Weapon",1,1,1,0,1,0,0,0,0,0,1
"12653","Male","Other",2007,75,"Weapon",3,3,3,0,0,0,0,2,0,0,3
"12654","Unknown","Other",2007,75,"Weapon",2,2,2,0,1,0,0,2,0,0,2
"12655","Female","White",2007,75,"Weapon",1,1,1,0,0,0,0,0,0,0,1
"12656","Male","White",2007,75,"Weapon",3,3,2,0,1,0,0,0,0,0,3
"12657","Male","Asian",2008,75,"Weapon",1,1,0,0,1,0,0,1,0,0,1
"12658","Female","Black",2008,75,"Weapon",10,9,7,0,4,0,0,4,0,0,10
"12659","Male","Black",2008,75,"Weapon",120,114,89,1,54,0,6,48,0,0,120
"12660","Female","Hispanic",2008,75,"Weapon",2,2,1,0,0,0,0,1,0,0,2
"12661","Male","Hispanic",2008,75,"Weapon",51,49,42,0,17,0,0,19,0,0,51
"12662","Male","Other",2008,75,"Weapon",4,4,2,0,2,0,0,2,0,0,4
"12663","Unknown","Other",2008,75,"Weapon",1,1,1,0,0,0,0,0,0,0,1
"12664","Male","White",2008,75,"Weapon",2,2,0,0,1,0,0,2,0,0,2
"12665","Male","Asian",2009,75,"Weapon",1,0,1,0,0,0,0,0,0,0,1
"12666","Female","Black",2009,75,"Weapon",7,7,4,0,0,0,0,0,0,0,7
"12667","Male","Black",2009,75,"Weapon",131,121,87,3,44,1,3,45,0,0,131
"12668","Unknown","Black",2009,75,"Weapon",3,3,2,0,1,0,0,1,0,0,3
"12669","Female","Hispanic",2009,75,"Weapon",3,3,2,0,3,0,2,3,0,0,3
"12670","Male","Hispanic",2009,75,"Weapon",47,44,36,0,15,0,1,16,0,0,47
"12671","Male","Native",2009,75,"Weapon",1,1,1,0,1,0,0,1,0,0,1
"12672","Male","Other",2009,75,"Weapon",6,6,4,0,3,0,0,2,0,0,6
"12673","Unknown","Other",2009,75,"Weapon",1,1,0,0,0,0,0,0,0,0,1
"12674","Male","Asian",2010,75,"Weapon",5,5,2,0,1,0,0,4,0,0,5
"12675","Female","Black",2010,75,"Weapon",2,2,2,0,0,0,1,2,0,0,2
"12676","Male","Black",2010,75,"Weapon",79,77,63,0,32,0,1,30,0,0,79
"12677","Female","Hispanic",2010,75,"Weapon",1,1,1,0,0,0,0,0,0,0,1
"12678","Male","Hispanic",2010,75,"Weapon",35,32,31,0,16,0,2,13,0,0,35
"12679","Unknown","Hispanic",2010,75,"Weapon",1,1,0,0,1,0,0,0,0,0,1
"12680","Male","Native",2010,75,"Weapon",1,1,1,0,0,0,0,1,0,0,1
"12681","Male","Other",2010,75,"Weapon",5,5,4,0,1,0,0,2,0,0,5
"12682","Unknown","Other",2010,75,"Weapon",2,2,1,0,1,0,0,0,0,0,2
"12683","Male","White",2010,75,"Weapon",1,1,1,0,0,0,0,0,0,0,1
"12684","Male","Black",2005,76,"Weapon",6,5,3,0,1,0,0,4,0,0,6
"12685","Male","Hispanic",2005,76,"Weapon",1,0,0,0,0,0,0,0,0,0,1
"12686","Male","White",2005,76,"Weapon",1,1,0,0,0,0,0,1,0,0,1
"12687","Male","Black",2006,76,"Weapon",7,6,6,0,4,0,3,4,0,0,7
"12688","Male","Hispanic",2006,76,"Weapon",12,12,10,1,4,0,1,5,0,0,12
"12689","Male","White",2006,76,"Weapon",4,4,4,0,2,0,0,1,0,0,4
"12690","Female","Black",2007,76,"Weapon",1,1,1,0,0,0,0,1,0,0,1
"12691","Male","Black",2007,76,"Weapon",9,9,7,0,6,0,0,9,0,0,9
"12692","Female","Hispanic",2007,76,"Weapon",1,1,1,0,0,0,0,1,0,0,1
"12693","Male","Hispanic",2007,76,"Weapon",23,22,20,0,14,0,2,15,0,0,23
"12694","Male","Other",2007,76,"Weapon",1,1,1,0,0,0,0,1,0,0,1
"12695","Male","White",2007,76,"Weapon",4,4,4,0,0,0,0,3,0,0,4
"12696","Female","Black",2008,76,"Weapon",1,1,1,0,1,0,1,1,0,0,1
"12697","Male","Black",2008,76,"Weapon",14,12,14,0,7,0,2,11,0,0,14
"12698","Male","Hispanic",2008,76,"Weapon",17,16,17,0,11,0,1,7,0,0,17
"12699","Female","White",2008,76,"Weapon",1,1,1,0,1,0,0,1,0,0,1
"12700","Male","White",2008,76,"Weapon",2,2,2,1,1,1,0,2,0,0,2
"12701","Male","Black",2009,76,"Weapon",22,22,19,0,9,0,0,16,0,0,22
"12702","Male","Hispanic",2009,76,"Weapon",18,17,17,0,10,0,0,15,0,0,18
"12703","Unknown","Other",2009,76,"Weapon",1,1,1,0,0,0,0,1,0,0,1
"12704","Female","White",2009,76,"Weapon",2,2,2,0,1,0,0,2,0,0,2
"12705","Male","White",2009,76,"Weapon",7,7,7,0,5,0,0,7,0,0,7
"12706","Male","Black",2010,76,"Weapon",8,8,7,0,4,0,1,6,0,0,8
"12707","Male","Hispanic",2010,76,"Weapon",5,5,5,0,2,0,0,1,0,0,5
"12708","Male","White",2010,76,"Weapon",5,5,2,0,1,0,0,4,0,0,5
"12709","Female","Black",2005,77,"Weapon",1,1,0,0,0,0,0,1,0,0,1
"12710","Male","Black",2005,77,"Weapon",37,35,27,0,13,1,1,12,0,0,37
"12711","Female","Hispanic",2005,77,"Weapon",1,1,1,0,0,0,0,0,0,0,1
"12712","Male","Hispanic",2005,77,"Weapon",1,1,1,0,1,0,0,0,0,0,1
"12713","Unknown","Other",2005,77,"Weapon",2,2,2,0,1,0,0,2,0,0,2
"12714","Male","White",2005,77,"Weapon",1,1,1,0,0,0,0,0,0,0,1
"12715","Male","Black",2006,77,"Weapon",21,20,15,0,10,0,0,12,0,0,21
"12716","Male","Hispanic",2006,77,"Weapon",3,3,3,0,2,0,0,2,0,0,3
"12717","Unknown","Other",2006,77,"Weapon",1,1,1,0,0,0,0,0,0,0,1
"12718","Female","Black",2007,77,"Weapon",3,3,3,0,2,0,0,0,0,0,3
"12719","Male","Black",2007,77,"Weapon",51,50,39,0,22,0,3,26,0,0,51
"12720","Female","Hispanic",2007,77,"Weapon",2,1,1,0,0,0,0,0,0,0,2
"12721","Male","Hispanic",2007,77,"Weapon",5,5,3,0,2,0,0,2,0,0,5
"12722","Unknown","Other",2007,77,"Weapon",1,1,1,0,1,0,0,1,0,0,1
"12723","Male","White",2007,77,"Weapon",2,2,2,0,1,0,0,0,0,0,2
"12724","Male","Asian",2008,77,"Weapon",1,1,1,0,0,0,0,1,0,0,1
"12725","Female","Black",2008,77,"Weapon",4,4,1,0,2,0,0,4,0,0,4
"12726","Male","Black",2008,77,"Weapon",91,86,75,0,37,1,3,35,0,0,91
"12727","Male","Hispanic",2008,77,"Weapon",6,6,5,0,1,0,0,4,0,0,6
"12728","Male","Native",2008,77,"Weapon",1,1,1,0,1,0,0,1,0,0,1
"12729","Male","Other",2008,77,"Weapon",2,2,1,0,0,0,0,1,0,0,2
"12730","Male","White",2008,77,"Weapon",2,2,2,0,1,0,0,2,0,0,2
"12731","Male","Asian",2009,77,"Weapon",2,2,1,0,0,0,0,0,0,0,2
"12732","Female","Black",2009,77,"Weapon",11,11,5,0,2,0,0,2,0,0,11
"12733","Male","Black",2009,77,"Weapon",109,95,72,0,30,0,11,39,0,0,109
"12734","Male","Hispanic",2009,77,"Weapon",4,4,3,0,0,0,0,2,0,0,4
"12735","Male","Other",2009,77,"Weapon",2,2,1,0,1,0,0,1,0,0,2
"12736","Male","White",2009,77,"Weapon",2,2,2,0,1,0,0,2,0,0,2
"12737","Female","Black",2010,77,"Weapon",1,1,1,0,0,0,0,0,0,0,1
"12738","Male","Black",2010,77,"Weapon",50,49,35,1,6,1,2,7,0,0,50
"12739","Male","Hispanic",2010,77,"Weapon",3,2,3,0,2,0,0,1,0,0,3
"12740","Male","White",2010,77,"Weapon",1,1,1,0,0,0,0,1,0,0,1
"12741","Male","Black",2006,78,"Weapon",6,5,4,1,5,0,0,5,0,0,6
"12742","Male","Hispanic",2006,78,"Weapon",4,4,3,0,1,0,0,2,0,0,4
"12743","Unknown","Other",2006,78,"Weapon",1,1,1,0,0,0,0,0,0,0,1
"12744","Male","White",2006,78,"Weapon",2,2,2,0,1,0,0,2,0,0,2
"12745","Male","Black",2007,78,"Weapon",6,6,4,0,0,0,0,1,0,0,6
"12746","Male","Hispanic",2007,78,"Weapon",3,3,2,0,1,1,1,2,0,0,3
"12747","Female","Black",2008,78,"Weapon",1,1,1,0,1,0,0,1,0,0,1
"12748","Male","Black",2008,78,"Weapon",9,9,6,0,3,0,0,4,0,0,9
"12749","Female","Hispanic",2008,78,"Weapon",2,2,0,0,2,0,0,2,0,0,2
"12750","Male","Hispanic",2008,78,"Weapon",2,2,0,0,0,0,0,1,0,0,2
"12751","Male","White",2008,78,"Weapon",1,1,1,0,0,0,0,0,0,0,1
"12752","Male","Black",2009,78,"Weapon",7,7,5,0,1,0,0,1,0,0,7
"12753","Male","Hispanic",2009,78,"Weapon",7,6,5,0,2,0,1,2,0,0,7
"12754","Male","White",2009,78,"Weapon",1,1,0,0,0,0,0,0,0,0,1
"12755","Male","Asian",2010,78,"Weapon",1,1,0,0,0,0,0,0,0,0,1
"12756","Male","Black",2010,78,"Weapon",6,6,4,0,0,0,3,0,0,0,6
"12757","Male","Hispanic",2010,78,"Weapon",1,1,1,0,0,0,0,0,0,0,1
"12758","Male","Other",2010,78,"Weapon",1,1,0,0,0,0,0,0,0,0,1
"12759","Male","White",2010,78,"Weapon",3,3,2,0,1,0,0,2,0,0,3
"12760","Male","Black",2005,79,"Weapon",27,26,16,0,8,0,5,13,0,0,27
"12761","Male","Hispanic",2005,79,"Weapon",1,1,0,0,1,0,0,1,0,0,1
"12762","Male","Other",2005,79,"Weapon",1,1,1,0,1,0,0,1,0,0,1
"12763","Unknown","Other",2005,79,"Weapon",2,2,2,0,1,0,0,0,0,0,2
"12764","Male","Black",2006,79,"Weapon",37,36,27,0,13,2,0,15,0,0,37
"12765","Male","Hispanic",2006,79,"Weapon",7,6,4,0,2,0,0,1,0,0,7
"12766","Male","Other",2006,79,"Weapon",2,2,1,0,0,0,0,1,0,0,2
"12767","Male","White",2006,79,"Weapon",1,1,1,0,0,0,0,0,0,0,1
"12768","Male","Asian",2007,79,"Weapon",1,1,0,0,1,0,0,1,0,0,1
"12769","Female","Black",2007,79,"Weapon",4,4,3,0,2,1,1,1,0,0,4
"12770","Male","Black",2007,79,"Weapon",105,103,70,1,38,1,3,41,0,0,105
"12771","Unknown","Black",2007,79,"Weapon",1,1,0,0,0,0,0,0,0,0,1
"12772","Female","Hispanic",2007,79,"Weapon",2,2,1,0,0,0,0,0,0,0,2
"12773","Male","Hispanic",2007,79,"Weapon",13,13,11,0,5,0,1,3,0,0,13
"12774","Female","Other",2007,79,"Weapon",1,1,0,0,0,0,0,0,0,0,1
"12775","Male","Other",2007,79,"Weapon",3,3,0,0,1,0,0,1,0,0,3
"12776","Unknown","Other",2007,79,"Weapon",3,3,0,0,0,0,0,2,0,0,3
"12777","Male","White",2007,79,"Weapon",2,2,1,0,0,0,0,0,0,0,2
"12778","Male","Asian",2008,79,"Weapon",1,1,0,0,1,0,0,1,0,0,1
"12779","Female","Black",2008,79,"Weapon",17,17,13,0,8,0,0,7,0,0,17
"12780","Male","Black",2008,79,"Weapon",125,124,82,1,49,0,1,63,0,0,125
"12781","Female","Hispanic",2008,79,"Weapon",3,3,1,0,0,0,0,0,0,0,3
"12782","Male","Hispanic",2008,79,"Weapon",17,17,14,0,9,0,1,8,0,0,17
"12783","Male","Other",2008,79,"Weapon",6,6,4,0,3,0,1,3,0,0,6
"12784","Unknown","Other",2008,79,"Weapon",1,1,1,0,1,0,0,1,0,0,1
"12785","Male","White",2008,79,"Weapon",2,2,1,0,0,0,0,0,0,0,2
"12786","Male","Asian",2009,79,"Weapon",2,2,2,0,0,0,0,0,0,0,2
"12787","Female","Black",2009,79,"Weapon",12,12,10,0,3,0,0,9,0,0,12
"12788","Male","Black",2009,79,"Weapon",200,193,145,2,77,2,7,116,0,0,200
"12789","Male","Hispanic",2009,79,"Weapon",29,29,18,0,9,0,2,12,0,0,29
"12790","Male","Native",2009,79,"Weapon",1,1,1,0,0,0,0,1,0,0,1
"12791","Female","Other",2009,79,"Weapon",1,1,1,0,0,0,0,1,0,0,1
"12792","Male","Other",2009,79,"Weapon",4,4,2,0,1,0,0,1,0,0,4
"12793","Unknown","Other",2009,79,"Weapon",2,2,0,0,0,0,0,1,0,0,2
"12794","Male","White",2009,79,"Weapon",5,4,4,0,2,0,0,2,0,0,5
"12795","Female","Black",2010,79,"Weapon",5,5,5,0,1,0,1,1,0,0,5
"12796","Male","Black",2010,79,"Weapon",63,60,50,0,22,0,2,25,0,0,63
"12797","Male","Hispanic",2010,79,"Weapon",17,17,14,0,6,0,0,6,0,0,17
"12798","Male","Other",2010,79,"Weapon",1,1,1,0,0,0,0,0,0,0,1
"12799","Male","White",2010,79,"Weapon",1,1,1,0,0,0,0,1,0,0,1
"12800","Male","Black",2005,81,"Weapon",23,22,18,0,10,0,2,7,0,0,23
"12801","Male","Hispanic",2005,81,"Weapon",2,2,2,0,0,0,0,0,0,0,2
"12802","Male","Other",2005,81,"Weapon",1,1,0,0,1,0,1,1,0,0,1
"12803","Male","White",2005,81,"Weapon",1,1,0,0,0,0,0,1,0,0,1
"12804","Female","Black",2006,81,"Weapon",1,1,1,0,0,0,0,0,0,0,1
"12805","Male","Black",2006,81,"Weapon",35,32,24,0,13,0,1,14,0,0,35
"12806","Male","Hispanic",2006,81,"Weapon",3,2,1,0,1,0,0,1,0,0,3
"12807","Unknown","Other",2006,81,"Weapon",1,1,1,0,0,0,0,0,0,0,1
"12808","Female","Black",2007,81,"Weapon",3,2,3,0,2,0,0,3,0,0,3
"12809","Male","Black",2007,81,"Weapon",69,66,52,0,22,0,7,34,0,0,69
"12810","Male","Hispanic",2007,81,"Weapon",4,4,4,0,2,0,0,1,0,0,4
"12811","Female","Other",2007,81,"Weapon",1,1,1,0,0,0,0,0,0,0,1
"12812","Male","Other",2007,81,"Weapon",1,1,0,0,0,0,0,0,0,0,1
"12813","Male","Asian",2008,81,"Weapon",2,2,2,0,2,0,0,1,0,0,2
"12814","Female","Black",2008,81,"Weapon",3,3,1,0,1,0,0,2,0,0,3
"12815","Male","Black",2008,81,"Weapon",131,129,81,0,43,0,7,47,0,0,131
"12816","Unknown","Black",2008,81,"Weapon",1,1,0,0,1,0,0,1,0,0,1
"12817","Female","Hispanic",2008,81,"Weapon",1,1,1,0,1,0,0,0,0,0,1
"12818","Male","Hispanic",2008,81,"Weapon",16,15,13,0,6,0,0,3,0,0,16
"12819","Female","Other",2008,81,"Weapon",1,0,0,0,0,0,0,0,0,0,1
"12820","Unknown","Other",2008,81,"Weapon",1,1,1,0,1,0,0,0,0,0,1
"12821","Female","White",2008,81,"Weapon",1,1,0,0,0,0,0,0,0,0,1
"12822","Male","White",2008,81,"Weapon",2,2,1,0,0,0,0,0,0,0,2
"12823","Female","Asian",2009,81,"Weapon",1,1,1,0,0,0,0,1,0,0,1
"12824","Female","Black",2009,81,"Weapon",10,8,5,0,3,0,1,2,0,0,10
"12825","Male","Black",2009,81,"Weapon",162,154,66,0,44,0,5,50,0,0,162
"12826","Female","Hispanic",2009,81,"Weapon",1,1,1,0,0,0,0,1,0,0,1
"12827","Male","Hispanic",2009,81,"Weapon",12,11,6,0,3,0,0,3,0,0,12
"12828","Male","Other",2009,81,"Weapon",2,2,1,0,0,0,0,1,0,0,2
"12829","Female","Black",2010,81,"Weapon",4,4,1,0,0,0,0,0,0,0,4
"12830","Male","Black",2010,81,"Weapon",95,87,21,0,4,0,0,10,0,0,95
"12831","Female","Hispanic",2010,81,"Weapon",1,1,0,0,0,0,0,0,0,0,1
"12832","Male","Hispanic",2010,81,"Weapon",9,9,5,0,3,0,0,1,0,0,9
"12833","Male","Other",2010,81,"Weapon",2,2,1,0,1,0,0,0,0,0,2
"12834","Male","White",2010,81,"Weapon",1,1,1,0,1,0,0,1,0,0,1
"12835","Male","Black",2005,83,"Weapon",10,9,7,0,6,0,1,6,0,0,10
"12836","Male","Hispanic",2005,83,"Weapon",15,15,7,0,7,0,1,7,0,0,15
"12837","Unknown","Hispanic",2005,83,"Weapon",1,1,0,0,0,0,0,0,0,0,1
"12838","Unknown","Other",2005,83,"Weapon",1,1,1,0,0,0,0,0,0,0,1
"12839","Male","Black",2006,83,"Weapon",16,16,13,0,9,1,3,11,0,0,16
"12840","Male","Hispanic",2006,83,"Weapon",18,17,15,0,9,0,0,10,0,0,18
"12841","Unknown","Hispanic",2006,83,"Weapon",1,1,1,0,0,0,0,0,0,0,1
"12842","Male","Other",2006,83,"Weapon",1,1,1,0,1,0,0,1,0,0,1
"12843","Unknown","Other",2006,83,"Weapon",3,3,0,0,0,0,0,1,0,0,3
"12844","Male","White",2006,83,"Weapon",1,1,0,0,0,0,0,0,0,0,1
"12845","Male","Black",2007,83,"Weapon",27,27,24,0,13,0,0,12,0,0,27
"12846","Male","Hispanic",2007,83,"Weapon",26,25,24,0,11,0,3,22,0,0,26
"12847","Male","Other",2007,83,"Weapon",3,3,1,0,1,0,0,0,0,0,3
"12848","Male","White",2007,83,"Weapon",2,2,2,0,0,0,0,1,0,0,2
"12849","Male","Asian",2008,83,"Weapon",1,1,1,0,0,0,0,0,0,0,1
"12850","Female","Black",2008,83,"Weapon",2,2,2,0,1,0,0,1,0,0,2
"12851","Male","Black",2008,83,"Weapon",46,45,35,0,25,0,0,22,0,0,46
"12852","Female","Hispanic",2008,83,"Weapon",3,3,3,0,1,0,0,1,0,0,3
"12853","Male","Hispanic",2008,83,"Weapon",86,80,65,0,37,0,0,34,0,0,86
"12854","Male","Other",2008,83,"Weapon",2,2,1,0,0,0,0,0,0,0,2
"12855","Unknown","Other",2008,83,"Weapon",1,1,1,0,0,0,0,0,0,0,1
"12856","Male","White",2008,83,"Weapon",4,4,4,0,3,0,0,2,0,0,4
"12857","Female","Black",2009,83,"Weapon",7,7,5,0,7,0,1,5,0,0,7
"12858","Male","Black",2009,83,"Weapon",55,53,47,1,33,0,1,30,0,0,55
"12859","Female","Hispanic",2009,83,"Weapon",1,1,1,0,1,0,0,1,0,0,1
"12860","Male","Hispanic",2009,83,"Weapon",53,52,42,0,27,0,2,24,0,0,53
"12861","Male","Other",2009,83,"Weapon",1,1,1,0,1,0,0,1,0,0,1
"12862","Male","White",2009,83,"Weapon",10,10,9,0,2,0,0,4,0,0,10
"12863","Female","Black",2010,83,"Weapon",3,3,1,0,1,0,0,1,0,0,3
"12864","Male","Black",2010,83,"Weapon",28,25,20,0,11,1,0,8,0,0,28
"12865","Male","Hispanic",2010,83,"Weapon",40,40,30,0,13,0,0,20,0,0,40
"12866","Male","Native",2010,83,"Weapon",1,1,1,0,0,0,0,0,0,0,1
"12867","Male","White",2010,83,"Weapon",4,4,4,0,2,0,0,0,0,0,4
"12868","Male","Black",2006,84,"Weapon",13,13,13,0,4,0,0,3,0,0,13
"12869","Male","Hispanic",2006,84,"Weapon",4,4,4,0,4,0,0,0,0,0,4
"12870","Male","White",2006,84,"Weapon",1,1,1,0,1,0,0,0,0,0,1
"12871","Female","Asian",2007,84,"Weapon",1,1,1,0,0,0,0,0,0,0,1
"12872","Male","Black",2007,84,"Weapon",11,11,11,0,4,0,0,2,0,0,11
"12873","Male","Hispanic",2007,84,"Weapon",6,6,5,0,4,0,0,1,0,0,6
"12874","Male","White",2007,84,"Weapon",1,1,1,0,1,0,0,0,0,0,1
"12875","Male","Asian",2008,84,"Weapon",1,1,1,0,1,0,0,0,0,0,1
"12876","Male","Black",2008,84,"Weapon",16,15,14,0,10,0,0,7,0,0,16
"12877","Male","Hispanic",2008,84,"Weapon",6,6,6,0,1,0,0,2,0,0,6
"12878","Male","Other",2008,84,"Weapon",1,1,1,0,0,0,0,0,0,0,1
"12879","Male","White",2008,84,"Weapon",1,1,1,0,0,0,0,0,0,0,1
"12880","Male","Asian",2009,84,"Weapon",2,2,2,0,0,0,0,1,0,0,2
"12881","Female","Black",2009,84,"Weapon",1,1,1,0,0,0,0,0,0,0,1
"12882","Male","Black",2009,84,"Weapon",30,30,25,0,11,0,0,12,0,0,30
"12883","Male","Hispanic",2009,84,"Weapon",19,19,18,0,6,0,0,8,0,0,19
"12884","Male","White",2009,84,"Weapon",7,7,7,0,2,0,0,5,0,0,7
"12885","Male","Black",2010,84,"Weapon",11,11,10,0,5,0,0,3,0,0,11
"12886","Male","Hispanic",2010,84,"Weapon",2,2,2,0,1,0,0,0,0,0,2
"12887","Male","White",2010,84,"Weapon",2,2,2,0,1,0,0,0,0,0,2
"12888","Male","Black",2005,88,"Weapon",3,3,3,0,2,0,1,2,0,0,3
"12889","Male","White",2005,88,"Weapon",1,1,1,0,1,0,1,1,0,0,1
"12890","Female","Black",2006,88,"Weapon",2,2,2,0,2,0,0,0,0,0,2
"12891","Male","Black",2006,88,"Weapon",16,14,10,0,7,0,2,6,0,0,16
"12892","Male","Hispanic",2006,88,"Weapon",5,5,4,0,4,0,0,4,0,0,5
"12893","Male","Asian",2007,88,"Weapon",1,1,1,0,1,0,0,1,0,0,1
"12894","Female","Black",2007,88,"Weapon",1,1,0,0,1,0,1,1,0,0,1
"12895","Male","Black",2007,88,"Weapon",36,34,24,0,9,0,1,12,0,0,36
"12896","Male","Hispanic",2007,88,"Weapon",11,10,8,0,4,1,0,4,0,0,11
"12897","Male","White",2007,88,"Weapon",2,2,2,0,2,0,0,0,0,0,2
"12898","Male","Asian",2008,88,"Weapon",1,1,1,0,1,0,0,1,0,0,1
"12899","Female","Black",2008,88,"Weapon",3,2,0,0,0,0,0,0,0,0,3
"12900","Male","Black",2008,88,"Weapon",33,29,20,2,11,0,2,9,0,0,33
"12901","Male","Hispanic",2008,88,"Weapon",4,4,4,0,3,0,0,3,0,0,4
"12902","Male","Native",2008,88,"Weapon",1,1,1,0,0,0,0,0,0,0,1
"12903","Unknown","Other",2008,88,"Weapon",2,2,1,0,0,0,0,1,0,0,2
"12904","Male","White",2008,88,"Weapon",3,3,3,0,1,0,0,0,0,0,3
"12905","Male","Asian",2009,88,"Weapon",2,2,2,0,1,0,0,1,0,0,2
"12906","Female","Black",2009,88,"Weapon",4,4,4,0,2,0,0,2,0,0,4
"12907","Male","Black",2009,88,"Weapon",31,29,25,0,12,1,0,13,0,0,31
"12908","Unknown","Black",2009,88,"Weapon",1,1,1,0,0,0,0,0,0,0,1
"12909","Female","Hispanic",2009,88,"Weapon",4,4,4,0,3,0,0,3,0,0,4
"12910","Male","Hispanic",2009,88,"Weapon",11,11,10,0,6,0,0,8,0,0,11
"12911","Female","White",2009,88,"Weapon",1,1,1,0,0,0,0,0,0,0,1
"12912","Male","White",2009,88,"Weapon",3,3,3,0,1,0,0,2,0,0,3
"12913","Female","Black",2010,88,"Weapon",2,2,1,0,1,0,0,2,0,0,2
"12914","Male","Black",2010,88,"Weapon",26,25,18,0,9,0,2,10,0,0,26
"12915","Male","Hispanic",2010,88,"Weapon",1,1,1,0,1,0,0,1,0,0,1
"12916","Male","White",2010,88,"Weapon",1,1,1,0,0,0,0,1,0,0,1
"12917","Male","Black",2005,90,"Weapon",4,4,2,0,1,0,0,2,0,0,4
"12918","Male","Hispanic",2005,90,"Weapon",8,8,5,0,1,0,2,5,0,0,8
"12919","Male","Black",2006,90,"Weapon",6,6,4,0,1,0,0,3,0,0,6
"12920","Male","Hispanic",2006,90,"Weapon",16,16,16,0,6,0,0,8,0,0,16
"12921","Male","Native",2006,90,"Weapon",1,1,1,0,1,0,0,0,0,0,1
"12922","Male","Black",2007,90,"Weapon",9,9,8,0,2,0,0,3,0,0,9
"12923","Female","Hispanic",2007,90,"Weapon",1,1,0,0,0,0,0,0,0,0,1
"12924","Male","Hispanic",2007,90,"Weapon",19,15,13,0,5,0,0,7,0,0,19
"12925","Unknown","Other",2007,90,"Weapon",1,1,0,0,0,0,0,0,0,0,1
"12926","Male","White",2007,90,"Weapon",5,5,5,0,3,0,0,2,0,0,5
"12927","Male","Asian",2008,90,"Weapon",1,1,1,0,0,0,0,0,0,0,1
"12928","Female","Black",2008,90,"Weapon",2,2,2,0,1,0,0,1,0,0,2
"12929","Male","Black",2008,90,"Weapon",30,30,25,0,12,0,0,9,0,0,30
"12930","Female","Hispanic",2008,90,"Weapon",4,4,3,0,1,0,0,1,0,0,4
"12931","Male","Hispanic",2008,90,"Weapon",46,46,35,0,20,0,1,15,0,0,46
"12932","Male","Other",2008,90,"Weapon",3,3,3,0,1,0,0,2,0,0,3
"12933","Male","White",2008,90,"Weapon",9,9,8,0,4,0,0,6,0,0,9
"12934","Female","Asian",2009,90,"Weapon",1,1,1,0,1,0,0,1,0,0,1
"12935","Male","Asian",2009,90,"Weapon",1,1,0,0,1,0,0,0,0,0,1
"12936","Female","Black",2009,90,"Weapon",3,2,0,0,2,0,0,0,0,0,3
"12937","Male","Black",2009,90,"Weapon",29,29,20,0,11,0,0,5,0,0,29
"12938","Female","Hispanic",2009,90,"Weapon",2,2,1,0,2,0,0,1,0,0,2
"12939","Male","Hispanic",2009,90,"Weapon",53,53,36,0,23,0,0,18,0,0,53
"12940","Male","Other",2009,90,"Weapon",2,2,1,0,1,0,0,0,0,0,2
"12941","Male","White",2009,90,"Weapon",10,10,8,0,6,0,2,6,0,0,10
"12942","Male","Black",2010,90,"Weapon",32,30,15,0,9,0,2,9,0,0,32
"12943","Male","Hispanic",2010,90,"Weapon",36,36,21,0,10,0,1,15,0,0,36
"12944","Unknown","Hispanic",2010,90,"Weapon",1,1,0,0,1,0,0,1,0,0,1
"12945","Male","White",2010,90,"Weapon",2,2,1,0,2,0,0,2,0,0,2
"12946","Male","Black",2005,94,"Weapon",3,2,2,0,1,0,0,1,0,0,3
"12947","Male","Hispanic",2005,94,"Weapon",1,1,1,0,1,0,0,1,0,0,1
"12948","Male","Black",2006,94,"Weapon",1,1,1,0,1,0,0,0,0,0,1
"12949","Male","White",2006,94,"Weapon",3,3,2,0,1,0,0,0,0,0,3
"12950","Male","Black",2007,94,"Weapon",4,4,2,0,2,0,0,2,0,0,4
"12951","Male","Hispanic",2007,94,"Weapon",3,3,2,0,0,0,0,1,0,0,3
"12952","Female","White",2007,94,"Weapon",1,1,1,0,1,0,0,1,0,0,1
"12953","Male","White",2007,94,"Weapon",4,4,3,0,3,0,0,3,0,0,4
"12954","Male","Black",2008,94,"Weapon",1,1,1,0,0,0,0,1,0,0,1
"12955","Male","Hispanic",2008,94,"Weapon",7,6,4,0,4,0,0,4,0,0,7
"12956","Female","White",2008,94,"Weapon",1,1,1,0,1,0,0,1,0,0,1
"12957","Male","White",2008,94,"Weapon",3,3,3,0,3,0,0,2,0,0,3
"12958","Male","Black",2009,94,"Weapon",4,4,3,0,2,0,0,1,0,0,4
"12959","Male","Hispanic",2009,94,"Weapon",6,6,6,0,4,0,0,4,0,0,6
"12960","Male","White",2009,94,"Weapon",6,6,3,0,1,0,0,0,0,0,6
"12961","Female","Black",2010,94,"Weapon",1,1,1,0,1,0,0,1,0,0,1
"12962","Male","Black",2010,94,"Weapon",3,3,3,0,3,0,0,3,0,0,3
"12963","Female","White",2010,94,"Weapon",1,1,0,0,0,0,0,0,0,0,1
"12964","Male","White",2010,94,"Weapon",5,5,5,0,2,0,0,2,0,0,5
"12965","Male","Black",2006,100,"Weapon",14,13,14,0,9,0,3,12,0,0,14
"12966","Male","Hispanic",2006,100,"Weapon",3,3,2,0,2,0,1,1,0,0,3
"12967","Male","White",2006,100,"Weapon",1,1,1,0,1,0,0,1,0,0,1
"12968","Female","Black",2007,100,"Weapon",2,2,2,0,1,0,0,1,0,0,2
"12969","Male","Black",2007,100,"Weapon",19,19,17,0,14,0,3,14,0,0,19
"12970","Male","Hispanic",2007,100,"Weapon",3,3,3,0,1,0,1,2,0,0,3
"12971","Male","White",2007,100,"Weapon",2,1,1,0,2,0,0,1,0,0,2
"12972","Male","Black",2008,100,"Weapon",23,23,21,1,17,0,1,19,0,0,23
"12973","Male","Hispanic",2008,100,"Weapon",8,8,8,0,3,0,1,5,0,0,8
"12974","Female","White",2008,100,"Weapon",1,1,0,0,1,0,0,0,0,0,1
"12975","Male","White",2008,100,"Weapon",2,2,2,0,2,0,0,2,0,0,2
"12976","Female","Black",2009,100,"Weapon",1,1,1,0,1,0,0,1,0,0,1
"12977","Male","Black",2009,100,"Weapon",32,31,25,0,17,0,8,23,0,0,32
"12978","Male","Hispanic",2009,100,"Weapon",7,7,6,0,5,0,0,4,0,0,7
"12979","Female","White",2009,100,"Weapon",1,1,1,0,0,0,0,1,0,0,1
"12980","Male","White",2009,100,"Weapon",3,3,3,0,2,0,0,3,0,0,3
"12981","Female","Black",2010,100,"Weapon",1,1,1,0,1,0,0,1,0,0,1
"12982","Male","Black",2010,100,"Weapon",15,15,8,0,8,0,0,13,0,0,15
"12983","Male","Hispanic",2010,100,"Weapon",9,9,4,0,3,0,0,5,0,0,9
"12984","Female","White",2010,100,"Weapon",1,1,1,0,1,0,0,1,0,0,1
"12985","Male","White",2010,100,"Weapon",2,2,2,0,2,0,0,2,0,0,2
"12986","Male","Black",2005,101,"Weapon",1,1,1,0,1,0,0,1,0,0,1
"12987","Female","Black",2006,101,"Weapon",6,5,3,0,1,0,0,4,0,0,6
"12988","Male","Black",2006,101,"Weapon",95,92,54,0,28,1,6,37,0,0,95
"12989","Male","Hispanic",2006,101,"Weapon",17,17,13,0,5,0,0,7,0,0,17
"12990","Male","Other",2006,101,"Weapon",1,1,1,0,0,0,0,0,0,0,1
"12991","Unknown","Other",2006,101,"Weapon",4,2,2,0,0,0,0,0,0,0,4
"12992","Male","White",2006,101,"Weapon",4,4,1,0,4,0,0,3,0,0,4
"12993","Male","Asian",2007,101,"Weapon",2,2,2,0,2,0,0,1,0,0,2
"12994","Female","Black",2007,101,"Weapon",4,4,2,0,1,0,0,1,0,0,4
"12995","Male","Black",2007,101,"Weapon",134,129,98,0,56,0,7,38,0,0,134
"12996","Male","Hispanic",2007,101,"Weapon",9,9,7,0,5,0,1,4,0,0,9
"12997","Unknown","Other",2007,101,"Weapon",2,2,1,0,1,0,0,2,0,0,2
"12998","Male","White",2007,101,"Weapon",6,5,4,0,0,0,1,1,0,0,6
"12999","Male","Asian",2008,101,"Weapon",1,1,1,0,0,0,0,0,0,0,1
"13000","Female","Black",2008,101,"Weapon",5,5,5,0,2,0,0,2,0,0,5
"13001","Male","Black",2008,101,"Weapon",131,123,101,0,62,1,5,59,0,0,131
"13002","Female","Hispanic",2008,101,"Weapon",1,1,0,0,0,0,0,0,0,0,1
"13003","Male","Hispanic",2008,101,"Weapon",13,12,11,0,6,0,0,7,0,0,13
"13004","Male","Native",2008,101,"Weapon",1,1,1,0,1,0,0,1,0,0,1
"13005","Male","White",2008,101,"Weapon",3,3,2,0,1,0,0,0,0,0,3
"13006","Male","Asian",2009,101,"Weapon",1,0,0,0,0,0,0,0,0,0,1
"13007","Female","Black",2009,101,"Weapon",11,10,6,0,4,0,0,4,0,0,11
"13008","Male","Black",2009,101,"Weapon",187,181,108,0,80,1,4,69,0,0,187
"13009","Female","Hispanic",2009,101,"Weapon",1,1,1,0,1,0,0,0,0,0,1
"13010","Male","Hispanic",2009,101,"Weapon",15,15,8,0,7,0,0,11,0,0,15
"13011","Male","Other",2009,101,"Weapon",1,1,1,0,1,0,0,1,0,0,1
"13012","Male","White",2009,101,"Weapon",4,2,2,0,1,0,1,1,0,0,4
"13013","Female","Black",2010,101,"Weapon",2,2,2,0,0,0,0,1,0,0,2
"13014","Male","Black",2010,101,"Weapon",101,98,56,0,46,0,0,47,0,0,101
"13015","Male","Hispanic",2010,101,"Weapon",19,19,11,0,7,0,0,7,0,0,19
"13016","Male","Other",2010,101,"Weapon",3,2,1,0,1,0,0,2,0,0,3
"13017","Unknown","Other",2010,101,"Weapon",1,1,0,0,0,0,0,1,0,0,1
"13018","Male","White",2010,101,"Weapon",2,2,1,0,0,0,0,1,0,0,2
"13019","Female","Asian",2006,102,"Weapon",1,1,0,0,0,0,0,0,0,0,1
"13020","Male","Asian",2006,102,"Weapon",9,9,7,0,7,0,0,7,0,0,9
"13021","Female","Black",2006,102,"Weapon",1,1,0,0,0,0,0,0,0,0,1
"13022","Male","Black",2006,102,"Weapon",11,9,11,0,7,0,0,5,0,0,11
"13023","Female","Hispanic",2006,102,"Weapon",1,1,1,0,1,0,0,0,0,0,1
"13024","Male","Hispanic",2006,102,"Weapon",20,19,17,0,12,0,1,14,0,0,20
"13025","Male","White",2006,102,"Weapon",2,2,2,0,1,0,0,1,0,0,2
"13026","Female","Asian",2007,102,"Weapon",2,2,2,0,2,0,0,2,0,0,2
"13027","Male","Asian",2007,102,"Weapon",8,8,8,0,5,0,2,4,0,0,8
"13028","Male","Black",2007,102,"Weapon",15,15,15,0,11,0,3,13,0,0,15
"13029","Male","Hispanic",2007,102,"Weapon",36,35,33,0,23,0,3,20,0,0,36
"13030","Male","White",2007,102,"Weapon",5,5,5,0,4,0,0,4,0,0,5
"13031","Female","Asian",2008,102,"Weapon",1,1,0,0,0,0,0,0,0,0,1
"13032","Male","Asian",2008,102,"Weapon",21,20,19,0,12,0,0,11,0,0,21
"13033","Female","Black",2008,102,"Weapon",1,1,1,0,1,0,0,1,0,0,1
"13034","Male","Black",2008,102,"Weapon",15,15,15,0,7,0,0,6,0,0,15
"13035","Female","Hispanic",2008,102,"Weapon",1,0,1,0,0,0,0,0,0,0,1
"13036","Male","Hispanic",2008,102,"Weapon",49,47,44,0,27,0,0,31,0,0,49
"13037","Male","Other",2008,102,"Weapon",4,4,4,0,3,0,0,2,0,0,4
"13038","Unknown","Other",2008,102,"Weapon",2,2,1,0,1,0,0,0,0,0,2
"13039","Male","White",2008,102,"Weapon",3,3,3,0,1,0,0,1,0,0,3
"13040","Female","Asian",2009,102,"Weapon",1,1,1,0,0,0,0,1,0,0,1
"13041","Male","Asian",2009,102,"Weapon",21,20,19,0,8,0,1,9,0,0,21
"13042","Unknown","Asian",2009,102,"Weapon",1,1,1,0,0,0,0,0,0,0,1
"13043","Female","Black",2009,102,"Weapon",1,1,1,0,1,0,0,1,0,0,1
"13044","Male","Black",2009,102,"Weapon",16,16,16,0,4,0,0,6,0,0,16
"13045","Female","Hispanic",2009,102,"Weapon",2,2,1,0,1,0,0,0,0,0,2
"13046","Male","Hispanic",2009,102,"Weapon",71,71,67,0,45,0,1,42,0,0,71
"13047","Male","Other",2009,102,"Weapon",3,3,2,0,1,0,0,1,0,0,3
"13048","Unknown","Other",2009,102,"Weapon",4,4,4,0,4,0,0,4,0,0,4
"13049","Male","White",2009,102,"Weapon",13,13,13,0,7,0,1,8,0,0,13
"13050","Unknown","White",2009,102,"Weapon",1,1,1,0,1,0,0,0,0,0,1
"13051","Male","Asian",2010,102,"Weapon",15,15,15,0,9,0,0,9,0,0,15
"13052","Female","Black",2010,102,"Weapon",1,1,1,0,1,0,0,1,0,0,1
"13053","Male","Black",2010,102,"Weapon",17,17,15,0,13,0,0,12,0,0,17
"13054","Unknown","Black",2010,102,"Weapon",1,1,0,0,0,0,0,1,0,0,1
"13055","Male","Hispanic",2010,102,"Weapon",30,30,29,0,15,0,0,14,0,0,30
"13056","Unknown","Hispanic",2010,102,"Weapon",2,0,0,0,0,0,0,0,0,0,2
"13057","Male","Native",2010,102,"Weapon",1,1,1,0,1,0,1,1,0,0,1
"13058","Male","Other",2010,102,"Weapon",4,4,4,0,2,0,0,2,0,0,4
"13059","Unknown","Other",2010,102,"Weapon",1,1,1,0,1,0,0,1,0,0,1
"13060","Female","White",2010,102,"Weapon",1,1,0,0,1,0,0,0,0,0,1
"13061","Male","White",2010,102,"Weapon",3,3,3,0,2,0,0,2,0,0,3
"13062","Male","Asian",2006,103,"Weapon",1,1,0,0,0,0,0,1,0,0,1
"13063","Female","Black",2006,103,"Weapon",2,2,0,0,1,0,0,2,0,0,2
"13064","Male","Black",2006,103,"Weapon",79,65,51,0,30,0,4,41,0,0,79
"13065","Male","Hispanic",2006,103,"Weapon",13,12,8,0,2,1,0,8,0,0,13
"13066","Male","Other",2006,103,"Weapon",1,1,0,0,0,0,0,1,0,0,1
"13067","Male","White",2006,103,"Weapon",9,9,5,0,3,0,0,6,0,0,9
"13068","Male","Asian",2007,103,"Weapon",3,3,2,0,1,0,0,1,0,0,3
"13069","Female","Black",2007,103,"Weapon",2,2,1,0,1,0,0,1,0,0,2
"13070","Male","Black",2007,103,"Weapon",69,66,56,0,31,0,11,41,0,0,69
"13071","Male","Hispanic",2007,103,"Weapon",12,11,9,0,6,0,0,5,0,0,12
"13072","Male","Native",2007,103,"Weapon",2,2,0,0,0,0,0,2,0,0,2
"13073","Male","White",2007,103,"Weapon",3,3,3,0,3,0,0,3,0,0,3
"13074","Male","Asian",2008,103,"Weapon",2,1,2,0,1,0,0,1,0,0,2
"13075","Female","Black",2008,103,"Weapon",1,0,0,0,0,0,0,0,0,0,1
"13076","Male","Black",2008,103,"Weapon",74,64,57,0,36,0,5,47,0,0,74
"13077","Male","Hispanic",2008,103,"Weapon",17,17,16,0,9,0,0,12,0,0,17
"13078","Male","Native",2008,103,"Weapon",1,1,0,0,0,0,0,0,0,0,1
"13079","Male","Other",2008,103,"Weapon",2,2,1,0,1,0,0,1,0,0,2
"13080","Male","White",2008,103,"Weapon",2,2,2,0,1,0,0,1,0,0,2
"13081","Female","Asian",2009,103,"Weapon",1,1,0,0,0,0,0,0,0,0,1
"13082","Male","Asian",2009,103,"Weapon",4,3,3,0,1,0,1,4,0,0,4
"13083","Female","Black",2009,103,"Weapon",7,7,5,0,3,0,0,5,0,0,7
"13084","Male","Black",2009,103,"Weapon",111,105,81,0,50,1,4,80,0,0,111
"13085","Male","Hispanic",2009,103,"Weapon",60,58,52,0,26,2,2,45,0,0,60
"13086","Male","Native",2009,103,"Weapon",1,1,1,0,0,0,1,1,0,0,1
"13087","Male","Other",2009,103,"Weapon",1,1,1,0,0,0,0,1,0,0,1
"13088","Unknown","Other",2009,103,"Weapon",1,1,1,0,0,0,0,1,0,0,1
"13089","Male","Asian",2010,103,"Weapon",4,4,2,0,3,0,2,3,0,0,4
"13090","Unknown","Asian",2010,103,"Weapon",1,1,1,0,1,0,0,1,0,0,1
"13091","Female","Black",2010,103,"Weapon",2,2,2,0,0,0,0,1,0,0,2
"13092","Male","Black",2010,103,"Weapon",48,47,35,0,22,0,0,27,0,0,48
"13093","Unknown","Black",2010,103,"Weapon",1,1,1,0,1,0,1,1,0,0,1
"13094","Female","Hispanic",2010,103,"Weapon",1,1,1,0,1,0,0,0,0,0,1
"13095","Male","Hispanic",2010,103,"Weapon",15,15,11,0,10,0,0,10,0,0,15
"13096","Male","Other",2010,103,"Weapon",2,2,2,0,1,0,0,2,0,0,2
"13097","Male","White",2010,103,"Weapon",1,1,0,0,0,0,0,0,0,0,1
"13098","Male","Asian",2006,104,"Weapon",1,1,1,0,1,0,0,0,0,0,1
"13099","Male","Black",2006,104,"Weapon",1,1,0,0,0,0,0,0,0,0,1
"13100","Female","Hispanic",2006,104,"Weapon",1,1,1,0,0,0,0,1,0,0,1
"13101","Male","Hispanic",2006,104,"Weapon",12,11,10,0,3,0,0,6,0,0,12
"13102","Male","White",2006,104,"Weapon",6,6,6,0,3,0,2,3,0,0,6
"13103","Male","Asian",2007,104,"Weapon",2,2,2,0,1,0,0,1,0,0,2
"13104","Female","Hispanic",2007,104,"Weapon",1,1,0,0,0,0,0,0,0,0,1
"13105","Male","Hispanic",2007,104,"Weapon",12,12,9,0,5,0,0,5,0,0,12
"13106","Male","White",2007,104,"Weapon",12,12,8,0,4,0,0,5,0,0,12
"13107","Male","Black",2008,104,"Weapon",1,0,0,0,0,0,0,0,0,0,1
"13108","Male","Hispanic",2008,104,"Weapon",21,21,18,0,2,0,2,5,0,0,21
"13109","Male","Other",2008,104,"Weapon",1,1,0,0,0,0,0,0,0,0,1
"13110","Male","White",2008,104,"Weapon",4,4,3,0,0,0,0,0,0,0,4
"13111","Male","Asian",2009,104,"Weapon",1,1,0,0,1,0,0,0,0,0,1
"13112","Female","Black",2009,104,"Weapon",1,1,1,0,0,0,0,0,0,0,1
"13113","Male","Black",2009,104,"Weapon",4,4,1,0,1,0,0,0,0,0,4
"13114","Male","Hispanic",2009,104,"Weapon",37,37,24,0,9,0,2,20,0,0,37
"13115","Male","Other",2009,104,"Weapon",1,1,1,0,0,0,0,0,0,0,1
"13116","Male","White",2009,104,"Weapon",17,16,10,0,2,0,0,8,0,0,17
"13117","Male","Black",2010,104,"Weapon",1,1,1,0,0,0,0,1,0,0,1
"13118","Male","Hispanic",2010,104,"Weapon",16,16,16,0,0,0,0,4,0,0,16
"13119","Male","White",2010,104,"Weapon",10,8,8,0,2,0,1,1,0,0,10
"13120","Male","Black",2005,105,"Weapon",2,2,2,0,2,0,0,0,0,0,2
"13121","Male","Other",2005,105,"Weapon",1,1,1,0,1,0,0,0,0,0,1
"13122","Female","Black",2006,105,"Weapon",2,2,2,0,2,0,0,2,0,0,2
"13123","Male","Black",2006,105,"Weapon",47,47,42,1,25,2,9,29,0,0,47
"13124","Male","Hispanic",2006,105,"Weapon",4,4,3,0,4,0,0,2,0,0,4
"13125","Male","Other",2006,105,"Weapon",1,1,0,0,1,0,0,1,0,0,1
"13126","Unknown","Other",2006,105,"Weapon",2,2,2,0,2,0,1,2,0,0,2
"13127","Female","White",2006,105,"Weapon",1,1,0,0,1,0,0,1,0,0,1
"13128","Male","White",2006,105,"Weapon",3,3,1,0,2,0,1,2,0,0,3
"13129","Female","Asian",2007,105,"Weapon",1,1,0,0,0,0,0,0,0,0,1
"13130","Female","Black",2007,105,"Weapon",4,4,4,0,1,0,0,1,0,0,4
"13131","Male","Black",2007,105,"Weapon",51,51,42,0,23,0,2,23,0,0,51
"13132","Male","Hispanic",2007,105,"Weapon",6,6,3,0,5,0,3,6,0,0,6
"13133","Male","Native",2007,105,"Weapon",1,1,0,0,0,0,0,1,0,0,1
"13134","Male","Other",2007,105,"Weapon",3,3,0,0,0,0,0,0,0,0,3
"13135","Male","White",2007,105,"Weapon",5,4,2,0,4,0,0,3,0,0,5
"13136","Male","Asian",2008,105,"Weapon",2,2,2,0,1,0,0,1,0,0,2
"13137","Female","Black",2008,105,"Weapon",12,11,4,0,5,0,2,3,0,0,12
"13138","Male","Black",2008,105,"Weapon",75,73,51,1,24,0,4,27,0,0,75
"13139","Male","Hispanic",2008,105,"Weapon",7,7,4,0,2,0,0,2,0,0,7
"13140","Male","Other",2008,105,"Weapon",1,1,1,0,0,0,0,0,0,0,1
"13141","Unknown","Other",2008,105,"Weapon",2,2,1,0,0,0,0,0,0,0,2
"13142","Female","White",2008,105,"Weapon",1,1,0,0,0,0,0,0,0,0,1
"13143","Male","White",2008,105,"Weapon",6,5,3,0,2,0,0,2,0,0,6
"13144","Female","Asian",2009,105,"Weapon",1,1,0,0,0,0,0,0,0,0,1
"13145","Male","Asian",2009,105,"Weapon",7,7,3,0,2,0,0,2,0,0,7
"13146","Female","Black",2009,105,"Weapon",7,7,5,0,4,0,1,2,0,0,7
"13147","Male","Black",2009,105,"Weapon",136,134,104,0,72,0,10,52,0,0,136
"13148","Male","Hispanic",2009,105,"Weapon",25,25,20,0,16,0,0,13,0,0,25
"13149","Male","Native",2009,105,"Weapon",2,2,2,0,1,0,0,0,0,0,2
"13150","Male","Other",2009,105,"Weapon",3,3,2,0,0,0,0,0,0,0,3
"13151","Female","White",2009,105,"Weapon",2,2,2,0,0,0,0,0,0,0,2
"13152","Male","White",2009,105,"Weapon",18,18,13,0,6,0,0,2,0,0,18
"13153","Male","Asian",2010,105,"Weapon",1,1,1,0,1,0,0,1,0,0,1
"13154","Female","Black",2010,105,"Weapon",3,1,0,0,0,0,0,2,0,0,3
"13155","Male","Black",2010,105,"Weapon",62,62,47,0,26,0,1,24,0,0,62
"13156","Female","Hispanic",2010,105,"Weapon",1,1,1,0,0,0,1,0,0,0,1
"13157","Male","Hispanic",2010,105,"Weapon",10,10,7,0,3,0,0,2,0,0,10
"13158","Male","Other",2010,105,"Weapon",1,1,0,0,0,0,0,0,0,0,1
"13159","Male","White",2010,105,"Weapon",4,4,2,0,1,0,0,2,0,0,4
"13160","Male","Asian",2005,106,"Weapon",1,1,1,0,1,0,0,1,0,0,1
"13161","Female","Asian",2006,106,"Weapon",1,1,1,0,1,0,0,1,0,0,1
"13162","Male","Asian",2006,106,"Weapon",7,7,5,0,2,0,0,3,0,0,7
"13163","Male","Black",2006,106,"Weapon",20,19,16,0,10,0,1,12,0,0,20
"13164","Male","Hispanic",2006,106,"Weapon",15,15,13,0,5,0,0,6,0,0,15
"13165","Male","White",2006,106,"Weapon",5,4,3,0,2,0,0,4,0,0,5
"13166","Male","Asian",2007,106,"Weapon",18,18,16,0,4,0,0,6,0,0,18
"13167","Female","Black",2007,106,"Weapon",2,2,2,0,0,0,0,0,0,0,2
"13168","Male","Black",2007,106,"Weapon",19,15,16,0,4,0,0,2,0,0,19
"13169","Male","Hispanic",2007,106,"Weapon",15,15,14,0,4,0,0,4,0,0,15
"13170","Male","Other",2007,106,"Weapon",1,1,1,0,0,0,0,0,0,0,1
"13171","Unknown","Other",2007,106,"Weapon",1,1,1,0,0,0,0,0,0,0,1
"13172","Male","White",2007,106,"Weapon",4,4,3,0,1,0,0,0,0,0,4
"13173","Male","Asian",2008,106,"Weapon",20,20,19,0,4,0,1,4,0,0,20
"13174","Female","Black",2008,106,"Weapon",1,0,1,0,0,0,0,0,0,0,1
"13175","Male","Black",2008,106,"Weapon",19,18,17,0,6,1,0,6,0,0,19
"13176","Male","Hispanic",2008,106,"Weapon",17,16,16,0,5,0,1,6,0,0,17
"13177","Male","White",2008,106,"Weapon",7,7,6,0,1,0,0,3,0,0,7
"13178","Female","Asian",2009,106,"Weapon",1,1,1,0,0,0,0,0,0,0,1
"13179","Male","Asian",2009,106,"Weapon",17,16,11,0,1,0,0,2,0,0,17
"13180","Female","Black",2009,106,"Weapon",1,1,1,0,0,0,0,1,0,0,1
"13181","Male","Black",2009,106,"Weapon",32,31,27,0,3,0,1,7,0,0,32
"13182","Unknown","Black",2009,106,"Weapon",1,1,1,0,0,0,0,1,0,0,1
"13183","Male","Hispanic",2009,106,"Weapon",18,18,12,0,4,0,0,4,0,0,18
"13184","Male","Other",2009,106,"Weapon",2,2,1,0,0,0,0,0,0,0,2
"13185","Male","White",2009,106,"Weapon",17,16,14,0,1,0,0,2,0,0,17
"13186","Male","Asian",2010,106,"Weapon",12,11,3,0,1,0,0,1,0,0,12
"13187","Female","Black",2010,106,"Weapon",1,1,1,0,1,0,0,1,0,0,1
"13188","Male","Black",2010,106,"Weapon",12,12,8,0,4,0,0,4,0,0,12
"13189","Female","Hispanic",2010,106,"Weapon",1,1,0,0,0,0,0,0,0,0,1
"13190","Male","Hispanic",2010,106,"Weapon",7,7,4,0,1,0,0,2,0,0,7
"13191","Unknown","Other",2010,106,"Weapon",1,1,0,0,0,0,0,0,0,0,1
"13192","Male","White",2010,106,"Weapon",2,2,2,0,1,0,0,0,0,0,2
"13193","Male","Black",2005,107,"Weapon",1,1,1,0,1,0,0,1,0,0,1
"13194","Male","Asian",2006,107,"Weapon",2,2,2,0,0,0,1,2,0,0,2
"13195","Female","Black",2006,107,"Weapon",1,0,1,0,0,0,0,0,0,0,1
"13196","Male","Black",2006,107,"Weapon",27,22,23,1,11,0,5,15,0,0,27
"13197","Male","Hispanic",2006,107,"Weapon",17,16,17,1,5,1,0,7,0,0,17
"13198","Male","White",2006,107,"Weapon",6,6,6,0,3,0,0,5,0,0,6
"13199","Male","Asian",2007,107,"Weapon",1,1,1,0,0,0,0,0,0,0,1
"13200","Female","Black",2007,107,"Weapon",1,1,1,0,0,0,0,1,0,0,1
"13201","Male","Black",2007,107,"Weapon",25,24,20,0,12,0,1,14,0,0,25
"13202","Male","Hispanic",2007,107,"Weapon",5,5,5,0,4,0,0,4,0,0,5
"13203","Male","Native",2007,107,"Weapon",1,1,1,0,1,0,0,1,0,0,1
"13204","Unknown","Other",2007,107,"Weapon",1,1,1,0,0,0,0,1,0,0,1
"13205","Female","White",2007,107,"Weapon",2,2,0,0,0,0,0,0,0,0,2
"13206","Male","White",2007,107,"Weapon",4,4,4,0,2,0,1,2,0,0,4
"13207","Male","Asian",2008,107,"Weapon",1,1,1,0,1,0,0,1,0,0,1
"13208","Female","Black",2008,107,"Weapon",3,3,2,0,0,0,0,1,0,0,3
"13209","Male","Black",2008,107,"Weapon",12,11,8,0,2,0,0,4,0,0,12
"13210","Male","Hispanic",2008,107,"Weapon",15,15,10,0,9,0,0,9,0,0,15
"13211","Male","Native",2008,107,"Weapon",3,3,2,0,3,0,0,3,0,0,3
"13212","Female","Other",2008,107,"Weapon",1,1,1,0,0,0,0,0,0,0,1
"13213","Male","White",2008,107,"Weapon",3,3,3,0,1,0,0,1,0,0,3
"13214","Male","Asian",2009,107,"Weapon",1,1,1,0,0,0,0,0,0,0,1
"13215","Male","Black",2009,107,"Weapon",14,13,13,0,7,0,1,6,0,0,14
"13216","Male","Hispanic",2009,107,"Weapon",8,8,8,0,4,0,0,4,0,0,8
"13217","Male","Native",2009,107,"Weapon",1,1,1,0,0,0,0,0,0,0,1
"13218","Male","Asian",2010,107,"Weapon",1,1,1,0,1,0,0,0,0,0,1
"13219","Female","Black",2010,107,"Weapon",2,2,2,0,0,0,0,0,0,0,2
"13220","Male","Black",2010,107,"Weapon",6,6,6,0,1,0,1,3,0,0,6
"13221","Male","Hispanic",2010,107,"Weapon",8,7,5,0,2,0,0,2,0,0,8
"13222","Male","Other",2010,107,"Weapon",1,1,0,0,0,0,0,0,0,0,1
"13223","Male","White",2010,107,"Weapon",6,6,4,0,0,0,0,0,0,0,6
"13224","Male","Black",2006,108,"Weapon",3,3,2,0,0,0,0,0,0,0,3
"13225","Female","Hispanic",2006,108,"Weapon",1,1,1,0,0,0,0,0,0,0,1
"13226","Male","Hispanic",2006,108,"Weapon",16,16,13,0,7,0,3,5,0,0,16
"13227","Male","Other",2006,108,"Weapon",1,1,1,0,1,0,0,0,0,0,1
"13228","Male","White",2006,108,"Weapon",2,2,2,0,0,0,0,0,0,0,2
"13229","Male","Asian",2007,108,"Weapon",3,3,3,0,0,0,0,0,0,0,3
"13230","Male","Black",2007,108,"Weapon",7,7,7,0,2,0,0,2,0,0,7
"13231","Female","Hispanic",2007,108,"Weapon",1,1,1,0,0,0,0,0,0,0,1
"13232","Male","Hispanic",2007,108,"Weapon",11,11,10,0,2,0,0,3,0,0,11
"13233","Male","White",2007,108,"Weapon",3,3,2,0,0,1,0,0,0,0,3
"13234","Male","Asian",2008,108,"Weapon",5,5,4,0,3,0,0,1,0,0,5
"13235","Male","Black",2008,108,"Weapon",4,4,4,0,0,0,0,1,0,0,4
"13236","Male","Hispanic",2008,108,"Weapon",12,12,11,0,6,0,1,5,0,0,12
"13237","Male","White",2008,108,"Weapon",7,7,5,0,4,0,0,0,0,0,7
"13238","Male","Asian",2009,108,"Weapon",9,9,8,0,2,0,0,2,0,0,9
"13239","Male","Black",2009,108,"Weapon",4,4,4,0,2,0,0,1,0,0,4
"13240","Male","Hispanic",2009,108,"Weapon",15,15,14,0,4,0,0,7,0,0,15
"13241","Female","White",2009,108,"Weapon",1,1,1,0,0,0,0,0,0,0,1
"13242","Male","White",2009,108,"Weapon",12,12,8,0,1,0,0,3,0,0,12
"13243","Male","Asian",2010,108,"Weapon",3,3,2,0,0,0,0,0,0,0,3
"13244","Male","Black",2010,108,"Weapon",5,5,4,0,1,0,0,2,0,0,5
"13245","Male","Hispanic",2010,108,"Weapon",16,16,15,0,2,0,0,2,0,0,16
"13246","Male","White",2010,108,"Weapon",10,10,10,0,4,0,1,4,0,0,10
"13247","Female","Asian",2006,109,"Weapon",1,1,1,0,1,0,0,1,0,0,1
"13248","Male","Asian",2006,109,"Weapon",9,8,7,0,5,0,0,5,0,0,9
"13249","Male","Black",2006,109,"Weapon",8,7,7,0,6,0,0,3,0,0,8
"13250","Male","Hispanic",2006,109,"Weapon",19,19,16,0,16,0,0,9,0,0,19
"13251","Male","White",2006,109,"Weapon",11,10,8,0,10,0,0,7,0,0,11
"13252","Female","Asian",2007,109,"Weapon",1,1,0,0,0,0,0,0,0,0,1
"13253","Male","Asian",2007,109,"Weapon",7,7,7,0,5,0,0,6,0,0,7
"13254","Male","Black",2007,109,"Weapon",6,6,6,0,3,0,0,5,0,0,6
"13255","Male","Hispanic",2007,109,"Weapon",9,8,8,0,6,0,0,4,0,0,9
"13256","Male","Other",2007,109,"Weapon",1,1,0,0,0,0,0,1,0,0,1
"13257","Male","White",2007,109,"Weapon",6,6,4,0,3,0,0,5,0,0,6
"13258","Male","Asian",2008,109,"Weapon",6,6,6,0,3,0,1,2,0,0,6
"13259","Male","Black",2008,109,"Weapon",7,7,7,0,4,0,2,5,0,0,7
"13260","Male","Hispanic",2008,109,"Weapon",15,15,13,0,11,0,2,13,0,0,15
"13261","Male","White",2008,109,"Weapon",6,6,6,0,3,0,0,4,0,0,6
"13262","Male","Asian",2009,109,"Weapon",6,5,3,0,1,0,0,4,0,0,6
"13263","Male","Black",2009,109,"Weapon",3,3,0,0,0,0,0,2,0,0,3
"13264","Male","Hispanic",2009,109,"Weapon",22,22,17,0,7,0,1,13,0,0,22
"13265","Male","White",2009,109,"Weapon",2,2,1,0,2,0,0,2,0,0,2
"13266","Male","Asian",2010,109,"Weapon",4,4,2,0,2,0,0,4,0,0,4
"13267","Female","Black",2010,109,"Weapon",1,1,1,0,0,0,0,0,0,0,1
"13268","Male","Black",2010,109,"Weapon",6,6,2,0,1,0,0,5,0,0,6
"13269","Male","Hispanic",2010,109,"Weapon",12,12,8,0,6,0,0,7,0,0,12
"13270","Male","Native",2010,109,"Weapon",2,2,2,0,0,0,0,1,0,0,2
"13271","Male","White",2010,109,"Weapon",6,5,4,0,2,0,0,2,0,0,6
"13272","Male","Asian",2006,110,"Weapon",3,3,3,0,0,0,0,3,0,0,3
"13273","Male","Black",2006,110,"Weapon",6,6,6,0,1,0,1,5,0,0,6
"13274","Female","Hispanic",2006,110,"Weapon",2,2,1,0,1,0,0,2,0,0,2
"13275","Male","Hispanic",2006,110,"Weapon",34,33,31,0,13,0,0,18,0,0,34
"13276","Male","Native",2006,110,"Weapon",1,1,1,0,0,0,0,1,0,0,1
"13277","Unknown","Other",2006,110,"Weapon",1,0,1,0,0,0,0,0,0,0,1
"13278","Male","White",2006,110,"Weapon",4,4,4,0,1,0,0,1,0,0,4
"13279","Male","Asian",2007,110,"Weapon",2,2,2,0,0,0,0,2,0,0,2
"13280","Male","Black",2007,110,"Weapon",16,16,15,0,3,0,3,11,0,0,16
"13281","Female","Hispanic",2007,110,"Weapon",3,3,2,0,0,0,0,2,0,0,3
"13282","Male","Hispanic",2007,110,"Weapon",59,59,50,0,24,0,3,37,0,0,59
"13283","Male","Other",2007,110,"Weapon",1,1,0,0,0,0,0,1,0,0,1
"13284","Male","White",2007,110,"Weapon",1,1,0,0,0,0,0,1,0,0,1
"13285","Male","Asian",2008,110,"Weapon",4,4,4,0,1,0,0,2,0,0,4
"13286","Female","Black",2008,110,"Weapon",1,1,1,0,1,0,0,1,0,0,1
"13287","Male","Black",2008,110,"Weapon",16,16,16,0,9,0,7,13,0,0,16
"13288","Female","Hispanic",2008,110,"Weapon",5,5,4,0,1,0,0,4,0,0,5
"13289","Male","Hispanic",2008,110,"Weapon",55,55,47,0,18,0,5,27,0,0,55
"13290","Male","Native",2008,110,"Weapon",1,1,1,0,0,0,0,1,0,0,1
"13291","Female","White",2008,110,"Weapon",1,0,1,0,0,0,0,0,0,0,1
"13292","Male","White",2008,110,"Weapon",6,6,6,0,3,0,1,5,0,0,6
"13293","Male","Asian",2009,110,"Weapon",5,5,3,0,2,0,0,3,0,0,5
"13294","Female","Black",2009,110,"Weapon",3,3,0,0,3,0,0,0,0,0,3
"13295","Male","Black",2009,110,"Weapon",11,11,6,0,8,0,0,7,0,0,11
"13296","Unknown","Black",2009,110,"Weapon",1,1,0,0,1,0,0,0,0,0,1
"13297","Female","Hispanic",2009,110,"Weapon",1,1,1,0,0,0,0,0,0,0,1
"13298","Male","Hispanic",2009,110,"Weapon",98,98,76,0,35,0,2,43,0,0,98
"13299","Male","White",2009,110,"Weapon",1,1,0,0,1,0,0,1,0,0,1
"13300","Female","Asian",2010,110,"Weapon",1,1,1,0,0,0,0,0,0,0,1
"13301","Male","Asian",2010,110,"Weapon",1,1,1,0,1,0,0,0,0,0,1
"13302","Male","Black",2010,110,"Weapon",11,11,9,0,6,0,1,6,0,0,11
"13303","Female","Hispanic",2010,110,"Weapon",1,1,0,0,0,0,0,0,0,0,1
"13304","Male","Hispanic",2010,110,"Weapon",61,60,47,0,34,0,4,28,0,0,61
"13305","Male","Other",2010,110,"Weapon",2,2,1,0,1,0,0,0,0,0,2
"13306","Female","White",2010,110,"Weapon",1,1,1,0,1,0,0,1,0,0,1
"13307","Male","White",2010,110,"Weapon",9,9,7,0,6,0,0,4,0,0,9
"13308","Male","Asian",2006,111,"Weapon",1,1,1,0,1,0,0,0,0,0,1
"13309","Male","Hispanic",2006,111,"Weapon",2,2,2,0,2,0,1,2,0,0,2
"13310","Male","White",2006,111,"Weapon",3,3,2,0,0,0,0,0,0,0,3
"13311","Male","Black",2007,111,"Weapon",4,4,3,0,1,0,1,2,0,0,4
"13312","Male","Hispanic",2007,111,"Weapon",3,3,3,0,0,0,0,0,0,0,3
"13313","Male","White",2007,111,"Weapon",2,2,2,0,1,0,0,1,0,0,2
"13314","Male","Asian",2008,111,"Weapon",4,4,4,0,0,0,0,0,0,0,4
"13315","Male","Black",2008,111,"Weapon",1,1,1,0,1,0,0,1,0,0,1
"13316","Male","Hispanic",2008,111,"Weapon",4,3,4,0,0,0,0,0,0,0,4
"13317","Male","White",2008,111,"Weapon",3,3,3,0,0,0,0,1,0,0,3
"13318","Male","Asian",2009,111,"Weapon",1,1,1,0,0,0,0,0,0,0,1
"13319","Male","Black",2009,111,"Weapon",4,4,4,0,3,0,0,3,0,0,4
"13320","Male","Hispanic",2009,111,"Weapon",5,5,3,0,0,0,0,0,0,0,5
"13321","Female","White",2009,111,"Weapon",1,1,1,0,0,0,0,0,0,0,1
"13322","Male","White",2009,111,"Weapon",6,6,4,0,2,0,0,1,0,0,6
"13323","Male","Asian",2010,111,"Weapon",1,1,1,0,0,0,0,0,0,0,1
"13324","Male","Black",2010,111,"Weapon",1,1,1,0,0,0,0,0,0,0,1
"13325","Male","Hispanic",2010,111,"Weapon",1,1,1,0,1,0,0,1,0,0,1
"13326","Male","Native",2010,111,"Weapon",2,2,2,0,0,0,0,0,0,0,2
"13327","Male","Other",2010,111,"Weapon",1,1,1,0,0,0,0,0,0,0,1
"13328","Male","White",2010,111,"Weapon",4,4,3,0,0,0,0,0,0,0,4
"13329","Male","Black",2006,112,"Weapon",3,3,3,0,1,0,0,3,0,0,3
"13330","Male","Hispanic",2006,112,"Weapon",2,2,0,0,0,0,0,0,0,0,2
"13331","Male","Other",2006,112,"Weapon",2,2,0,0,0,0,0,0,0,0,2
"13332","Male","White",2006,112,"Weapon",2,2,2,0,0,0,0,0,0,0,2
"13333","Male","Asian",2007,112,"Weapon",1,1,1,0,1,0,0,1,0,0,1
"13334","Male","Black",2007,112,"Weapon",2,2,2,0,0,0,0,1,0,0,2
"13335","Male","Hispanic",2007,112,"Weapon",2,2,2,0,0,0,0,1,0,0,2
"13336","Male","Other",2007,112,"Weapon",1,1,1,0,0,0,0,0,0,0,1
"13337","Female","White",2007,112,"Weapon",1,1,1,0,0,0,0,0,0,0,1
"13338","Male","White",2007,112,"Weapon",6,6,4,0,1,0,0,6,0,0,6
"13339","Male","Asian",2008,112,"Weapon",1,1,1,0,0,0,0,0,0,0,1
"13340","Male","Black",2008,112,"Weapon",4,4,4,0,1,0,0,2,0,0,4
"13341","Male","Hispanic",2008,112,"Weapon",1,1,1,0,0,0,0,1,0,0,1
"13342","Unknown","Other",2008,112,"Weapon",1,1,0,0,1,0,0,1,0,0,1
"13343","Male","White",2008,112,"Weapon",9,9,4,0,1,0,0,7,0,0,9
"13344","Male","Asian",2009,112,"Weapon",1,1,0,0,0,0,0,0,0,0,1
"13345","Male","Black",2009,112,"Weapon",5,5,5,1,2,0,0,1,0,0,5
"13346","Male","Hispanic",2009,112,"Weapon",3,2,2,0,1,0,0,0,0,0,3
"13347","Unknown","Other",2009,112,"Weapon",1,1,1,0,0,0,0,0,0,0,1
"13348","Female","White",2009,112,"Weapon",1,0,1,0,0,0,0,0,0,0,1
"13349","Male","White",2009,112,"Weapon",5,5,4,0,1,0,0,0,0,0,5
"13350","Male","Asian",2010,112,"Weapon",1,1,1,0,0,0,0,0,0,0,1
"13351","Male","Black",2010,112,"Weapon",2,2,1,0,1,0,0,2,0,0,2
"13352","Male","Hispanic",2010,112,"Weapon",9,9,7,0,4,0,0,3,0,0,9
"13353","Unknown","Hispanic",2010,112,"Weapon",1,1,1,0,0,0,0,0,0,0,1
"13354","Unknown","Other",2010,112,"Weapon",1,1,1,0,1,0,0,1,0,0,1
"13355","Female","White",2010,112,"Weapon",1,1,1,0,0,0,0,0,0,0,1
"13356","Male","White",2010,112,"Weapon",3,3,3,0,1,0,0,1,0,0,3
"13357","Male","Asian",2006,113,"Weapon",1,1,1,0,1,0,0,1,0,0,1
"13358","Female","Black",2006,113,"Weapon",3,3,3,0,2,0,0,2,0,0,3
"13359","Male","Black",2006,113,"Weapon",80,78,73,0,56,1,16,60,0,0,80
"13360","Male","Hispanic",2006,113,"Weapon",3,3,3,0,0,0,0,2,0,0,3
"13361","Male","White",2006,113,"Weapon",2,2,2,0,2,0,0,2,0,0,2
"13362","Male","Black",2007,113,"Weapon",97,95,77,0,50,0,10,63,0,0,97
"13363","Male","Hispanic",2007,113,"Weapon",4,4,4,0,4,0,0,3,0,0,4
"13364","Male","Other",2007,113,"Weapon",1,1,0,0,0,0,0,0,0,0,1
"13365","Unknown","Other",2007,113,"Weapon",1,1,1,0,0,0,0,1,0,0,1
"13366","Female","White",2007,113,"Weapon",1,1,1,0,1,0,0,0,0,0,1
"13367","Male","White",2007,113,"Weapon",6,6,6,0,0,0,0,5,0,0,6
"13368","Male","Asian",2008,113,"Weapon",2,2,1,0,1,0,0,1,0,0,2
"13369","Female","Black",2008,113,"Weapon",3,2,3,1,2,0,1,2,0,0,3
"13370","Male","Black",2008,113,"Weapon",148,138,115,0,76,0,11,100,0,0,148
"13371","Male","Hispanic",2008,113,"Weapon",2,2,2,0,1,0,0,1,0,0,2
"13372","Male","Native",2008,113,"Weapon",1,1,0,0,0,0,0,0,0,0,1
"13373","Unknown","Other",2008,113,"Weapon",1,1,1,0,0,0,0,1,0,0,1
"13374","Male","White",2008,113,"Weapon",1,1,1,0,0,0,0,1,0,0,1
"13375","Male","Asian",2009,113,"Weapon",2,2,1,0,1,0,0,1,0,0,2
"13376","Female","Black",2009,113,"Weapon",7,7,6,0,4,0,0,3,0,0,7
"13377","Male","Black",2009,113,"Weapon",209,204,170,0,93,0,2,116,0,0,209
"13378","Male","Hispanic",2009,113,"Weapon",6,6,5,0,3,0,0,4,0,0,6
"13379","Male","Other",2009,113,"Weapon",6,6,5,0,3,0,0,4,0,0,6
"13380","Unknown","Other",2009,113,"Weapon",1,1,1,0,1,0,0,1,0,0,1
"13381","Male","White",2009,113,"Weapon",2,2,0,0,0,0,0,1,0,0,2
"13382","Male","Asian",2010,113,"Weapon",1,1,1,0,0,0,0,1,0,0,1
"13383","Female","Black",2010,113,"Weapon",2,2,2,0,1,0,0,2,0,0,2
"13384","Male","Black",2010,113,"Weapon",109,105,78,0,40,0,2,53,0,0,109
"13385","Male","Hispanic",2010,113,"Weapon",3,3,3,0,1,0,0,2,0,0,3
"13386","Male","Other",2010,113,"Weapon",2,2,2,0,0,0,0,0,0,0,2
"13387","Unknown","Other",2010,113,"Weapon",2,2,2,0,0,0,0,0,0,0,2
"13388","Male","Asian",2006,114,"Weapon",2,2,2,0,1,0,0,0,0,0,2
"13389","Female","Black",2006,114,"Weapon",5,4,4,0,2,0,0,2,0,0,5
"13390","Male","Black",2006,114,"Weapon",57,29,31,0,3,0,2,4,0,0,57
"13391","Unknown","Black",2006,114,"Weapon",2,2,2,0,0,0,0,0,0,0,2
"13392","Female","Hispanic",2006,114,"Weapon",3,3,3,0,0,0,0,0,0,0,3
"13393","Male","Hispanic",2006,114,"Weapon",31,27,26,0,14,0,0,13,0,0,31
"13394","Male","Other",2006,114,"Weapon",1,1,1,0,0,0,0,0,0,0,1
"13395","Unknown","Other",2006,114,"Weapon",3,3,2,0,0,0,0,0,0,0,3
"13396","Male","White",2006,114,"Weapon",18,17,14,0,6,0,1,8,0,0,18
"13397","Female","Asian",2007,114,"Weapon",4,4,4,0,3,0,0,3,0,0,4
"13398","Male","Asian",2007,114,"Weapon",5,5,5,0,2,0,0,1,0,0,5
"13399","Female","Black",2007,114,"Weapon",4,4,4,0,3,0,0,3,0,0,4
"13400","Male","Black",2007,114,"Weapon",57,57,46,0,12,0,1,20,0,0,57
"13401","Unknown","Black",2007,114,"Weapon",1,1,1,0,0,0,0,0,0,0,1
"13402","Female","Hispanic",2007,114,"Weapon",7,7,6,0,2,0,0,3,0,0,7
"13403","Male","Hispanic",2007,114,"Weapon",57,56,53,0,26,0,2,24,0,0,57
"13404","Unknown","Hispanic",2007,114,"Weapon",5,5,5,1,1,0,0,3,0,0,5
"13405","Male","Native",2007,114,"Weapon",2,2,0,0,0,0,0,0,0,0,2
"13406","Female","Other",2007,114,"Weapon",1,1,1,0,0,0,0,0,0,0,1
"13407","Male","Other",2007,114,"Weapon",5,5,4,0,2,0,0,3,0,0,5
"13408","Unknown","Other",2007,114,"Weapon",3,3,2,0,0,0,0,1,0,0,3
"13409","Female","White",2007,114,"Weapon",1,1,1,0,1,0,0,1,0,0,1
"13410","Male","White",2007,114,"Weapon",23,23,21,0,9,0,3,15,0,0,23
"13411","Male","Asian",2008,114,"Weapon",4,4,0,0,0,0,0,3,0,0,4
"13412","Female","Black",2008,114,"Weapon",7,4,5,0,3,0,0,1,0,0,7
"13413","Male","Black",2008,114,"Weapon",48,46,38,0,18,0,1,19,0,0,48
"13414","Unknown","Black",2008,114,"Weapon",1,1,1,0,1,0,0,1,0,0,1
"13415","Female","Hispanic",2008,114,"Weapon",5,4,1,0,1,0,0,0,0,0,5
"13416","Male","Hispanic",2008,114,"Weapon",51,47,41,0,24,0,0,28,0,0,51
"13417","Male","Native",2008,114,"Weapon",2,2,1,0,1,0,0,0,0,0,2
"13418","Male","Other",2008,114,"Weapon",7,7,3,0,3,0,0,2,0,0,7
"13419","Unknown","Other",2008,114,"Weapon",2,2,1,0,0,0,0,0,0,0,2
"13420","Female","White",2008,114,"Weapon",1,1,1,0,0,0,0,1,0,0,1
"13421","Male","White",2008,114,"Weapon",19,18,17,0,8,0,0,10,0,0,19
"13422","Unknown","White",2008,114,"Weapon",1,1,1,0,1,0,0,1,0,0,1
"13423","Male","Asian",2009,114,"Weapon",2,2,2,0,1,0,0,1,0,0,2
"13424","Female","Black",2009,114,"Weapon",2,2,2,0,0,0,0,0,0,0,2
"13425","Male","Black",2009,114,"Weapon",23,23,21,0,12,0,0,14,0,0,23
"13426","Male","Hispanic",2009,114,"Weapon",36,35,30,0,17,0,1,16,0,0,36
"13427","Male","White",2009,114,"Weapon",21,20,17,0,8,0,1,8,0,0,21
"13428","Male","Asian",2010,114,"Weapon",3,3,3,0,1,0,0,2,0,0,3
"13429","Female","Black",2010,114,"Weapon",2,0,0,0,0,0,0,1,0,0,2
"13430","Male","Black",2010,114,"Weapon",11,10,7,0,2,0,1,4,0,0,11
"13431","Female","Hispanic",2010,114,"Weapon",1,1,1,0,0,0,0,0,0,0,1
"13432","Male","Hispanic",2010,114,"Weapon",19,18,13,0,7,0,1,9,0,0,19
"13433","Unknown","Hispanic",2010,114,"Weapon",1,0,0,0,0,0,0,0,0,0,1
"13434","Male","Other",2010,114,"Weapon",1,1,1,0,0,0,0,0,0,0,1
"13435","Female","White",2010,114,"Weapon",2,1,1,0,0,0,0,0,0,0,2
"13436","Male","White",2010,114,"Weapon",12,11,10,0,1,0,0,1,0,0,12
"13437","Male","Asian",2006,115,"Weapon",2,2,2,0,0,0,0,0,0,0,2
"13438","Male","Black",2006,115,"Weapon",10,10,9,0,4,0,0,7,0,0,10
"13439","Male","Hispanic",2006,115,"Weapon",31,31,27,0,6,0,0,14,0,0,31
"13440","Unknown","Other",2006,115,"Weapon",2,2,2,0,0,0,0,1,0,0,2
"13441","Male","White",2006,115,"Weapon",1,1,1,0,0,0,0,0,0,0,1
"13442","Male","Asian",2007,115,"Weapon",2,2,2,0,2,0,0,1,0,0,2
"13443","Male","Black",2007,115,"Weapon",5,5,4,0,2,0,0,3,0,0,5
"13444","Male","Hispanic",2007,115,"Weapon",40,39,33,0,8,0,0,16,0,0,40
"13445","Male","White",2007,115,"Weapon",1,1,0,0,0,0,0,0,0,0,1
"13446","Male","Asian",2008,115,"Weapon",3,3,3,0,2,0,0,2,0,0,3
"13447","Male","Black",2008,115,"Weapon",8,8,8,0,4,0,0,6,0,0,8
"13448","Female","Hispanic",2008,115,"Weapon",1,1,1,0,0,0,0,0,0,0,1
"13449","Male","Hispanic",2008,115,"Weapon",53,53,46,0,28,0,1,32,0,0,53
"13450","Male","Native",2008,115,"Weapon",1,1,1,0,0,0,0,1,0,0,1
"13451","Female","White",2008,115,"Weapon",1,1,1,0,0,0,0,0,0,0,1
"13452","Male","White",2008,115,"Weapon",2,2,2,0,1,0,0,2,0,0,2
"13453","Male","Asian",2009,115,"Weapon",2,2,2,0,0,0,0,1,0,0,2
"13454","Male","Black",2009,115,"Weapon",6,6,6,0,4,1,0,5,0,0,6
"13455","Female","Hispanic",2009,115,"Weapon",1,1,1,0,1,0,1,1,0,0,1
"13456","Male","Hispanic",2009,115,"Weapon",58,58,47,0,29,0,0,36,0,0,58
"13457","Male","Other",2009,115,"Weapon",1,1,1,0,1,0,0,1,0,0,1
"13458","Unknown","Other",2009,115,"Weapon",1,1,1,0,0,0,0,0,0,0,1
"13459","Male","White",2009,115,"Weapon",3,3,3,0,2,0,0,2,0,0,3
"13460","Male","Asian",2010,115,"Weapon",1,1,0,0,1,0,0,1,0,0,1
"13461","Male","Black",2010,115,"Weapon",4,3,3,0,1,0,0,2,0,0,4
"13462","Female","Hispanic",2010,115,"Weapon",1,1,1,0,1,0,0,1,0,0,1
"13463","Male","Hispanic",2010,115,"Weapon",38,37,27,0,19,0,2,27,0,0,38
"13464","Male","White",2010,115,"Weapon",3,3,2,0,1,0,0,3,0,0,3
"13465","Male","Asian",2006,120,"Weapon",1,1,1,0,1,0,0,1,0,0,1
"13466","Male","Black",2006,120,"Weapon",67,63,52,0,37,0,4,50,0,0,67
"13467","Female","Hispanic",2006,120,"Weapon",1,0,1,0,1,0,0,0,0,0,1
"13468","Male","Hispanic",2006,120,"Weapon",17,17,17,0,8,0,0,8,0,0,17
"13469","Male","White",2006,120,"Weapon",10,9,10,0,9,0,0,8,0,0,10
"13470","Male","Asian",2007,120,"Weapon",1,1,1,0,1,0,0,1,0,0,1
"13471","Female","Black",2007,120,"Weapon",2,2,1,0,1,0,0,1,0,0,2
"13472","Male","Black",2007,120,"Weapon",54,52,45,0,24,0,2,33,0,0,54
"13473","Female","Hispanic",2007,120,"Weapon",1,0,0,0,0,0,0,0,0,0,1
"13474","Male","Hispanic",2007,120,"Weapon",28,28,24,0,10,0,0,14,0,0,28
"13475","Male","Other",2007,120,"Weapon",1,0,0,0,0,0,0,1,0,0,1
"13476","Female","White",2007,120,"Weapon",2,2,1,0,1,0,0,1,0,0,2
"13477","Male","White",2007,120,"Weapon",13,11,8,0,6,0,0,7,0,0,13
"13478","Female","Black",2008,120,"Weapon",7,6,6,0,5,0,0,4,0,0,7
"13479","Male","Black",2008,120,"Weapon",82,80,64,0,40,0,8,60,0,0,82
"13480","Female","Hispanic",2008,120,"Weapon",3,3,2,0,1,0,1,1,0,0,3
"13481","Male","Hispanic",2008,120,"Weapon",36,35,30,0,25,0,0,23,0,0,36
"13482","Female","White",2008,120,"Weapon",2,2,2,0,2,0,0,2,0,0,2
"13483","Male","White",2008,120,"Weapon",23,22,22,0,10,0,0,13,0,0,23
"13484","Female","Black",2009,120,"Weapon",4,4,2,0,3,0,0,3,0,0,4
"13485","Male","Black",2009,120,"Weapon",80,75,58,0,29,0,5,32,0,0,80
"13486","Female","Hispanic",2009,120,"Weapon",3,3,2,0,1,0,0,0,0,0,3
"13487","Male","Hispanic",2009,120,"Weapon",50,48,40,0,29,0,1,29,0,0,50
"13488","Female","White",2009,120,"Weapon",3,3,2,0,2,0,0,1,0,0,3
"13489","Male","White",2009,120,"Weapon",13,13,10,0,3,0,1,4,0,0,13
"13490","Female","Black",2010,120,"Weapon",2,2,2,0,1,0,0,1,0,0,2
"13491","Male","Black",2010,120,"Weapon",64,61,46,0,18,0,1,27,0,0,64
"13492","Male","Hispanic",2010,120,"Weapon",23,22,17,0,11,0,1,7,0,0,23
"13493","Male","Other",2010,120,"Weapon",1,1,1,0,0,0,0,0,0,0,1
"13494","Female","White",2010,120,"Weapon",4,3,3,0,2,0,0,2,0,0,4
"13495","Male","White",2010,120,"Weapon",11,11,8,0,5,0,1,6,0,0,11
"13496","Male","Black",2006,122,"Weapon",10,10,9,0,5,0,0,1,0,0,10
"13497","Male","Hispanic",2006,122,"Weapon",3,3,3,0,1,0,0,0,0,0,3
"13498","Male","White",2006,122,"Weapon",19,17,16,0,11,0,3,10,0,0,19
"13499","Male","Black",2007,122,"Weapon",2,2,2,0,2,0,0,1,0,0,2
"13500","Male","Hispanic",2007,122,"Weapon",5,5,4,0,1,0,0,1,0,0,5
"13501","Male","Other",2007,122,"Weapon",1,1,1,0,0,0,0,1,0,0,1
"13502","Unknown","Other",2007,122,"Weapon",1,1,0,0,0,0,0,0,0,0,1
"13503","Male","White",2007,122,"Weapon",12,12,10,0,8,0,1,7,0,0,12
"13504","Male","Black",2008,122,"Weapon",3,3,3,0,2,0,0,2,0,0,3
"13505","Female","Hispanic",2008,122,"Weapon",1,1,1,0,0,0,0,1,0,0,1
"13506","Female","White",2008,122,"Weapon",1,1,1,0,0,0,0,1,0,0,1
"13507","Male","White",2008,122,"Weapon",16,14,14,0,7,1,0,13,0,0,16
"13508","Male","Black",2009,122,"Weapon",2,2,1,0,1,0,0,1,0,0,2
"13509","Male","Hispanic",2009,122,"Weapon",5,5,2,0,0,0,0,1,0,0,5
"13510","Male","White",2009,122,"Weapon",7,7,5,0,3,0,0,6,0,0,7
"13511","Female","Black",2010,122,"Weapon",1,1,1,0,1,0,0,1,0,0,1
"13512","Male","Black",2010,122,"Weapon",2,2,1,0,0,0,0,2,0,0,2
"13513","Male","Hispanic",2010,122,"Weapon",1,1,1,0,0,0,0,0,0,0,1
"13514","Male","White",2010,122,"Weapon",5,5,3,0,1,0,0,3,0,0,5
"13515","Male","Hispanic",2006,123,"Weapon",1,1,1,0,0,0,0,0,0,0,1
"13516","Male","White",2006,123,"Weapon",9,9,8,0,4,0,0,4,0,0,9
"13517","Male","Asian",2007,123,"Weapon",3,3,0,0,0,0,0,0,0,0,3
"13518","Male","Black",2007,123,"Weapon",1,1,1,0,0,0,0,0,0,0,1
"13519","Male","White",2007,123,"Weapon",7,5,4,0,1,0,0,1,0,0,7
"13520","Male","Black",2008,123,"Weapon",2,2,2,0,2,0,0,1,0,0,2
"13521","Male","Hispanic",2008,123,"Weapon",2,1,2,0,1,0,0,1,0,0,2
"13522","Male","White",2008,123,"Weapon",11,10,9,0,4,0,0,5,0,0,11
"13523","Male","Hispanic",2009,123,"Weapon",2,2,2,0,0,0,0,0,0,0,2
"13524","Female","White",2009,123,"Weapon",1,1,1,0,1,0,0,1,0,0,1
"13525","Male","White",2009,123,"Weapon",20,19,13,0,2,0,0,4,0,0,20
"13526","Male","Other",2010,123,"Weapon",2,2,2,0,0,0,0,0,0,0,2
